Epoch	AverageEpRet	StdEpRet	MaxEpRet	MinEpRet	EpLen	TotalEnvInteracts	AverageQVals	StdQVals	MaxQVals	MinQVals	LossPi	LossQ	Time
1	-116.16499	9.174999	-106.99	-125.34	1000.0	1999	-0.79656565	0.23856635	1.0072445	-2.8396878	0.7929628	0.017541783	57.36934161186218
2	-94.32	5.6399994	-88.68	-99.96	1000.0	3999	-1.5434446	0.33861357	-0.7805488	-2.608434	1.543382	0.00027570827	125.1630711555481
3	-106.055	4.154999	-101.9	-110.21	1000.0	5999	-2.4282458	0.32861298	-1.71093	-3.3856733	2.4282675	0.0005515087	177.25506973266602
4	-85.485	15.264999	-70.22	-100.75	1000.0	7999	-3.1723032	0.35042486	-2.4392715	-4.293749	3.17275	0.00042456805	231.26719498634338
5	-116.945	12.025002	-104.92	-128.97	1000.0	9999	-3.8887594	0.5020663	-2.8680995	-5.2087784	3.8892376	0.00092621386	309.66781067848206
6	-139.11	24.73	-114.38	-163.84	1000.0	11999	-4.5735836	0.5931308	-3.2517607	-5.9908934	4.574167	0.00085118413	375.4504659175873
7	-60.4	43.449997	-16.95	-103.85	616.5	13999	-5.224054	0.70119053	-3.5458112	-6.7789173	5.224169	0.002201688	535.5505163669586
8	-84.21	40.94153	-26.32	-114.09	780.0	15999	-5.7870517	0.8045075	-3.789176	-8.061703	5.7869477	0.002701428	617.0984618663788
9	-90.97333	50.35581	-20.06	-132.09	758.3333	17999	-6.302582	0.95327103	-4.0566835	-9.035497	6.3025703	0.0034320545	838.0743741989136
10	-83.94	68.310005	-15.63	-152.25	633.5	19999	-6.7784996	1.1255112	-4.0587287	-11.034452	6.778081	0.005321143	1073.2731173038483
11	-166.035	22.885002	-143.15	-188.92	1000.0	21999	-7.351029	1.430328	-3.6734846	-12.109276	7.3521028	0.0048466385	1169.7005088329315
12	-142.715	8.294998	-134.42	-151.01	1000.0	23999	-7.757989	1.577281	-3.4959967	-13.023532	7.759449	0.004333202	1269.0441343784332
13	-161.82	12.939995	-148.88	-174.76	1000.0	25999	-8.254384	1.721028	-2.8500562	-13.523429	8.24923	0.00463121	1370.8446350097656
14	-110.875	80.27383	-24.79	-207.37	702.75	27999	-8.68139	1.9050553	-3.0241966	-14.815791	8.680945	0.006491944	1982.2625312805176
15	-164.32	10.870003	-153.45	-175.19	1000.0	29999	-9.120743	2.1925302	-3.2275815	-15.789134	9.123368	0.006200747	3063.5403366088867
16	-81.85	6.75	-75.1	-88.6	881.5	31999	-9.493495	2.414386	-3.4053323	-16.67125	9.49701	0.009433884	4951.417987346649
17	-85.255	56.085	-29.17	-141.34	679.5	33999	-9.732555	2.6142287	-3.5674298	-18.71012	9.736237	0.012631012	5095.634956598282
18	-102.496666	78.420074	-24.13	-209.64	727.6667	35999	-10.097857	2.95586	-3.7243905	-19.796526	10.09994	0.011712696	6236.577478885651
19	-174.33	40.0	-134.33	-214.33	1000.0	37999	-10.393527	3.1591086	-3.7349432	-20.402508	10.397104	0.009252999	6338.6972761154175
20	-162.20001	1.0400009	-161.16	-163.24	1000.0	39999	-10.815131	3.3130622	-3.6789913	-20.945112	10.819209	0.010791815	6431.146929979324
21	-159.425	6.8150024	-152.61	-166.24	1000.0	41999	-11.16305	3.4053323	-3.397366	-21.452362	11.1678295	0.009950396	6535.554208755493
22	-193.38	0.5999985	-192.78	-193.98	1000.0	43999	-11.526524	3.5371387	-3.5229466	-21.975355	11.531592	0.0099292435	7360.882820367813
23	-124.61	50.309998	-74.3	-174.92	912.5	45999	-11.754754	3.6564174	-3.4969404	-22.329596	11.760265	0.0086398255	7809.7443151474
24	-86.3475	58.222794	-29.81	-165.89	658.75	47999	-11.9532385	3.7437162	-3.5227811	-22.740372	11.957539	0.010468848	8406.960088729858
25	-191.59	38.559998	-153.03	-230.15	1000.0	49999	-12.270532	3.92938	-3.5346336	-23.225004	12.276615	0.013258451	8646.155361652374
26	-91.583336	87.92358	-27.69	-215.91	588.6667	51999	-12.492558	4.127606	-3.6352801	-24.068258	12.498693	0.013872205	9063.241248607635
27	-176.855	35.515	-141.34	-212.37	1000.0	53999	-12.786866	4.2827873	-3.619394	-24.472406	12.7922	0.016829815	9139.356747627258
28	-139.04	72.758606	-38.32	-207.63	812.3333	55999	-13.089169	4.4391646	-3.4907372	-24.77275	13.094004	0.01350548	9411.989913702011
29	-196.35	8.519997	-187.83	-204.87	1000.0	57999	-13.358408	4.550756	-3.4646413	-25.074991	13.362823	0.010261042	9485.397253036499
30	-49.22333	27.829033	-28.24	-88.55	534.0	59999	-13.485091	4.7347383	-3.223618	-25.28139	13.490543	0.015917454	10761.201480865479
31	-178.33	27.589996	-150.74	-205.92	1000.0	61999	-13.594485	4.8184295	-3.163214	-25.6106	13.599498	0.012629063	11862.242659568787
32	-217.555	13.075005	-204.48	-230.63	1000.0	63999	-13.901241	4.924645	-3.1943836	-25.790459	13.906902	0.015023708	11957.595174074173
33	-225.325	4.6049957	-220.72	-229.93	1000.0	65999	-14.251597	5.1262693	-2.890084	-26.438692	14.2583275	0.014363779	12030.817070007324
34	-181.54501	51.195	-130.35	-232.74	1000.0	67999	-14.519271	5.256016	-2.8658688	-26.659012	14.525719	0.013790737	12404.431434631348
35	-137.67	74.08922	-32.97	-193.52	812.0	69999	-14.70982	5.2735443	-2.6671257	-26.817019	14.7166195	0.015868403	12867.679197072983
36	-167.465	42.005	-125.46	-209.47	1000.0	71999	-14.823736	5.3190484	-2.7589414	-26.841732	14.830756	0.011952572	13241.56681060791
37	-149.48499	2.9449997	-146.54	-152.43	1000.0	73999	-14.956229	5.3406577	-2.6917448	-27.23748	14.962969	0.014352829	13316.775614500046
38	-186.09	3.4000015	-182.69	-189.49	1000.0	75999	-15.079915	5.3200006	-2.5076253	-27.24888	15.086563	0.012085278	13392.455574274063
39	-93.895004	61.015	-32.88	-154.91	654.0	77999	-15.234088	5.339863	-2.3551836	-27.256392	15.239599	0.012848917	13649.893100261688
40	-187.03	3.540001	-183.49	-190.57	1000.0	79999	-15.342908	5.3520436	-2.0780797	-27.442207	15.348699	0.012183633	13725.14537525177
41	-227.47	9.790001	-217.68	-237.26	1000.0	81999	-15.547269	5.436494	-2.2554681	-27.808048	15.552395	0.011314208	13801.50660610199
42	-164.475	7.5049973	-156.97	-171.98	1000.0	83999	-15.675942	5.4588275	-2.1481192	-27.875137	15.681323	0.013820343	13877.53582906723
43	-201.63501	29.724998	-171.91	-231.36	1000.0	85999	-15.827025	5.517021	-2.1379795	-27.981894	15.831562	0.01277196	13967.103456735611
44	-162.48001	36.010002	-126.47	-198.49	1000.0	87999	-15.90984	5.529664	-1.8356285	-28.256014	15.9147625	0.011606105	14342.137667179108
45	-129.64667	53.501316	-54.53	-175.06	894.3333	89999	-15.9587	5.5317855	-1.9821082	-28.072493	15.963747	0.009220747	15020.541590690613
46	-179.36	1.2700043	-178.09	-180.63	1000.0	91999	-15.962893	5.54293	-1.8445061	-28.234097	15.967115	0.012515957	15096.030970573425
47	-120.975	42.665	-78.31	-163.64	949.5	93999	-15.982916	5.566755	-1.8223622	-28.338053	15.988008	0.015070537	15963.767956972122
48	-198.575	22.895004	-175.68	-221.47	1000.0	95999	-16.019981	5.5665736	-1.7203344	-28.303576	16.023317	0.009973326	16058.698527812958
49	-129.03	95.259995	-33.77	-224.29	720.0	97999	-16.121643	5.636785	-1.4717276	-28.481094	16.12537	0.009384357	16384.32581114769
50	-69.52	43.422283	-31.4	-141.65	664.0	99999	-16.111168	5.6668844	-1.5362122	-28.377413	16.114668	0.010332495	17837.751267433167
51	-154.61499	21.034996	-133.58	-175.65	1000.0	101999	-16.020061	5.713398	-1.439832	-28.468103	16.023556	0.010551273	18154.195078134537
52	-191.265	7.6349945	-183.63	-198.9	1000.0	103999	-16.075863	5.6934285	-1.5723087	-28.597372	16.079771	0.010998495	18232.42445063591
53	-171.55	26.339996	-145.21	-197.89	1000.0	105999	-16.118658	5.6886687	-1.4569274	-28.507437	16.122879	0.011867421	18306.563558101654
54	-174.75	1.2400055	-173.51	-175.99	1000.0	107999	-16.183636	5.667101	-1.464886	-28.649088	16.188002	0.013880919	18384.73840022087
55	-158.69	6.369995	-152.32	-165.06	1000.0	109999	-16.212206	5.6386585	-1.6384954	-28.582804	16.216661	0.012325349	19467.489671707153
56	-90.293335	82.26427	-30.15	-206.61	590.6667	111999	-16.20752	5.6288486	-1.8085654	-28.560673	16.211786	0.010092377	20201.461133003235
57	-138.84999	76.329994	-62.52	-215.18	889.5	113999	-16.257307	5.6812034	-1.8485546	-28.679676	16.261604	0.01441616	21003.065776109695
58	-127.149994	68.873055	-29.8	-178.56	765.6667	115999	-16.253016	5.688124	-1.5070555	-28.577919	16.257135	0.013967369	21334.569588899612
59	-175.325	37.095	-138.23	-212.42	1000.0	117999	-16.273914	5.655968	-1.5654621	-28.619474	16.278429	0.012494415	21527.82288122177
60	-96.965004	70.725	-26.24	-167.69	680.0	119999	-16.27479	5.69402	-1.2523885	-28.610779	16.278336	0.014801361	21774.846908330917
61	-204.155	17.415	-186.74	-221.57	1000.0	121999	-16.3708	5.690521	-1.3354881	-28.61513	16.374834	0.010429218	21880.19512963295
62	-74.0725	66.671394	-34.26	-189.54	573.25	123999	-16.339008	5.7783265	-1.2427477	-28.61917	16.343462	0.012752823	22899.807976961136
63	-181.835	36.735	-145.1	-218.57	1000.0	125999	-16.364199	5.806098	-1.347356	-28.567171	16.368082	0.0109661175	23382.411817789078
64	-150.41501	59.605003	-90.81	-210.02	1000.0	127999	-16.34707	5.8347034	-1.5148007	-28.653467	16.351313	0.013026405	24456.994404792786
65	-138.5	15.240002	-123.26	-153.74	1000.0	129999	-16.321514	5.8152404	-1.5239599	-28.685596	16.3256	0.013182902	25387.421921253204
66	-129.36	70.70594	-32.35	-198.86	793.3333	131999	-16.332367	5.794628	-1.6809453	-28.628012	16.336447	0.012947313	25787.942939281464
67	-156.25	11.880005	-144.37	-168.13	1000.0	133999	-16.330465	5.7858915	-1.906057	-28.779394	16.334738	0.0126196	25883.912257909775
68	-189.755	7.8150024	-181.94	-197.57	1000.0	135999	-16.374273	5.7735553	-1.7059053	-28.603752	16.37931	0.013021908	25960.755926847458
69	-155.17668	101.23629	-12.01	-227.57	720.6667	137999	-16.519444	5.7883615	-1.7469497	-28.517982	16.523504	0.009840719	26101.056470155716
70	-148.495	14.974998	-133.52	-163.47	1000.0	139999	-16.539835	5.7863846	-1.829672	-28.533308	16.54421	0.011648882	26179.169085502625
71	-166.27	29.580002	-136.69	-195.85	1000.0	141999	-16.516523	5.7675624	-2.1736808	-28.548044	16.520565	0.013473126	26285.938967466354
72	-179.11499	29.385002	-149.73	-208.5	1000.0	143999	-16.564161	5.764013	-2.187026	-28.554848	16.568127	0.011976286	26387.96479034424
73	-72.50667	71.56751	-14.71	-173.36	502.33334	145999	-16.587914	5.746182	-2.432427	-28.724342	16.592257	0.0133231	26775.062524795532
74	-170.725	48.625004	-122.1	-219.35	1000.0	147999	-16.582983	5.7553296	-2.1324425	-28.522305	16.586706	0.013110586	27691.86259484291
75	-133.11	67.76	-65.35	-200.87	883.0	149999	-16.596289	5.762439	-2.4362466	-28.539072	16.599691	0.009246305	28036.00255060196
76	-196.185	19.044998	-177.14	-215.23	1000.0	151999	-16.62861	5.7590823	-2.1516583	-28.590921	16.632895	0.014383282	28113.601474046707
77	-210.005	8.264999	-201.74	-218.27	1000.0	153999	-16.68546	5.7596335	-2.4504662	-28.604168	16.689234	0.012675519	28207.63515305519
78	-201.04001	19.379997	-181.66	-220.42	1000.0	155999	-16.734587	5.7946787	-2.3350585	-28.74161	16.738409	0.015322357	28308.429883241653
79	-132.83	84.485916	-14.6	-206.88	741.3333	157999	-16.827557	5.7670627	-2.2665176	-28.554737	16.831219	0.011883726	28579.493793725967
80	-175.49	51.140003	-124.35	-226.63	1000.0	159999	-16.8314	5.7948194	-2.251458	-28.4439	16.834925	0.013438494	29148.78816151619
81	-158.87	5.9500046	-152.92	-164.82	1000.0	161999	-16.835535	5.772423	-2.6362424	-28.506065	16.838312	0.010770326	30190.08593392372
82	-207.175	18.315002	-188.86	-225.49	1000.0	163999	-16.885365	5.742919	-2.5919473	-28.619333	16.888668	0.013357872	30283.500504493713
83	-110.28	54.737698	-33.23	-155.27	791.3333	165999	-16.874506	5.751194	-2.6764977	-28.498306	16.877605	0.012319506	30654.390740394592
84	-124.525	39.275	-85.25	-163.8	1000.0	167999	-16.821928	5.7665496	-2.7475638	-28.48805	16.825447	0.013066929	31549.79243373871
85	-89.485	56.675	-32.81	-146.16	651.5	169999	-16.804226	5.7488956	-2.9515393	-28.49541	16.807468	0.013328139	31792.917661190033
86	-112.386665	73.009285	-9.16	-165.93	714.3333	171999	-16.777962	5.7362957	-3.0784597	-28.490797	16.781843	0.0130866375	31919.2007291317
87	-161.495	8.805	-152.69	-170.3	1000.0	173999	-16.772362	5.7117662	-2.7711446	-28.548723	16.775808	0.013368485	31958.15448665619
88	-147.30667	81.31357	-34.04	-221.14	796.6667	175999	-16.83024	5.712699	-2.9450507	-28.479069	16.83348	0.0109246485	32605.72096467018
89	-105.725	82.165	-23.56	-187.89	678.0	177999	-16.809696	5.728409	-2.8438811	-28.493267	16.813011	0.016868802	32671.868644475937
90	-179.01	54.91	-124.1	-233.92	1000.0	179999	-16.856625	5.73534	-3.1079125	-28.622461	16.85963	0.011390982	33072.220393419266
91	-175.535	21.605003	-153.93	-197.14	1000.0	181999	-16.847713	5.7193904	-2.974365	-28.622398	16.850586	0.01746788	33113.946816921234
92	-64.310005	47.842438	-34.82	-147.11	588.75	183999	-16.79254	5.737464	-2.9728045	-28.634233	16.79528	0.019907951	34063.49724149704
93	-202.87	11.450005	-191.42	-214.32	1000.0	185999	-16.787271	5.762938	-2.903698	-28.498375	16.78995	0.011977341	34117.59137439728
94	-164.635	5.904999	-158.73	-170.54	1000.0	187999	-16.795925	5.7586174	-2.8545852	-28.664846	16.798456	0.012855509	35076.51690387726
95	-119.07334	79.10197	-16.24	-208.63	752.3333	189999	-16.779531	5.7414136	-2.9724793	-28.522127	16.782347	0.013934491	35562.40710759163
96	-137.975	64.76501	-73.21	-202.74	945.5	191999	-16.784784	5.7521434	-3.016077	-28.732952	16.787445	0.014473731	36329.55331611633
97	-135.55	5.8600006	-129.69	-141.41	1000.0	193999	-16.737522	5.7584553	-3.0421653	-28.669237	16.740316	0.015633367	36591.81233000755
98	-153.43666	94.14511	-23.65	-244.05	786.3333	195999	-16.76753	5.757993	-3.1033754	-28.983425	16.770407	0.014343154	36881.61667346954
99	-163.87	13.580002	-150.29	-177.45	1000.0	197999	-16.787878	5.7983556	-3.006608	-29.074892	16.790878	0.018255806	36970.83211541176
100	-89.479996	74.85999	-14.62	-164.34	616.0	199999	-16.784706	5.785594	-2.7209418	-29.086637	16.787214	0.015794067	37143.68594074249
101	-217.155	23.255005	-193.9	-240.41	1000.0	201999	-16.79904	5.790723	-2.5050187	-29.069477	16.80154	0.012468816	37182.682024002075
102	-189.795	21.565002	-168.23	-211.36	1000.0	203999	-16.852083	5.8005166	-2.6428952	-29.090483	16.85488	0.0132423015	37224.98205757141
103	-183.16	15.029999	-168.13	-198.19	1000.0	205999	-16.868322	5.773027	-2.7726758	-29.18824	16.871305	0.017081818	37265.623227119446
104	-208.20001	13.620003	-194.58	-221.82	1000.0	207999	-16.919212	5.770332	-2.9509935	-29.168142	16.92187	0.014694662	37317.97387480736
105	-109.2375	91.12312	-10.25	-228.82	639.25	209999	-16.946426	5.7805934	-2.6513078	-29.055376	16.949366	0.01474409	37828.65353536606
106	-63.579998	54.431618	-26.74	-157.29	550.5	211999	-16.878366	5.817677	-2.609448	-29.118124	16.881157	0.014857122	38499.051802396774
107	-123.475	31.534996	-91.94	-155.01	1000.0	213999	-16.851517	5.8223305	-2.7926946	-29.032513	16.854124	0.01268838	40398.40619182587
108	-129.245	37.655	-91.59	-166.9	1000.0	215999	-16.851768	5.834198	-2.628263	-29.01442	16.854387	0.012618193	41305.22509455681
109	-187.995	17.015	-170.98	-205.01	1000.0	217999	-16.818468	5.826266	-2.8172956	-29.13917	16.821186	0.015876366	41373.65691494942
110	-37.805	13.472254	-26.67	-60.55	397.5	219999	-16.779236	5.839699	-2.7260342	-29.036991	16.781836	0.01843206	42622.83664011955
111	-184.95	12.339996	-172.61	-197.29	1000.0	221999	-16.797857	5.8428698	-2.5667584	-29.12022	16.800217	0.016568813	42662.52429008484
112	-160.21667	80.95088	-45.86	-222.03	838.3333	223999	-16.800325	5.851967	-2.7158675	-28.997402	16.803015	0.0104333935	43123.99389505386
113	-114.104996	30.005001	-84.1	-144.11	1000.0	225999	-16.782913	5.8926563	-2.7486663	-29.076767	16.78586	0.015587314	43994.034484386444
114	-108.735	79.065	-29.67	-187.8	706.0	227999	-16.765196	5.8649597	-2.8212705	-29.073694	16.76758	0.013784614	44293.11827540398
115	-137.04001	4.8700027	-132.17	-141.91	1000.0	229999	-16.726837	5.8526506	-2.6142738	-29.048893	16.729317	0.012609453	44827.69358205795
116	-147.0	44.47	-102.53	-191.47	1000.0	231999	-16.727413	5.873811	-2.5389025	-29.122377	16.729828	0.018897336	45318.84958744049
117	-187.70001	9.959999	-177.74	-197.66	1000.0	233999	-16.743738	5.8689265	-2.80359	-29.33603	16.746267	0.013107498	45359.04351258278
118	-217.35	12.989998	-204.36	-230.34	1000.0	235999	-16.78289	5.852634	-2.8395298	-29.102911	16.78611	0.013820215	45398.63214659691
119	-207.95999	9.829994	-198.13	-217.79	1000.0	237999	-16.850348	5.8598547	-2.8079445	-29.203999	16.853193	0.013746551	45441.30708813667
120	-137.04666	88.52198	-14.24	-219.5	742.0	239999	-16.855827	5.856492	-2.8033922	-29.159248	16.858511	0.012890044	45626.70078206062
121	-121.425	45.745	-75.68	-167.17	921.0	241999	-16.884287	5.871589	-2.9030375	-29.0955	16.887241	0.014789974	46358.18539071083
122	-122.659996	78.282166	-28.33	-220.01	785.0	243999	-16.829197	5.894352	-2.7355993	-29.11426	16.831734	0.017092805	46896.18345069885
123	-105.916664	87.66684	-16.8	-225.12	701.0	245999	-16.853043	5.9067264	-2.9512906	-29.21327	16.855804	0.014565069	47777.218983888626
124	-69.950005	50.998833	-30.93	-141.99	578.3333	247999	-16.812508	5.9375086	-2.9272206	-29.111094	16.815144	0.015437585	48164.94642472267
125	-214.785	5.294998	-209.49	-220.08	1000.0	249999	-16.81048	5.934656	-2.8843398	-29.210571	16.813162	0.013965015	48209.00115394592
126	-203.265	4.225006	-199.04	-207.49	1000.0	251999	-16.851637	5.9533668	-2.9307709	-29.35094	16.854172	0.013037258	48262.000390291214
127	-127.854996	54.115	-73.74	-181.97	963.0	253999	-16.883842	5.9485908	-2.954667	-29.19976	16.886383	0.014584419	49083.02671790123
128	-137.95	75.90065	-33.93	-212.9	795.6667	255999	-16.850063	5.9650435	-2.9083498	-29.368204	16.852688	0.014410015	49408.91982650757
129	-91.263336	92.60369	-21.3	-222.12	539.6667	257999	-16.856768	5.9844437	-2.8361545	-29.235067	16.859364	0.01301174	49845.92278456688
130	-171.275	10.275002	-161.0	-181.55	1000.0	259999	-16.884762	5.9775653	-2.7947857	-29.160604	16.887472	0.016568275	49885.79823422432
131	-149.915	2.0149994	-147.9	-151.93	1000.0	261999	-16.884602	5.954011	-2.6149442	-29.19705	16.886581	0.015440221	49926.076135635376
132	-170.63501	16.835	-153.8	-187.47	1000.0	263999	-16.85852	5.9370756	-2.5687673	-29.19756	16.860815	0.012070594	49983.46461343765
133	-147.84	22.650002	-125.19	-170.49	1000.0	265999	-16.887844	5.943082	-2.6527472	-29.214542	16.890461	0.01580493	50380.39908981323
134	-185.82	55.969994	-129.85	-241.79	1000.0	267999	-16.869848	5.929341	-2.5345628	-29.246855	16.872414	0.015533991	50840.69788789749
135	-100.69666	88.45103	-35.26	-225.74	597.6667	269999	-16.865353	5.9496193	-2.6195707	-29.215048	16.867659	0.015114584	51137.455213069916
136	-202.42	15.520004	-186.9	-217.94	1000.0	271999	-16.912117	5.9659605	-2.690965	-29.259304	16.914286	0.014970784	51176.9447722435
137	-214.76999	9.879997	-204.89	-224.65	1000.0	273999	-16.954584	5.9760447	-2.5030088	-29.284035	16.956636	0.014130405	51226.51448178291
138	-143.78	20.259998	-123.52	-164.04	1000.0	275999	-16.923635	5.958573	-2.7684803	-29.240168	16.926035	0.013909648	51559.55183458328
139	-184.615	27.375	-157.24	-211.99	1000.0	277999	-16.960613	5.943932	-2.8298223	-29.268753	16.962723	0.016733916	51598.791992902756
140	-119.583336	66.75197	-33.36	-195.98	767.3333	279999	-16.977032	5.951538	-2.4196491	-29.24757	16.97896	0.0154217025	52259.416596889496
141	-151.64499	75.195	-76.45	-226.84	1000.0	281999	-16.929577	5.9756184	-2.6732945	-29.541845	16.93114	0.014459764	53088.90145492554
142	-90.293335	48.84662	-32.33	-151.82	763.3333	283999	-16.897253	5.9783597	-2.6532211	-29.248148	16.899473	0.011856689	54173.558589696884
143	-106.615	77.215004	-29.4	-183.83	685.5	285999	-16.863274	5.995224	-2.456986	-29.246393	16.86525	0.014215388	55097.734526872635
144	-123.60999	62.69805	-35.78	-178.06	828.0	287999	-16.87131	5.9864902	-2.5726638	-29.258604	16.873354	0.015192411	55903.342693805695
145	-188.785	22.925003	-165.86	-211.71	1000.0	289999	-16.860485	5.9689684	-2.8732102	-29.302195	16.86269	0.01215847	55944.52552843094
146	-158.695	15.945	-142.75	-174.64	1000.0	291999	-16.88017	5.9734244	-3.01399	-29.394033	16.882545	0.011435542	56040.17858195305
147	-98.41333	93.792946	-30.95	-231.05	536.0	293999	-16.889582	5.970574	-2.819394	-29.19293	16.89158	0.0125774285	56430.86685395241
148	-177.3	18.589996	-158.71	-195.89	1000.0	295999	-16.908518	5.9656935	-2.6658502	-29.232008	16.91063	0.014661848	56490.65418481827
