Epoch	AverageEpRet	StdEpRet	MaxEpRet	MinEpRet	EpLen	TotalEnvInteracts	AverageQVals	StdQVals	MaxQVals	MinQVals	LossPi	LossQ	Time
1	-105.958496	14.474499	-91.484	-120.433	1000.0	1999	1.5749204	0.47280338	2.3493257	0.26192993	-1.5763495	0.0004045379	76.0803451538086
2	-83.722	1.4729996	-82.249	-85.195	1000.0	3999	0.64810365	0.4239502	1.5090526	-0.2505735	-0.64875716	6.6694505e-05	191.9345302581787
3	-100.675	5.0839996	-95.591	-105.759	1000.0	5999	-0.3620844	0.39524686	0.59639335	-1.2601446	0.36207336	8.042362e-05	272.8656132221222
4	-70.954	12.977999	-57.976	-83.932	1000.0	7999	-1.3152145	0.3849346	-0.26731735	-2.1723819	1.3150381	6.951946e-05	353.48112964630127
5	-104.802505	12.071499	-92.731	-116.874	1000.0	9999	-2.1165774	0.43100217	-1.0296836	-3.0684912	2.1165757	9.422426e-05	434.8733558654785
6	-142.81	48.714	-94.096	-191.524	1000.0	11999	-2.83804	0.49370882	-1.7078722	-4.105386	2.838042	0.000119403216	520.5622673034668
7	-168.48901	1.1409988	-167.348	-169.63	1000.0	13999	-3.4947987	0.607067	-2.266613	-6.0830636	3.4955688	0.00016319356	601.8273136615753
8	-148.04851	33.8035	-114.245	-181.852	1000.0	15999	-4.2145095	0.80032164	-2.6205184	-7.88472	4.216275	0.0002084615	683.242525100708
9	-86.175995	7.1870003	-78.989	-93.363	1000.0	17999	-5.0029087	1.1307663	-2.9114614	-9.545736	5.0040903	0.00031369014	764.9555623531342
10	-83.1995	13.053497	-70.146	-96.253	1000.0	19999	-5.580725	1.3522928	-3.20288	-11.0179825	5.581178	0.00041122435	849.8844983577728
11	-154.7265	6.930496	-147.796	-161.657	1000.0	21999	-6.1476893	1.611687	-3.4039927	-12.373227	6.147753	0.00041673132	931.7061927318573
12	-148.15	4.333	-143.817	-152.483	1000.0	23999	-6.7475314	1.8656341	-3.6256785	-13.602836	6.7481766	0.00047641344	1013.4413692951202
13	-135.5845	42.108498	-93.476	-177.693	1000.0	25999	-7.308589	2.0840194	-3.791972	-14.708208	7.3094325	0.00067268335	1096.9940204620361
14	-172.2475	3.4284973	-168.819	-175.676	1000.0	27999	-7.8217044	2.2954905	-3.8615923	-15.780444	7.8225894	0.00058955746	1180.3869576454163
15	-140.946	52.824	-88.122	-193.77	1000.0	29999	-8.315468	2.568976	-3.8233252	-16.678812	8.316352	0.0006212918	1264.9004685878754
16	-89.285	0.8579979	-88.427	-90.143	1000.0	31999	-8.699675	2.8802395	-3.0357084	-17.665281	8.700368	0.00062784116	1346.364026069641
17	-95.363	16.913002	-78.45	-112.276	1000.0	33999	-8.884105	3.1085343	-3.1322134	-18.482718	8.884915	0.0009051055	1427.6244580745697
18	-131.8675	33.687496	-98.18	-165.555	1000.0	35999	-9.243097	3.2543838	-3.3787074	-19.24153	9.243932	0.0006775502	1509.9895567893982
19	-130.8825	34.9925	-95.89	-165.875	1000.0	37999	-9.633227	3.3816404	-3.5478058	-19.939585	9.634152	0.00068132195	1595.9490807056427
20	-103.90399	34.05	-69.854	-137.954	1000.0	39999	-9.86036	3.4983199	-3.6316473	-20.4602	9.861384	0.0008694543	1676.9238138198853
21	-95.5775	7.7044983	-87.873	-103.282	1000.0	41999	-10.078297	3.6041307	-3.5571773	-20.984343	10.079256	0.0006897123	1758.790557384491
22	-128.8555	52.3145	-76.541	-181.17	1000.0	43999	-10.315478	3.7468698	-3.7273922	-21.548286	10.316571	0.0009216644	1841.422699213028
23	-168.222	5.001999	-163.22	-173.224	1000.0	45999	-10.585176	3.898981	-3.7439413	-21.920238	10.586386	0.00072808523	1923.081008195877
24	-131.877	40.905	-90.972	-172.782	1000.0	47999	-10.935705	4.076364	-3.6150355	-22.325403	10.936872	0.0008493611	2004.9425308704376
25	-112.097	19.281998	-92.815	-131.379	1000.0	49999	-11.097923	4.129791	-3.8082528	-22.697485	11.099125	0.0009410324	2087.5285863876343
26	-98.767	10.223	-88.544	-108.99	1000.0	51999	-11.24042	4.1843147	-3.8549268	-22.987423	11.241931	0.0008049174	2168.9863867759705
27	-122.9955	35.566498	-87.429	-158.562	1000.0	53999	-11.306611	4.230837	-3.9390302	-23.273163	11.307717	0.00086224545	2251.0135881900787
28	-126.8035	39.8045	-86.999	-166.608	1000.0	55999	-11.48091	4.2848344	-3.9691935	-23.533459	11.482113	0.0008919383	2333.4555299282074
29	-141.403	31.342	-110.061	-172.745	1000.0	57999	-11.628656	4.328675	-3.9896212	-23.834196	11.629941	0.0008201092	2421.659996986389
30	-168.92099	13.887001	-155.034	-182.808	1000.0	59999	-11.861235	4.394877	-3.9798849	-24.006931	11.8627205	0.0009722252	2504.5829150676727
31	-123.9405	43.250496	-80.69	-167.191	1000.0	61999	-12.053879	4.4920316	-4.001811	-24.27325	12.0552225	0.0007467883	2591.0335533618927
32	-139.8925	31.970505	-107.922	-171.863	1000.0	63999	-12.235822	4.546705	-4.0355296	-24.484753	12.237162	0.0008862442	2674.024688720703
33	-126.746	9.834	-116.912	-136.58	1000.0	65999	-12.303367	4.5435734	-4.0802517	-24.730398	12.3046875	0.00083648274	2755.692483186722
34	-99.774994	1.341999	-98.433	-101.117	1000.0	67999	-12.388453	4.5520496	-4.1280713	-24.79058	12.389711	0.0008618234	2837.2647576332092
35	-134.8445	23.9595	-110.885	-158.804	1000.0	69999	-12.46963	4.566342	-4.1778765	-24.966827	12.470383	0.00088819436	2919.6906526088715
36	-160.46951	4.031502	-156.438	-164.501	1000.0	71999	-12.572683	4.571633	-4.1818047	-25.088278	12.573291	0.00079029833	3005.641277074814
37	-88.199005	3.4090004	-84.79	-91.608	1000.0	73999	-12.652791	4.622504	-4.2047024	-25.252363	12.65355	0.00085547037	3087.2601261138916
38	-135.1255	47.9205	-87.205	-183.046	1000.0	75999	-12.669044	4.646669	-4.218726	-25.435486	12.670135	0.0009537296	3169.452807188034
39	-94.901	9.068001	-85.833	-103.969	1000.0	77999	-12.686139	4.6660204	-4.2938113	-25.47048	12.686963	0.00081690634	3251.9196832180023
40	-143.251	29.215	-114.036	-172.466	1000.0	79999	-12.697584	4.656992	-4.3243647	-25.646877	12.698756	0.000811924	3333.7247924804688
41	-134.8015	37.943497	-96.858	-172.745	1000.0	81999	-12.7863035	4.682001	-4.345746	-25.766417	12.787535	0.0007884598	3419.4239439964294
42	-72.7475	9.6385	-63.109	-82.386	1000.0	83999	-12.761385	4.733677	-3.9282672	-25.809734	12.762621	0.001017875	3501.7911026477814
43	-98.305	1.0960007	-97.209	-99.401	1000.0	85999	-12.6819315	4.7454996	-3.953791	-25.907625	12.682968	0.0006453717	3587.1693522930145
44	-148.007	25.606003	-122.401	-173.613	1000.0	87999	-12.707923	4.710484	-3.8471003	-26.035648	12.709022	0.00086243654	3669.583549976349
45	-85.9605	3.272499	-82.688	-89.233	1000.0	89999	-12.760686	4.7441106	-3.9631124	-26.103123	12.761866	0.0008475213	3751.5947391986847
46	-159.4805	8.970505	-150.51	-168.451	1000.0	91999	-12.764286	4.75661	-3.9795804	-26.182615	12.765358	0.00087894034	3833.7350590229034
47	-137.769	39.546	-98.223	-177.315	1000.0	93999	-12.830619	4.784155	-3.9858012	-26.24838	12.831621	0.0008287578	3921.935924768448
48	-117.119	5.488003	-111.631	-122.607	1000.0	95999	-12.889132	4.7941594	-3.96763	-26.254625	12.89001	0.0007088046	4004.1821999549866
49	-140.2675	43.5085	-96.759	-183.776	1000.0	97999	-12.888033	4.7803864	-4.006945	-26.331154	12.889	0.0007294101	4087.11358833313
50	-95.676	9.096001	-86.58	-104.772	1000.0	99999	-12.923914	4.7920923	-3.9835231	-26.456856	12.924799	0.0008631772	4171.633864879608
51	-115.9285	53.377502	-62.551	-169.306	1000.0	101999	-12.925766	4.808907	-3.943456	-26.422216	12.926574	0.000759137	4253.686122179031
52	-129.184	45.334003	-83.85	-174.518	1000.0	103999	-12.928457	4.839119	-3.903151	-26.46727	12.929477	0.0007433317	4338.906425476074
53	-111.464005	0.062999725	-111.401	-111.527	1000.0	105999	-12.922338	4.8240347	-3.952383	-26.479368	12.923178	0.00084034755	4422.064925432205
54	-112.298004	34.509003	-77.789	-146.807	1000.0	107999	-12.9273	4.8102226	-3.8722892	-26.499521	12.927977	0.00071855687	4504.607270240784
55	-161.8475	13.2985	-148.549	-175.146	1000.0	109999	-12.960156	4.8276963	-3.8234541	-26.582758	12.960756	0.00076593825	4587.134637594223
56	-159.639	6.3279953	-153.311	-165.967	1000.0	111999	-13.036585	4.841069	-3.85602	-26.53775	13.037164	0.0008323618	4668.904765844345
57	-144.01999	35.281	-108.739	-179.301	1000.0	113999	-13.122233	4.8593993	-3.8463843	-26.466211	13.122937	0.00068337575	4751.291569471359
58	-123.757996	44.399	-79.359	-168.157	1000.0	115999	-13.141812	4.8507047	-3.8181455	-26.5033	13.142283	0.00066756	4833.740931987762
59	-181.311	4.1709976	-177.14	-185.482	1000.0	117999	-13.172261	4.877373	-3.8500488	-26.552536	13.172959	0.00080341985	4917.699686050415
60	-144.791	46.263	-98.528	-191.054	1000.0	119999	-13.261983	4.942223	-3.752903	-26.579231	13.2625885	0.00070025976	4999.973461866379
61	-120.423004	31.814	-88.609	-152.237	1000.0	121999	-13.253094	4.933329	-3.8437912	-26.537104	13.253781	0.0007783469	5081.743285655975
62	-95.187	18.182003	-77.005	-113.369	1000.0	123999	-13.247392	4.938756	-3.8440115	-26.480347	13.247973	0.0006750743	5163.815990924835
63	-109.7825	0.60150146	-109.181	-110.384	1000.0	125999	-13.19578	4.9188805	-3.8328154	-26.53732	13.196586	0.00082484575	5254.615678548813
64	-131.32849	38.794502	-92.534	-170.123	1000.0	127999	-13.179434	4.9006286	-3.8263438	-26.503765	13.180224	0.0005830178	5337.407592535019
65	-117.257	38.377003	-78.88	-155.634	1000.0	129999	-13.232959	4.905898	-3.823938	-26.545479	13.233635	0.0006954042	5423.273762226105
66	-153.4115	2.984497	-150.427	-156.396	1000.0	131999	-13.21896	4.9009523	-3.8135266	-26.606491	13.219486	0.0006778686	5505.549163818359
67	-171.14401	4.583	-166.561	-175.727	1000.0	133999	-13.289201	4.912753	-3.7962859	-26.545532	13.289778	0.00075214443	5588.36199259758
68	-100.6615	19.9515	-80.71	-120.613	1000.0	135999	-13.314621	4.919017	-3.7851434	-26.503864	13.315236	0.0006562805	5671.521578788757
69	-140.075	33.154003	-106.921	-173.229	1000.0	137999	-13.311627	4.9015613	-3.8409605	-26.544535	13.3122835	0.0006257798	5753.938432216644
70	-166.344	10.530998	-155.813	-176.875	1000.0	139999	-13.33063	4.9056144	-3.8166242	-26.538582	13.331555	0.00070244505	5839.158134698868
71	-161.6495	10.724495	-150.925	-172.374	1000.0	141999	-13.40646	4.916226	-3.8436067	-26.536758	13.407203	0.00060613034	5921.380555152893
72	-129.022	10.806	-118.216	-139.828	1000.0	143999	-13.437267	4.906421	-3.8202384	-26.659399	13.438072	0.0006703664	6002.94296836853
73	-137.2135	30.882496	-106.331	-168.096	1000.0	145999	-13.456789	4.89893	-3.8392584	-26.561258	13.457482	0.0006739569	6086.231538295746
74	-88.76601	9.105	-79.661	-97.871	1000.0	147999	-13.416688	4.881676	-3.8669007	-26.479565	13.4173355	0.00059763924	6172.316830873489
75	-134.5015	40.555504	-93.946	-175.057	1000.0	149999	-13.401693	4.891491	-3.8539464	-26.574465	13.402228	0.000906449	6261.070401191711
76	-117.713	42.971004	-74.742	-160.684	1000.0	151999	-13.407442	4.9081526	-3.9206178	-26.498718	13.408099	0.000536813	6344.147037982941
77	-154.6195	13.907494	-140.712	-168.527	1000.0	153999	-13.437175	4.9143085	-3.8951335	-26.43963	13.437742	0.00061984564	6426.907860517502
78	-92.42	11.459999	-80.96	-103.88	1000.0	155999	-13.425458	4.903688	-3.8742237	-26.421173	13.426023	0.00063034694	6511.257032155991
79	-125.835495	52.545498	-73.29	-178.381	1000.0	157999	-13.379521	4.912544	-3.8735363	-26.380896	13.380058	0.0006539644	6595.1405420303345
80	-133.62851	50.626503	-83.002	-184.255	1000.0	159999	-13.399251	4.9366045	-3.9321432	-26.353544	13.3998785	0.00076590694	6678.680183649063
81	-138.245	40.650997	-97.594	-178.896	1000.0	161999	-13.4129715	4.939196	-3.975053	-26.376432	13.413504	0.0005471551	6761.590564489365
82	-130.00699	19.808998	-110.198	-149.816	1000.0	163999	-13.416995	4.944068	-3.8701253	-26.46651	13.417478	0.0006705494	6846.363120794296
83	-159.48749	12.009499	-147.478	-171.497	1000.0	165999	-13.478875	4.9389963	-4.0088243	-26.39332	13.479442	0.0005904266	6929.292402744293
84	-158.733	3.6029968	-155.13	-162.336	1000.0	167999	-13.506456	4.9478784	-4.005422	-26.382154	13.5070095	0.0006409511	7011.547748327255
85	-96.389496	7.5635033	-88.826	-103.953	1000.0	169999	-13.516189	4.9414206	-3.950662	-26.363205	13.5167675	0.0006967369	7095.938318014145
86	-168.96451	10.7855	-158.179	-179.75	1000.0	171999	-13.484635	4.9233522	-3.9456925	-26.28908	13.485135	0.00064394687	7179.265069723129
87	-142.4135	56.009502	-86.404	-198.423	1000.0	173999	-13.56403	4.962339	-3.9921083	-26.247599	13.5644865	0.0005191958	7262.406522989273
88	-78.1145	11.238499	-66.876	-89.353	1000.0	175999	-13.528507	4.9844975	-3.880622	-26.225227	13.529021	0.0006740643	7346.585381031036
89	-175.604	9.5510025	-166.053	-185.155	1000.0	177999	-13.526081	4.9886723	-3.9687285	-26.247053	13.526504	0.0005829574	7433.240266084671
90	-137.7295	58.5555	-79.174	-196.285	1000.0	179999	-13.578699	5.0269675	-3.8513477	-26.202654	13.579135	0.00056926545	7517.560494184494
91	-82.7815	4.258499	-78.523	-87.04	1000.0	181999	-13.54828	5.0339828	-3.9154148	-26.26953	13.548784	0.0006928024	7600.836309432983
92	-112.601	26.189999	-86.411	-138.791	1000.0	183999	-13.505669	5.0310483	-3.9410512	-26.172781	13.506247	0.0005829954	7683.988917589188
93	-91.8385	6.2454987	-85.593	-98.084	1000.0	185999	-13.479728	5.032169	-3.9222834	-26.209896	13.480061	0.0006614104	7767.282454490662
94	-119.968	8.019001	-111.949	-127.987	1000.0	187999	-13.453601	5.0188174	-3.8828282	-26.132519	13.454043	0.0005487077	7850.803789138794
95	-161.3185	10.499496	-150.819	-171.818	1000.0	189999	-13.459435	4.9997625	-3.8722124	-26.23229	13.459686	0.000594953	7933.8944392204285
96	-156.97449	16.134499	-140.84	-173.109	1000.0	191999	-13.52346	5.009053	-3.878897	-26.355434	13.523834	0.0006390603	8017.207807540894
97	-113.457504	3.2644997	-110.193	-116.722	1000.0	193999	-13.510163	4.9890003	-3.8444998	-26.236063	13.510481	0.00066171144	8100.66779088974
98	-154.244	4.326996	-149.917	-158.571	1000.0	195999	-13.502952	4.96029	-3.855846	-26.198498	13.503294	0.00050234597	8183.380987644196
99	-131.811	30.348	-101.463	-162.159	1000.0	197999	-13.548051	4.975454	-3.8145146	-26.292469	13.548498	0.0007720103	8266.315408706665
100	-120.809494	43.2095	-77.6	-164.019	1000.0	199999	-13.545884	4.96455	-3.859253	-26.232594	13.546553	0.00056279916	8348.61871767044
101	-82.501	6.481003	-76.02	-88.982	1000.0	201999	-13.520011	4.976167	-3.8479095	-26.193914	13.520606	0.0006151087	8431.937881469727
102	-94.529495	11.5285	-83.001	-106.058	1000.0	203999	-13.487842	4.979309	-3.867913	-26.232756	13.488365	0.00054797187	8514.783701896667
103	-96.14	5.9589996	-90.181	-102.099	1000.0	205999	-13.433896	4.9635925	-3.8885267	-26.257511	13.434459	0.0006319081	8597.882328271866
104	-80.9105	8.663498	-72.247	-89.574	1000.0	207999	-13.41215	4.9736204	-3.9057734	-26.159737	13.412868	0.00055562536	8682.280705928802
105	-177.8275	18.588501	-159.239	-196.416	1000.0	209999	-13.40246	4.9644117	-3.8936577	-26.119444	13.403107	0.00059465517	8765.679033994675
106	-86.19	4.3689995	-81.821	-90.559	1000.0	211999	-13.428965	4.9836473	-3.9256732	-26.148464	13.429541	0.00055762276	8848.274936199188
107	-168.883	20.904999	-147.978	-189.788	1000.0	213999	-13.419638	4.983351	-3.9437678	-26.138763	13.420293	0.0006560036	8932.837334632874
108	-157.588	8.470001	-149.118	-166.058	1000.0	215999	-13.461301	4.994672	-3.9522312	-26.14117	13.462008	0.0005298718	9015.503356695175
109	-97.7185	9.100502	-88.618	-106.819	1000.0	217999	-13.47069	4.98583	-3.9465604	-26.26797	13.471365	0.0005589706	9098.069689035416
110	-168.8795	25.212494	-143.667	-194.092	1000.0	219999	-13.475815	4.9894967	-3.9572384	-26.153088	13.476498	0.000661685	9180.231710910797
111	-119.963	34.225998	-85.737	-154.189	1000.0	221999	-13.490467	5.007141	-3.9301727	-26.171541	13.490996	0.0004785189	9263.492312669754
112	-113.147	32.813004	-80.334	-145.96	1000.0	223999	-13.474249	5.0050364	-3.9311821	-26.151283	13.474787	0.00061872986	9349.381581306458
113	-134.273	54.494	-79.779	-188.767	1000.0	225999	-13.476298	5.007315	-3.9205818	-26.145842	13.476754	0.0005289082	9432.042795419693
114	-86.3165	3.2895012	-83.027	-89.606	1000.0	227999	-13.460506	5.0184083	-3.9245405	-26.20247	13.460938	0.00059583975	9515.036051273346
115	-134.7175	33.4575	-101.26	-168.175	1000.0	229999	-13.454405	5.0248866	-3.9636776	-26.218046	13.454968	0.0005187613	9597.967397928238
116	-128.235	37.364	-90.871	-165.599	1000.0	231999	-13.472612	5.0101924	-3.922518	-26.232986	13.473016	0.0005267865	9680.459584236145
117	-124.093	40.630005	-83.463	-164.723	1000.0	233999	-13.467024	5.014605	-3.9334059	-26.182623	13.467512	0.0005443299	9766.309662103653
118	-121.352005	32.440002	-88.912	-153.792	1000.0	235999	-13.471007	5.002474	-3.9438992	-26.227926	13.471447	0.00052065466	9849.539777755737
119	-131.1745	31.611496	-99.563	-162.786	1000.0	237999	-13.473719	4.9953504	-3.9347818	-26.20303	13.474212	0.0005119589	9932.715956926346
120	-176.69	6.904999	-169.785	-183.595	1000.0	239999	-13.494995	4.993958	-3.9556074	-26.221628	13.4954195	0.0005333873	10016.003052949905
121	-120.598495	36.1125	-84.486	-156.711	1000.0	241999	-13.503806	5.0011415	-3.9787905	-26.179895	13.504264	0.0005829823	10099.644223690033
122	-112.9575	29.9235	-83.034	-142.881	1000.0	243999	-13.530569	5.013767	-3.9694872	-26.234888	13.531059	0.0004813532	10182.710445642471
123	-126.028	39.339	-86.689	-165.367	1000.0	245999	-13.508597	5.0229425	-3.983234	-26.22551	13.508934	0.0005541026	10266.488493442535
124	-120.682495	42.6365	-78.046	-163.319	1000.0	247999	-13.479266	5.0083356	-4.0156255	-26.257662	13.479558	0.0006055959	10350.168050289154
125	-129.2285	36.5475	-92.681	-165.776	1000.0	249999	-13.486282	5.0103793	-3.985148	-26.162401	13.486726	0.0005153986	10433.193336963654
126	-122.936005	34.614002	-88.322	-157.55	1000.0	251999	-13.484428	5.012201	-4.013356	-26.173128	13.484929	0.0005422666	10516.26760673523
127	-105.164505	33.5295	-71.635	-138.694	1000.0	253999	-13.490533	5.019854	-3.9706943	-26.142174	13.490956	0.000497731	10599.351085186005
128	-103.418	9.986	-93.432	-113.404	1000.0	255999	-13.458789	4.9994183	-4.022667	-26.16337	13.459199	0.0005007721	10685.233451843262
129	-125.5445	42.1865	-83.358	-167.731	1000.0	257999	-13.45391	5.015567	-3.9719899	-26.16213	13.454441	0.0005500791	10768.27227306366
130	-128.78	23.537003	-105.243	-152.317	1000.0	259999	-13.442499	5.0006604	-4.013332	-26.18392	13.442908	0.00048173385	10851.248421907425
131	-121.9675	60.308502	-61.659	-182.276	1000.0	261999	-13.463504	5.005237	-3.6896143	-26.180527	13.4639845	0.0005415494	10934.273738622665
132	-156.12051	1.5055008	-154.615	-157.626	1000.0	263999	-13.457589	5.020119	-3.6479132	-26.185564	13.458094	0.0005224004	11018.048291683197
133	-128.8005	22.9455	-105.855	-151.746	1000.0	265999	-13.454439	5.0154805	-3.6720572	-26.19254	13.454935	0.00047606204	11100.775846719742
134	-141.72299	35.062996	-106.66	-176.786	1000.0	267999	-13.47513	5.004762	-3.6656942	-26.197493	13.475538	0.000546134	11186.592405319214
135	-142.963	44.461	-98.502	-187.424	1000.0	269999	-13.497229	5.0055847	-3.6327958	-26.142466	13.497559	0.0005538318	11269.946607351303
136	-126.881	52.434998	-74.446	-179.316	1000.0	271999	-13.52061	5.01934	-3.6732273	-26.193642	13.520888	0.000479302	11365.686417102814
137	-137.89401	29.859001	-108.035	-167.753	1000.0	273999	-13.50603	5.0248	-3.6772673	-26.185265	13.5063	0.00046874868	11448.455321073532
138	-138.58249	46.386497	-92.196	-184.969	1000.0	275999	-13.487187	5.027203	-3.6782544	-26.203571	13.48752	0.00052199065	11531.995442390442
139	-87.653	10.214996	-77.438	-97.868	1000.0	277999	-13.500673	5.0266204	-3.6802993	-26.209053	13.50086	0.00051209866	11615.922363996506
140	-84.484	2.288002	-82.196	-86.772	1000.0	279999	-13.465885	5.027375	-3.6379123	-26.179409	13.466203	0.0005156193	11698.935421943665
141	-139.21701	34.066	-105.151	-173.283	1000.0	281999	-13.447191	5.031741	-3.6744812	-26.248741	13.447541	0.0005316477	11789.165210723877
142	-108.606	35.392002	-73.214	-143.998	1000.0	283999	-13.456268	5.0252614	-3.6901433	-26.230883	13.456664	0.00049289374	11871.994640111923
143	-130.2925	41.540497	-88.752	-171.833	1000.0	285999	-13.434202	5.030534	-3.692468	-26.22365	13.434695	0.00054998643	11954.879782676697
144	-93.246	9.1570015	-84.089	-102.403	1000.0	287999	-13.4332	5.038281	-3.690634	-26.25403	13.4335785	0.000455351	12037.964865922928
145	-92.7605	1.9804993	-90.78	-94.741	1000.0	289999	-13.403419	5.0279546	-3.6709774	-26.258091	13.403807	0.00057522574	12121.526706457138
146	-133.33301	38.687	-94.646	-172.02	1000.0	291999	-13.38919	5.035354	-3.688106	-26.24093	13.389605	0.00051216054	12204.041904211044
147	-92.841	26.017002	-66.824	-118.858	1000.0	293999	-13.407495	5.025601	-3.6749134	-26.241623	13.407881	0.00048527357	12291.288444280624
148	-100.619	4.6290016	-95.99	-105.248	1000.0	295999	-13.379208	5.0395975	-3.6725397	-26.322329	13.379558	0.0005367638	12374.081300735474
149	-164.948	1.0250015	-163.923	-165.973	1000.0	297999	-13.369404	5.0266585	-3.6461093	-26.26138	13.369869	0.00044277048	12457.715023040771
150	-108.0815	0.6404991	-107.441	-108.722	1000.0	299999	-13.379412	5.0134563	-3.6475942	-26.306004	13.379772	0.00050348503	12542.883641004562
151	-160.90549	16.6735	-144.232	-177.579	1000.0	301999	-13.388677	5.026087	-3.6352146	-26.311975	13.389032	0.00052543066	12626.24546957016
152	-120.727005	32.312	-88.415	-153.039	1000.0	303999	-13.399243	5.022976	-3.5897195	-26.291702	13.3995905	0.00049209775	12714.247766494751
153	-96.2555	9.753502	-86.502	-106.009	1000.0	305999	-13.381554	5.0389514	-3.6177452	-26.300997	13.381908	0.0005082876	12796.864443302155
154	-140.116	42.953	-97.163	-183.069	1000.0	307999	-13.37644	5.023085	-3.5968158	-26.317793	13.376698	0.0005102034	12879.807659626007
155	-85.568	4.8099976	-80.758	-90.378	1000.0	309999	-13.370341	5.0259213	-3.6427102	-26.3517	13.37057	0.0005038589	12962.775819540024
156	-124.21451	31.954502	-92.26	-156.169	1000.0	311999	-13.359552	5.030327	-3.6146927	-26.342146	13.359823	0.00047822547	13045.859581947327
157	-125.60651	30.963505	-94.643	-156.57	1000.0	313999	-13.35694	5.026062	-3.6100564	-26.313902	13.357353	0.00048715863	13131.971133470535
158	-102.4645	8.678497	-93.786	-111.143	1000.0	315999	-13.344607	5.0102606	-3.6145926	-26.320665	13.344805	0.00048083864	13215.135927915573
159	-73.8735	0.68849945	-73.185	-74.562	1000.0	317999	-13.352682	5.020949	-3.5981488	-26.301584	13.352951	0.00045385744	13298.035232305527
160	-87.593506	2.0805016	-85.513	-89.674	1000.0	319999	-13.271462	5.0155015	-3.6089633	-26.303919	13.271857	0.0004694637	13384.809851884842
161	-166.9225	1.6744995	-165.248	-168.597	1000.0	321999	-13.310733	5.019992	-3.5888336	-26.311575	13.311026	0.00050055824	13467.547328233719
162	-130.5395	35.2625	-95.277	-165.802	1000.0	323999	-13.312191	5.0074964	-3.5336788	-26.292511	13.312514	0.00054028124	13550.452867031097
163	-188.0475	6.4835052	-181.564	-194.531	1000.0	325999	-13.323558	5.0223784	-3.5751312	-26.316568	13.323942	0.0004386168	13633.523339033127
164	-166.0315	14.8535	-151.178	-180.885	1000.0	327999	-13.385025	5.0459256	-3.590648	-26.334139	13.385256	0.00037546753	13717.406503915787
165	-172.3215	8.444504	-163.877	-180.766	1000.0	329999	-13.4129925	5.043752	-3.5673223	-26.317215	13.4133415	0.0004932041	13804.211185216904
166	-97.7375	12.683498	-85.054	-110.421	1000.0	331999	-13.407538	5.047143	-3.5892227	-26.325989	13.407924	0.0004918408	13889.699252843857
167	-87.5925	1.7355003	-85.857	-89.328	1000.0	333999	-13.377683	5.0372205	-3.5883932	-26.30378	13.378139	0.00042679798	13953.533605575562
168	-144.2105	45.590496	-98.62	-189.801	1000.0	335999	-13.3789015	5.0362835	-3.587136	-26.32516	13.379254	0.00043254875	14018.41419672966
169	-112.47	32.630005	-79.84	-145.1	1000.0	337999	-13.387334	5.040438	-3.5927143	-26.334726	13.387568	0.0004823747	14083.391142845154
170	-95.615005	5.3289986	-90.286	-100.944	1000.0	339999	-13.370792	5.0451055	-3.5930278	-26.350248	13.370993	0.00042562795	14148.936039447784
171	-106.1015	10.651501	-95.45	-116.753	1000.0	341999	-13.346537	5.0257607	-3.577682	-26.355957	13.346948	0.00048207564	14213.950618982315
172	-147.9345	1.6575012	-146.277	-149.592	1000.0	343999	-13.363463	5.029049	-3.6226661	-26.335499	13.363871	0.000502365	14279.487822055817
173	-134.2285	36.431503	-97.797	-170.66	1000.0	345999	-13.343766	5.022672	-3.6042144	-26.329134	13.344025	0.0003542567	14343.72338938713
174	-144.46649	43.072502	-101.394	-187.539	1000.0	347999	-13.358745	5.0304923	-3.565277	-26.342106	13.359032	0.00048608592	14408.877326965332
175	-82.658005	2.4969978	-80.161	-85.155	1000.0	349999	-13.367985	5.034191	-3.5811744	-26.369648	13.368297	0.00041324648	14474.14093375206
176	-169.84601	14.101006	-155.745	-183.947	1000.0	351999	-13.342538	5.0219536	-3.5830016	-26.446102	13.342851	0.00044424078	14538.038687705994
177	-137.6185	53.8075	-83.811	-191.426	1000.0	353999	-13.345705	5.0404124	-3.5834293	-26.379831	13.346092	0.00045496022	14601.214572429657
178	-130.438	49.084003	-81.354	-179.522	1000.0	355999	-13.401068	5.046118	-3.563129	-26.39429	13.401352	0.00045123522	14657.227399587631
179	-132.66751	20.986504	-111.681	-153.654	1000.0	357999	-13.396813	5.042913	-3.595043	-26.3142	13.397027	0.00049372297	14713.147081136703
180	-103.1225	10.765499	-92.357	-113.888	1000.0	359999	-13.372223	5.036387	-3.5682557	-26.379093	13.372514	0.000366953	14778.704056739807
181	-155.3185	12.8815	-142.437	-168.2	1000.0	361999	-13.368282	5.0430765	-3.559271	-26.369144	13.368637	0.0004569929	14841.482549190521
182	-95.6245	2.1945	-93.43	-97.819	1000.0	363999	-13.385629	5.0430923	-3.531019	-26.377743	13.385961	0.00047533	14906.135447978973
183	-97.6965	1.5665016	-96.13	-99.263	1000.0	365999	-13.358297	5.03535	-3.5693831	-26.356504	13.358579	0.00040422776	14969.475442171097
184	-98.583	17.498001	-81.085	-116.081	1000.0	367999	-13.365852	5.0311327	-3.569386	-26.351402	13.366062	0.0004951001	15030.708352327347
185	-94.56	5.087002	-89.473	-99.647	1000.0	369999	-13.31089	5.029122	-3.5549972	-26.372263	13.311214	0.0003641814	15095.405539035797
186	-129.403	45.365997	-84.037	-174.769	1000.0	371999	-13.336618	5.0230527	-3.5641963	-26.35926	13.336826	0.00045171558	15160.371135950089
187	-106.184006	10.824001	-95.36	-117.008	1000.0	373999	-13.347672	5.031352	-3.555847	-26.371353	13.347878	0.0005241628	15218.347349882126
188	-85.4	7.9970016	-77.403	-93.397	1000.0	375999	-13.292261	5.008176	-3.5710542	-26.377613	13.292578	0.0003463527	15278.727101325989
189	-94.2605	17.398499	-76.862	-111.659	1000.0	377999	-13.2920065	5.0121217	-3.561946	-26.394487	13.292298	0.0004104612	15341.221479654312
190	-86.737	10.634003	-76.103	-97.371	1000.0	379999	-13.2612915	5.005618	-3.5127647	-26.352007	13.261547	0.0004813475	15405.906599283218
191	-167.8895	0.60150146	-167.288	-168.491	1000.0	381999	-13.255591	5.0036554	-3.5408905	-26.294714	13.255725	0.0003907235	15471.183861017227
192	-133.2245	19.1465	-114.078	-152.371	1000.0	383999	-13.264347	5.013398	-3.547387	-26.352049	13.264636	0.00044131893	15535.622633457184
193	-143.905	32.449	-111.456	-176.354	1000.0	385999	-13.268308	5.011635	-3.53708	-26.34326	13.268632	0.00040227655	15599.984081745148
194	-109.7535	43.8265	-65.927	-153.58	1000.0	387999	-13.28042	5.0110555	-3.5407152	-26.356142	13.280638	0.00040497517	15665.433354854584
195	-108.507	17.054996	-91.452	-125.562	1000.0	389999	-13.280281	5.00723	-3.49156	-26.34341	13.280612	0.0004601244	15730.770351171494
196	-178.3435	6.623497	-171.72	-184.967	1000.0	391999	-13.282419	5.008501	-3.5060036	-26.359943	13.282666	0.00039693812	15796.009490966797
197	-131.235	50.411003	-80.824	-181.646	1000.0	393999	-13.307507	5.0155916	-3.5260077	-26.36785	13.307815	0.0006261286	15860.892153978348
198	-134.011	20.054996	-113.956	-154.066	1000.0	395999	-13.303271	5.0192437	-3.5428212	-26.3532	13.303506	0.00030925454	15923.503342628479
199	-125.160995	48.122997	-77.038	-173.284	1000.0	397999	-13.279392	5.016089	-3.4824905	-26.34906	13.279652	0.00041249866	15977.805949687958
200	-144.0035	55.407497	-88.596	-199.411	1000.0	399999	-13.302548	5.033955	-3.5317528	-26.345179	13.302848	0.00043204214	16040.481372594833
201	-117.4915	24.891499	-92.6	-142.383	1000.0	401999	-13.322908	5.0284305	-3.535604	-26.375992	13.32317	0.00042012476	16103.54299211502
202	-129.6205	37.106503	-92.514	-166.727	1000.0	403999	-13.309683	5.024534	-3.4807017	-26.394545	13.310024	0.0003974731	16166.074010848999
203	-165.695	10.137993	-155.557	-175.833	1000.0	405999	-13.319712	5.0258327	-3.517499	-26.366526	13.319992	0.0005681672	16230.927203655243
204	-167.41199	15.874001	-151.538	-183.286	1000.0	407999	-13.33612	5.0325713	-3.5296664	-26.380299	13.336338	0.00033475415	16295.717123508453
205	-113.455	16.381	-97.074	-129.836	1000.0	409999	-13.357404	5.0195193	-3.5268233	-26.39429	13.357763	0.00046761657	16360.55108833313
206	-171.01	16.475998	-154.534	-187.486	1000.0	411999	-13.367814	5.021549	-3.4636085	-26.368097	13.368117	0.00034765454	16425.152458429337
207	-143.2415	21.4025	-121.839	-164.644	1000.0	413999	-13.41006	5.037644	-3.4999056	-26.390568	13.410346	0.00038989718	16488.44075703621
208	-154.81299	2.5739975	-152.239	-157.387	1000.0	415999	-13.397559	5.021881	-3.464986	-26.387268	13.397742	0.00043623877	16552.877450704575
209	-99.867004	0.6870003	-99.18	-100.554	1000.0	417999	-13.38912	5.0153184	-3.4890783	-26.390163	13.389426	0.0004055313	16616.92833018303
210	-90.197	2.8050003	-87.392	-93.002	1000.0	419999	-13.378423	5.0345917	-3.4923062	-26.380402	13.3786745	0.00045208324	16682.716204881668
211	-182.65149	4.470497	-178.181	-187.122	1000.0	421999	-13.3801775	5.015361	-3.4935863	-26.380575	13.380555	0.0003633342	16747.054701805115
212	-172.655	9.681	-162.974	-182.336	1000.0	423999	-13.42358	5.035556	-3.4859889	-26.409569	13.423837	0.00049941684	16810.244902849197
213	-141.239	50.275005	-90.964	-191.514	1000.0	425999	-13.418402	5.0314364	-3.483143	-26.357477	13.41867	0.00037884945	16873.79007935524
214	-112.447495	43.700497	-68.747	-156.148	1000.0	427999	-13.428884	5.0578604	-3.4849124	-26.381842	13.429128	0.00040432208	16935.99111890793
215	-157.3825	2.4054947	-154.977	-159.788	1000.0	429999	-13.444935	5.0521545	-3.5133405	-26.399965	13.445217	0.00041278228	16999.494637727737
216	-133.9115	49.0365	-84.875	-182.948	1000.0	431999	-13.447776	5.05167	-3.4871614	-26.483095	13.447959	0.00041433182	17061.372424840927
217	-163.2945	7.543495	-155.751	-170.838	1000.0	433999	-13.45263	5.047816	-3.5215874	-26.44637	13.452935	0.00044527208	17125.26488828659
218	-142.241	53.486004	-88.755	-195.727	1000.0	435999	-13.463675	5.050392	-3.4859657	-27.076185	13.463957	0.00041405534	17189.118811130524
219	-113.51851	30.247501	-83.271	-143.766	1000.0	437999	-13.468316	5.0594783	-3.4639082	-27.073385	13.468687	0.0004530149	17252.48823094368
220	-157.20749	1.5934982	-155.614	-158.801	1000.0	439999	-13.458965	5.054033	-3.484159	-27.028429	13.459324	0.00037059464	17316.143142461777
221	-120.6485	25.627499	-95.021	-146.276	1000.0	441999	-13.472518	5.060679	-3.4588983	-27.018497	13.472812	0.00039573418	17381.105482578278
222	-189.82901	3.7750015	-186.054	-193.604	1000.0	443999	-13.50922	5.0673757	-3.486906	-27.012972	13.509463	0.0004006555	17442.04256939888
223	-167.435	19.563004	-147.872	-186.998	1000.0	445999	-13.499842	5.0686255	-3.4755952	-27.027319	13.500098	0.00041884297	17507.34893298149
224	-114.654	39.083	-75.571	-153.737	1000.0	447999	-13.531451	5.0772157	-3.4624085	-27.064102	13.531647	0.00037537902	17572.52492594719
225	-133.1005	22.0055	-111.095	-155.106	1000.0	449999	-13.537356	5.075894	-3.4906635	-27.040949	13.537678	0.00043079755	17637.406487464905
226	-167.6785	3.4925003	-164.186	-171.171	1000.0	451999	-13.52394	5.054378	-3.4510005	-27.04931	13.524243	0.00036492298	17702.97990489006
227	-130.3815	19.895496	-110.486	-150.277	1000.0	453999	-13.554093	5.0641017	-3.4830115	-27.075674	13.554292	0.00040757132	17768.4620718956
228	-137.607	29.639	-107.968	-167.246	1000.0	455999	-13.572158	5.0588217	-3.4865577	-27.027271	13.572512	0.00042980703	17831.970445632935
229	-107.1205	9.9575	-97.163	-117.078	1000.0	457999	-13.558188	5.0535097	-3.4844406	-27.07836	13.558527	0.00040871787	17896.71549797058
230	-130.9555	58.301502	-72.654	-189.257	1000.0	459999	-13.549185	5.061093	-3.478498	-27.053389	13.549539	0.0003976245	17961.328409910202
231	-165.795	4.0599976	-161.735	-169.855	1000.0	461999	-13.53715	5.051194	-3.4836514	-27.082378	13.537507	0.0003948232	18023.261095523834
232	-125.899	42.929	-82.97	-168.828	1000.0	463999	-13.597927	5.0690804	-3.4648454	-27.084883	13.598238	0.0004442816	18088.450753688812
233	-84.845	0.21299744	-84.632	-85.058	1000.0	465999	-13.550668	5.074538	-3.4682543	-27.113422	13.550969	0.00035000115	18152.1112408638
234	-167.2685	17.189499	-150.079	-184.458	1000.0	467999	-13.568151	5.0715237	-3.476175	-27.080322	13.568419	0.00041969295	18214.704646110535
235	-137.9955	58.2175	-79.778	-196.213	1000.0	469999	-13.583175	5.0717316	-3.4532125	-27.088665	13.583528	0.0004081328	18274.955512285233
236	-103.548	20.667	-82.881	-124.215	1000.0	471999	-13.572381	5.0656323	-3.4651048	-27.066084	13.572627	0.00040824187	18340.08304619789
237	-127.453995	29.605999	-97.848	-157.06	1000.0	473999	-13.528469	5.0540614	-3.4505808	-27.070053	13.528652	0.00041063558	18403.519315481186
238	-119.89549	41.366497	-78.529	-161.262	1000.0	475999	-13.56152	5.072577	-3.4536498	-27.049166	13.561734	0.00036314715	18467.262171030045
239	-140.778	28.192997	-112.585	-168.971	1000.0	477999	-13.54476	5.0547857	-3.4492004	-27.057907	13.544976	0.0004080665	18530.382715940475
240	-88.0025	0.6554985	-87.347	-88.658	1000.0	479999	-13.531927	5.0528016	-3.4401884	-27.055656	13.532225	0.00040745985	18591.603244781494
241	-132.6735	31.075497	-101.598	-163.749	1000.0	481999	-13.524559	5.0483966	-3.4099762	-27.09303	13.524811	0.00040233386	18657.013334035873
242	-169.15	6.6780014	-162.472	-175.828	1000.0	483999	-13.550447	5.060573	-3.4184499	-27.112194	13.550787	0.00041767847	18716.149765968323
243	-160.95801	5.6509933	-155.307	-166.609	1000.0	485999	-13.559902	5.0571146	-3.4264622	-27.112303	13.5601015	0.0003657702	18781.046619415283
244	-159.65451	2.5394974	-157.115	-162.194	1000.0	487999	-13.560345	5.058425	-3.4278364	-27.11738	13.560627	0.00037138286	18845.113671064377
245	-130.0075	30.2145	-99.793	-160.222	1000.0	489999	-13.559469	5.0495667	-3.417982	-27.063055	13.559675	0.0004160375	18910.316863536835
246	-142.2635	30.273502	-111.99	-172.537	1000.0	491999	-13.59283	5.058393	-3.4278522	-27.092709	13.593055	0.0003613745	18975.462876081467
247	-115.9355	40.9045	-75.031	-156.84	1000.0	493999	-13.592154	5.0556364	-3.4273467	-27.06904	13.592384	0.0004046611	19040.37472343445
248	-140.525	30.590004	-109.935	-171.115	1000.0	495999	-13.577816	5.0558887	-3.4270973	-27.119953	13.578103	0.00039287095	19105.418666362762
249	-97.5225	14.6325	-82.89	-112.155	1000.0	497999	-13.582755	5.0490427	-3.4551737	-27.12709	13.58306	0.00037221605	19165.21239042282
250	-127.817	29.968002	-97.849	-157.785	1000.0	499999	-13.566853	5.04413	-3.421883	-27.081728	13.567134	0.00043349856	19218.165986537933
251	-147.87149	0.2385025	-147.633	-148.11	1000.0	501999	-13.580784	5.057054	-3.4309251	-27.143534	13.581008	0.00035954674	19279.234412431717
252	-146.938	44.981003	-101.957	-191.919	1000.0	503999	-13.573648	5.0444465	-3.4452949	-27.096422	13.573889	0.0003837461	19344.337045669556
253	-149.0315	1.9415054	-147.09	-150.973	1000.0	505999	-13.60453	5.0465636	-3.418624	-27.066742	13.604822	0.00039859384	19408.893707036972
254	-75.234	12.733002	-62.501	-87.967	1000.0	507999	-13.590419	5.0470767	-3.4078674	-27.102705	13.590572	0.00036331097	19474.395177602768
255	-175.554	13.690994	-161.863	-189.245	1000.0	509999	-13.593504	5.050245	-3.429845	-27.103163	13.593707	0.00036392146	19537.40897679329
256	-82.3155	8.273499	-74.042	-90.589	1000.0	511999	-13.586653	5.0633965	-3.3390687	-27.159523	13.586957	0.0005062393	19602.946802854538
257	-149.474	29.514004	-119.96	-178.988	1000.0	513999	-13.592007	5.0612245	-3.4548278	-27.124517	13.592228	0.00030911277	19666.723171949387
258	-88.5935	0.21450043	-88.379	-88.808	1000.0	515999	-13.592935	5.0581827	-3.4281785	-27.136532	13.593158	0.0003824834	19732.83847618103
259	-124.5645	41.259502	-83.305	-165.824	1000.0	517999	-13.583077	5.0639443	-3.445335	-27.066412	13.583291	0.00038436675	19797.068482875824
260	-126.18649	36.101498	-90.085	-162.288	1000.0	519999	-13.574216	5.0644245	-3.4337375	-27.098366	13.574448	0.00046422772	19861.182543039322
261	-111.55	36.523	-75.027	-148.073	1000.0	521999	-13.583785	5.0524983	-3.445794	-27.087029	13.584084	0.0003550111	19926.05086040497
262	-99.2595	9.2715	-89.988	-108.531	1000.0	523999	-13.537007	5.052913	-3.4167979	-27.096909	13.537157	0.0003779867	19988.95039153099
263	-152.84601	9.260994	-143.585	-162.107	1000.0	525999	-13.566419	5.066584	-3.46047	-27.099606	13.566572	0.00039064852	20054.000373125076
264	-127.207	34.921	-92.286	-162.128	1000.0	527999	-13.572227	5.0480556	-3.4969637	-27.083923	13.572411	0.00035455814	20116.397066116333
265	-135.909	36.849	-99.06	-172.758	1000.0	529999	-13.5756	5.0472183	-3.481502	-27.11249	13.575807	0.00044669598	20179.86372256279
266	-129.664	35.084	-94.58	-164.748	1000.0	531999	-13.579399	5.052737	-3.504585	-27.110798	13.579661	0.0003647805	20243.4602766037
267	-122.79649	37.922497	-84.874	-160.719	1000.0	533999	-13.569734	5.053234	-3.513873	-27.086212	13.570063	0.0004113413	20304.999397993088
268	-102.769	16.657001	-86.112	-119.426	1000.0	535999	-13.55905	5.0568943	-3.5262742	-27.107023	13.559268	0.00035307556	20362.444266557693
269	-121.434	36.461998	-84.972	-157.896	1000.0	537999	-13.5522585	5.0432925	-3.5255516	-27.100616	13.552425	0.00041372568	20425.33650660515
270	-166.2715	0.6595001	-165.612	-166.931	1000.0	539999	-13.556462	5.0419264	-3.5191057	-26.96001	13.556775	0.0004142252	20487.202582359314
271	-137.3045	11.9715	-125.333	-149.276	1000.0	541999	-13.585971	5.0359435	-3.5307615	-27.086971	13.586143	0.00033556964	20551.838271141052
272	-81.248	7.126999	-74.121	-88.375	1000.0	543999	-13.554181	5.04627	-3.5193214	-27.069162	13.554457	0.0003887058	20616.718286514282
273	-167.48	2.322998	-165.157	-169.803	1000.0	545999	-13.578825	5.045097	-3.511961	-27.038738	13.579064	0.0003758735	20682.907118320465
274	-130.126	33.601	-96.525	-163.727	1000.0	547999	-13.591613	5.0518003	-3.5057166	-27.080225	13.591791	0.0003980369	20748.00959444046
275	-123.2635	49.0635	-74.2	-172.327	1000.0	549999	-13.577933	5.0482826	-3.470172	-27.08903	13.578049	0.00035343497	20812.766424894333
276	-162.1565	6.695503	-155.461	-168.852	1000.0	551999	-13.567337	5.0414033	-3.546223	-27.09722	13.567638	0.000365914	20877.945442676544
277	-164.5505	6.996498	-157.554	-171.547	1000.0	553999	-13.591248	5.038397	-3.502805	-27.100498	13.591512	0.00041232936	20941.67320585251
278	-145.823	28.736004	-117.087	-174.559	1000.0	555999	-13.621384	5.0498505	-3.5076904	-27.103336	13.621558	0.0003486754	21007.395444869995
279	-136.183	34.600998	-101.582	-170.784	1000.0	557999	-13.621753	5.0508213	-3.428319	-27.084814	13.622019	0.00038330624	21071.882564544678
280	-172.133	19.687996	-152.445	-191.821	1000.0	559999	-13.616551	5.0524864	-3.4604855	-27.093832	13.616797	0.00039781077	21138.023841381073
281	-127.4435	40.9955	-86.448	-168.439	1000.0	561999	-13.613379	5.053639	-3.395209	-27.100168	13.61346	0.00045363035	21203.55094766617
282	-86.6935	2.2355003	-84.458	-88.929	1000.0	563999	-13.63035	5.039815	-3.4196384	-27.092815	13.630544	0.00038127226	21268.96008014679
283	-88.5355	6.185501	-82.35	-94.721	1000.0	565999	-13.618515	5.056399	-3.418639	-27.120106	13.618856	0.00039744214	21334.03284263611
284	-90.764496	3.567501	-87.197	-94.332	1000.0	567999	-13.600211	5.0475216	-3.4284716	-27.13898	13.600447	0.0003911293	21399.996514081955
285	-136.3235	53.770496	-82.553	-190.094	1000.0	569999	-13.605671	5.0608654	-3.3802843	-27.120329	13.605874	0.00041565378	21463.476734876633
286	-129.2115	37.483505	-91.728	-166.695	1000.0	571999	-13.599406	5.048739	-3.4018962	-27.119186	13.59958	0.00036251612	21517.077262163162
287	-87.1305	4.4235	-82.707	-91.554	1000.0	573999	-13.57417	5.045241	-3.3794093	-27.059498	13.574343	0.00037055076	21577.45171236992
288	-81.990005	5.896	-76.094	-87.886	1000.0	575999	-13.584399	5.059442	-3.378729	-27.104948	13.584616	0.00039708597	21641.911145687103
289	-133.858	47.603004	-86.255	-181.461	1000.0	577999	-13.57501	5.059688	-3.400411	-27.070719	13.575277	0.0003711176	21702.818678855896
290	-102.626	2.1520004	-100.474	-104.778	1000.0	579999	-13.556549	5.058984	-3.397585	-27.120861	13.55681	0.00041057527	21766.744545698166
291	-169.35	0.35700226	-168.993	-169.707	1000.0	581999	-13.563312	5.0597906	-3.3960316	-27.116524	13.563636	0.0003124617	21830.36362338066
292	-140.1095	39.8575	-100.252	-179.967	1000.0	583999	-13.567476	5.0538235	-3.3407338	-27.112394	13.567757	0.00041692227	21893.777039051056
293	-105.316	7.7610016	-97.555	-113.077	1000.0	585999	-13.593519	5.0563674	-3.3612795	-27.093653	13.593776	0.00035909444	21959.03228521347
294	-83.9825	18.467499	-65.515	-102.45	1000.0	587999	-13.537665	5.0537195	-3.3496213	-27.083836	13.53791	0.00040852075	22021.84439444542
295	-120.179	47.934998	-72.244	-168.114	1000.0	589999	-13.564462	5.0588923	-3.3749397	-27.12613	13.564673	0.00038206755	22084.10540819168
296	-126.433	23.942001	-102.491	-150.375	1000.0	591999	-13.540112	5.059762	-3.327529	-27.109325	13.540343	0.00038606668	22147.24226999283
297	-120.6015	34.466496	-86.135	-155.068	1000.0	593999	-13.540913	5.0458307	-3.3255787	-27.13191	13.541123	0.00035575856	22203.329063415527
298	-156.199	7.776001	-148.423	-163.975	1000.0	595999	-13.557402	5.0515594	-3.319156	-27.108063	13.557644	0.0003785337	22265.89797115326
299	-162.518	11.583	-150.935	-174.101	1000.0	597999	-13.560473	5.045698	-3.301807	-27.122484	13.56069	0.00037993383	22327.15918827057
300	-179.407	7.3379974	-172.069	-186.745	1000.0	599999	-13.595838	5.0615597	-3.3109012	-27.132172	13.596072	0.0004103688	22390.062096595764
301	-90.755005	14.882999	-75.872	-105.638	1000.0	601999	-13.572878	5.053694	-3.298467	-27.126112	13.573153	0.0003751105	22453.068376779556
302	-98.072	8.725998	-89.346	-106.798	1000.0	603999	-13.5905485	5.063005	-3.2969596	-27.122206	13.590794	0.0003596772	22517.75083565712
303	-133.8805	47.353497	-86.527	-181.234	1000.0	605999	-13.564982	5.063141	-3.261794	-27.108421	13.565197	0.00042496872	22582.187698841095
304	-128.729	33.063004	-95.666	-161.792	1000.0	607999	-13.566826	5.06791	-3.2932658	-27.106956	13.567034	0.00034792113	22638.955219507217
305	-125.283	28.573997	-96.709	-153.857	1000.0	609999	-13.571565	5.057038	-3.2843874	-27.11427	13.571863	0.00042510446	22705.458224773407
306	-115.742004	28.2	-87.542	-143.942	1000.0	611999	-13.562942	5.0494146	-3.2825975	-27.096823	13.5632715	0.00038723988	22770.14727282524
307	-78.2845	7.1945	-71.09	-85.479	1000.0	613999	-13.584759	5.0583224	-3.2701986	-27.027811	13.584988	0.0004460239	22836.48728466034
308	-135.51001	25.603004	-109.907	-161.113	1000.0	615999	-13.561168	5.051511	-3.254923	-27.125666	13.561441	0.0003671127	22901.16233253479
309	-107.33	32.163	-75.167	-139.493	1000.0	617999	-13.542394	5.0488343	-3.247729	-27.108318	13.542598	0.00037787115	22962.650245666504
310	-146.9095	34.3555	-112.554	-181.265	1000.0	619999	-13.544083	5.0491185	-3.2586184	-27.164566	13.544254	0.00034041685	23027.572739362717
311	-163.467	10.970001	-152.497	-174.437	1000.0	621999	-13.569915	5.0445867	-3.2527828	-27.130949	13.570225	0.00041237465	23091.87454867363
312	-136.3655	27.9575	-108.408	-164.323	1000.0	623999	-13.560087	5.048035	-3.267533	-27.122177	13.560376	0.00036425664	23155.223286628723
313	-117.9095	26.469498	-91.44	-144.379	1000.0	625999	-13.569199	5.044746	-3.2312703	-27.134583	13.5694475	0.00036662555	23215.8790872097
314	-158.93451	9.598503	-149.336	-168.533	1000.0	627999	-13.555903	5.042302	-3.2873862	-27.117664	13.556185	0.00033569094	23280.350492239
315	-85.7975	8.414497	-77.383	-94.212	1000.0	629999	-13.579794	5.0406437	-3.2771654	-27.137135	13.58011	0.00037137163	23344.102914094925
316	-111.96	0.8180008	-111.142	-112.778	1000.0	631999	-13.5529	5.043478	-3.2859013	-27.133608	13.553088	0.00037409255	23405.677194833755
317	-109.861496	7.838497	-102.023	-117.7	1000.0	633999	-13.553499	5.0318356	-3.273995	-27.111275	13.553733	0.00038510468	23466.719542741776
318	-164.488	1.3230057	-163.165	-165.811	1000.0	635999	-13.580791	5.0427127	-3.2736006	-27.081345	13.58101	0.000356178	23531.667021036148
319	-174.327	6.6019974	-167.725	-180.929	1000.0	637999	-13.573918	5.049117	-3.277597	-27.116951	13.574131	0.00043381422	23594.879497528076
320	-122.49051	41.482502	-81.008	-163.973	1000.0	639999	-13.568057	5.045518	-3.2759147	-27.127686	13.568258	0.00035355784	23659.747753858566
321	-135.376	46.792	-88.584	-182.168	1000.0	641999	-13.563652	5.033265	-3.284697	-27.112467	13.5638685	0.00034921634	23724.622931480408
322	-90.039505	2.9585	-87.081	-92.998	1000.0	643999	-13.562114	5.0474477	-3.2744207	-27.110687	13.562369	0.00040974535	23786.93878865242
323	-87.1095	5.3494987	-81.76	-92.459	1000.0	645999	-13.557605	5.052682	-3.3012972	-27.10597	13.557762	0.00038342524	23851.09934949875
324	-136.5155	20.078499	-116.437	-156.594	1000.0	647999	-13.55179	5.0283737	-3.2350738	-27.1304	13.55202	0.00038101972	23912.255292892456
325	-128.1095	45.453503	-82.656	-173.563	1000.0	649999	-13.565363	5.0503755	-3.2702553	-27.125427	13.565544	0.00040478658	23975.483948946
326	-176.66	0.68800354	-175.972	-177.348	1000.0	651999	-13.567464	5.057499	-3.2542987	-27.125708	13.567753	0.0003380307	24041.1475481987
327	-120.073	36.203995	-83.869	-156.277	1000.0	653999	-13.570917	5.048139	-3.2658613	-27.081715	13.571244	0.0003801951	24102.825573682785
328	-103.6185	14.088501	-89.53	-117.707	1000.0	655999	-13.557443	5.05272	-3.230435	-27.141756	13.55766	0.00036820967	24167.739496946335
329	-136.237	19.115002	-117.122	-155.352	1000.0	657999	-13.569363	5.0514054	-3.210262	-27.102808	13.569602	0.0004042935	24232.831446886063
330	-175.849	11.221001	-164.628	-187.07	1000.0	659999	-13.579918	5.0353956	-3.241125	-27.097511	13.580106	0.00036578227	24294.990283966064
331	-148.965	7.6969986	-141.268	-156.662	1000.0	661999	-13.5834	5.0403247	-3.2306519	-27.175133	13.583649	0.00033335353	24360.770996809006
332	-98.348	1.3580017	-96.99	-99.706	1000.0	663999	-13.5683	5.0396967	-3.2136612	-27.126463	13.568516	0.0004409153	24425.18723344803
333	-138.2545	14.954498	-123.3	-153.209	1000.0	665999	-13.561245	5.0510163	-3.2545855	-27.146748	13.561534	0.00028208058	24489.34162759781
334	-133.3935	50.840496	-82.553	-184.234	1000.0	667999	-13.593734	5.038528	-3.2334747	-27.126068	13.593943	0.0003629216	24554.39387321472
335	-122.963005	33.801003	-89.162	-156.764	1000.0	669999	-13.591742	5.040889	-3.2074099	-27.098646	13.592101	0.00033871646	24617.519939661026
336	-170.51599	26.739006	-143.777	-197.255	1000.0	671999	-13.604322	5.0442142	-3.2523966	-27.141804	13.604561	0.00039582534	24680.7517182827
337	-137.9335	49.977493	-87.956	-187.911	1000.0	673999	-13.585172	5.037593	-3.2500741	-27.104904	13.585427	0.00032475663	24745.20334649086
338	-96.77251	17.3195	-79.453	-114.092	1000.0	675999	-13.59721	5.0395226	-3.1984408	-27.205933	13.597466	0.00039764596	24808.61620593071
339	-124.794495	39.4555	-85.339	-164.25	1000.0	677999	-13.592419	5.0497456	-3.2364075	-27.002762	13.592678	0.00036230613	24897.6513671875
340	-155.343	28.222996	-127.12	-183.566	1000.0	679999	-13.590262	5.048637	-3.2418206	-27.155478	13.590523	0.00032889246	25006.74396944046
341	-80.397	14.835003	-65.562	-95.232	1000.0	681999	-13.603838	5.0517583	-3.262757	-27.093813	13.604133	0.00033448017	25103.76419401169
342	-141.273	41.350002	-99.923	-182.623	1000.0	683999	-13.579196	5.0567274	-3.2337456	-27.123343	13.579348	0.00037962198	25186.344910621643
343	-149.389	4.4249954	-144.964	-153.814	1000.0	685999	-13.605964	5.0576906	-3.2786717	-27.179964	13.606143	0.00038419562	25269.060834169388
344	-125.7375	35.4045	-90.333	-161.142	1000.0	687999	-13.587072	5.050676	-3.3219614	-27.013735	13.587288	0.00036457193	25354.39330625534
345	-98.8875	11.2775	-87.61	-110.165	1000.0	689999	-13.586711	5.0499716	-3.335203	-27.115553	13.587055	0.00032062127	25443.93844294548
346	-119.51	39.206	-80.304	-158.716	1000.0	691999	-13.577782	5.038871	-3.336406	-27.138231	13.577986	0.0003676268	25526.908230304718
347	-118.624	40.544	-78.08	-159.168	1000.0	693999	-13.594148	5.0482	-3.3599877	-27.105658	13.594438	0.0003625604	25609.342589378357
348	-119.993	47.684002	-72.309	-167.677	1000.0	695999	-13.577014	5.0537834	-3.3199768	-27.133389	13.57734	0.00037782983	25692.378639936447
349	-165.77051	5.093498	-160.677	-170.864	1000.0	697999	-13.5838375	5.0478473	-3.392631	-27.097376	13.584082	0.00032491478	25775.362780809402
350	-75.698	4.809002	-70.889	-80.507	1000.0	699999	-13.577715	5.04398	-3.375013	-27.098728	13.578001	0.00038329084	25857.905818462372
351	-134.3575	35.8795	-98.478	-170.237	1000.0	701999	-13.58917	5.047519	-3.4451492	-27.100567	13.589359	0.00034967982	25941.221942186356
352	-138.38	36.195	-102.185	-174.575	1000.0	703999	-13.602187	5.0588145	-3.445259	-27.135138	13.6024685	0.00033891248	26023.280286073685
353	-121.0815	49.0135	-72.068	-170.095	1000.0	705999	-13.565457	5.051636	-3.448989	-27.112085	13.565715	0.0003437497	26105.639120817184
354	-98.6355	15.441502	-83.194	-114.077	1000.0	707999	-13.59587	5.064712	-3.4791296	-27.020098	13.596084	0.00031722328	26188.437985897064
355	-127.5345	50.183502	-77.351	-177.718	1000.0	709999	-13.55551	5.048113	-3.4714108	-27.085695	13.55568	0.0003785034	26274.18302989006
356	-178.20749	7.119499	-171.088	-185.327	1000.0	711999	-13.585663	5.0573726	-3.4990022	-27.123154	13.585941	0.00032413605	26369.552700281143
357	-82.9965	8.565498	-74.431	-91.562	1000.0	713999	-13.569364	5.0626435	-3.5086179	-26.971416	13.569523	0.00035463506	26452.33806324005
358	-94.293	8.359001	-85.934	-102.652	1000.0	715999	-13.563	5.057824	-3.5236826	-27.07574	13.563153	0.00032834543	26535.437049627304
359	-125.5	54.944	-70.556	-180.444	1000.0	717999	-13.550165	5.0581636	-3.5289636	-27.107147	13.550323	0.0003836097	26617.71339082718
360	-128.4555	51.5735	-76.882	-180.029	1000.0	719999	-13.54231	5.0641594	-3.5573258	-27.08723	13.542611	0.00029683812	26701.85141468048
361	-159.7845	7.685501	-152.099	-167.47	1000.0	721999	-13.54624	5.072248	-3.5620031	-27.101593	13.546461	0.00034838566	26784.59390258789
362	-131.5335	30.726498	-100.807	-162.26	1000.0	723999	-13.563569	5.0561147	-3.5906644	-27.061493	13.563783	0.00036617022	26867.815707683563
363	-87.7795	3.0494995	-84.73	-90.829	1000.0	725999	-13.54779	5.068395	-3.5830622	-27.097569	13.547965	0.00034023798	26950.211358070374
364	-120.61949	56.573498	-64.046	-177.193	1000.0	727999	-13.564339	5.0655413	-3.6299133	-27.130041	13.564641	0.00034007823	27032.82665848732
365	-138.7115	47.0065	-91.705	-185.718	1000.0	729999	-13.573156	5.0815725	-3.6668558	-27.114891	13.573409	0.0003358552	27115.346432447433
366	-120.75751	46.814503	-73.943	-167.572	1000.0	731999	-13.55257	5.071448	-3.6823435	-27.098639	13.55278	0.00033736264	27199.42391562462
367	-186.3145	9.1595	-177.155	-195.474	1000.0	733999	-13.568335	5.073545	-3.6785743	-27.186485	13.568516	0.00032438224	27285.38121676445
368	-123.0065	21.3335	-101.673	-144.34	1000.0	735999	-13.589235	5.078645	-3.6309726	-27.184694	13.589447	0.000353077	27368.190667629242
369	-161.6375	16.7285	-144.909	-178.366	1000.0	737999	-13.5734625	5.0822344	-3.6667347	-27.160217	13.573699	0.0003459234	27450.76633954048
370	-175.7315	14.844505	-160.887	-190.576	1000.0	739999	-13.592914	5.0793314	-3.6657977	-27.136387	13.593135	0.0003245047	27538.78195619583
371	-128.0815	43.6815	-84.4	-171.763	1000.0	741999	-13.592402	5.082323	-3.6552434	-27.105986	13.592617	0.0003273662	27621.77089047432
372	-114.387	42.693	-71.694	-157.08	1000.0	743999	-13.610939	5.0895147	-3.669929	-27.122623	13.61119	0.00035090456	27705.298510074615
373	-147.4515	5.075493	-142.376	-152.527	1000.0	745999	-13.587691	5.0885477	-3.6783888	-27.092726	13.587904	0.0003693205	27791.983570337296
374	-144.90851	37.6215	-107.287	-182.53	1000.0	747999	-13.601542	5.0846615	-3.6956878	-27.074165	13.601767	0.00039203017	27876.198964118958
375	-115.968506	32.6395	-83.329	-148.608	1000.0	749999	-13.602605	5.094429	-3.707185	-27.103708	13.602832	0.0003087971	27959.437229394913
376	-131.7765	32.1355	-99.641	-163.912	1000.0	751999	-13.592672	5.0832267	-3.730924	-27.104774	13.592918	0.0003255566	28044.516520023346
377	-122.9725	38.709503	-84.263	-161.682	1000.0	753999	-13.61486	5.0967417	-3.748368	-27.122412	13.615075	0.00036078985	28130.892157793045
378	-90.1195	2.2525024	-87.867	-92.372	1000.0	755999	-13.595444	5.085791	-3.7558992	-27.121626	13.595675	0.0003303092	28216.28537273407
379	-173.432	6.364006	-167.068	-179.796	1000.0	757999	-13.599266	5.089793	-3.7642527	-27.112967	13.599465	0.00033174004	28297.81715941429
380	-132.786	43.865997	-88.92	-176.652	1000.0	759999	-13.592724	5.0932126	-3.7490363	-26.92596	13.592945	0.00032479304	28389.84707927704
381	-151.64099	2.8239975	-148.817	-154.465	1000.0	761999	-13.611841	5.0792727	-3.8164968	-27.07675	13.612104	0.00034382517	28473.47790622711
382	-163.24051	11.482506	-151.758	-174.723	1000.0	763999	-13.625133	5.0918694	-3.8077893	-27.045458	13.625414	0.0003396762	28556.40596795082
383	-141.887	40.551003	-101.336	-182.438	1000.0	765999	-13.628646	5.090538	-3.833157	-27.098106	13.628844	0.00031912373	28638.61505651474
384	-90.2395	4.4664993	-85.773	-94.706	1000.0	767999	-13.630649	5.0922685	-3.7985225	-27.138798	13.630908	0.0003677782	28721.5132625103
385	-126.936005	28.287998	-98.648	-155.224	1000.0	769999	-13.62125	5.0880656	-3.8056693	-27.087236	13.621571	0.0003289627	28804.538079977036
386	-123.813	24.659	-99.154	-148.472	1000.0	771999	-13.62717	5.0746875	-3.838726	-27.131138	13.627447	0.00032895213	28888.13779592514
387	-122.130005	27.026005	-95.104	-149.156	1000.0	773999	-13.615909	5.0832477	-3.8309035	-27.075592	13.616171	0.00035530425	28971.759216308594
388	-92.735504	4.1945	-88.541	-96.93	1000.0	775999	-13.610389	5.0776854	-3.8074973	-27.138317	13.610539	0.00033497188	29054.922477006912
389	-111.1385	46.901497	-64.237	-158.04	1000.0	777999	-13.602784	5.0854907	-3.8167903	-27.051569	13.603091	0.00032040512	29143.136692523956
390	-156.2395	8.267502	-147.972	-164.507	1000.0	779999	-13.589781	5.076099	-3.8052108	-27.093952	13.590134	0.00034998072	29230.43252491951
391	-112.191	49.732002	-62.459	-161.923	1000.0	781999	-13.601972	5.084996	-3.6523478	-26.973455	13.602215	0.0003344378	29316.211219072342
392	-162.2575	16.153496	-146.104	-178.411	1000.0	783999	-13.5936165	5.0823097	-3.6543775	-27.090347	13.593877	0.00035992544	29399.07603120804
393	-79.343	7.998001	-71.345	-87.341	1000.0	785999	-13.596111	5.0749884	-3.6354613	-27.026373	13.59633	0.00037121316	29482.523102521896
394	-107.1305	20.225502	-86.905	-127.356	1000.0	787999	-13.591725	5.0810657	-3.6168637	-27.111017	13.591998	0.00031089166	29565.570308208466
395	-151.576	40.713	-110.863	-192.289	1000.0	789999	-13.596224	5.0897818	-3.5785942	-27.086401	13.5964575	0.0003098001	29648.235437631607
396	-127.812	28.977001	-98.835	-156.789	1000.0	791999	-13.603783	5.0969315	-3.5861926	-27.10684	13.604047	0.00037270115	29731.550280332565
397	-179.095	12.802002	-166.293	-191.897	1000.0	793999	-13.609833	5.089978	-3.538371	-27.080963	13.610155	0.0003349443	29820.014126062393
398	-151.345	11.143005	-140.202	-162.488	1000.0	795999	-13.609331	5.085241	-3.5111723	-27.129324	13.609518	0.00037155853	29902.496614456177
399	-131.698	35.843	-95.855	-167.541	1000.0	797999	-13.61875	5.08661	-3.4995627	-27.107176	13.618963	0.00034667115	29985.795978069305
400	-125.22099	39.663998	-85.557	-164.885	1000.0	799999	-13.6336565	5.090574	-3.510014	-27.106382	13.63389	0.00034806997	30067.371193885803
401	-131.0045	31.988499	-99.016	-162.993	1000.0	801999	-13.656564	5.0933776	-3.4821365	-27.090559	13.656854	0.00034014854	30150.937741041183
402	-159.22751	7.051506	-152.176	-166.279	1000.0	803999	-13.635953	5.079392	-3.521536	-27.033178	13.636361	0.00036230625	30233.9630112648
403	-119.9475	38.9365	-81.011	-158.884	1000.0	805999	-13.642231	5.083091	-3.4929795	-27.09279	13.642464	0.00039534993	30316.581431627274
404	-134.16049	32.9465	-101.214	-167.107	1000.0	807999	-13.644979	5.0884266	-3.5319996	-27.09533	13.645282	0.0003298306	30403.686672449112
405	-140.288	29.131004	-111.157	-169.419	1000.0	809999	-13.621693	5.0879884	-3.5517128	-27.117308	13.621904	0.0003287808	30486.536866903305
406	-90.9245	8.523499	-82.401	-99.448	1000.0	811999	-13.630782	5.084967	-3.5815976	-27.058598	13.630952	0.00035234165	30573.183657884598
407	-112.368	24.740997	-87.627	-137.109	1000.0	813999	-13.626265	5.0859385	-3.5790944	-27.114716	13.626446	0.0003182603	30655.810297727585
408	-139.3015	26.764496	-112.537	-166.066	1000.0	815999	-13.638175	5.078337	-3.582859	-27.085993	13.638435	0.00035583516	30746.975081443787
409	-162.61249	14.904503	-147.708	-177.517	1000.0	817999	-13.644945	5.092582	-3.5632224	-27.125425	13.64525	0.00043007126	30829.55422282219
410	-167.9985	4.6865005	-163.312	-172.685	1000.0	819999	-13.630963	5.0782886	-3.5478528	-27.07464	13.631225	0.00030247128	30914.679564237595
411	-155.765	29.585999	-126.179	-185.351	1000.0	821999	-13.651117	5.0888944	-3.5738947	-27.053104	13.651436	0.00040085078	30997.13294649124
412	-131.8215	36.007496	-95.814	-167.829	1000.0	823999	-13.649451	5.0802107	-3.5518897	-27.092045	13.649792	0.0003570533	31084.193858146667
413	-79.175995	4.396	-74.78	-83.572	1000.0	825999	-13.661943	5.0817456	-3.5357099	-27.110687	13.662208	0.000359155	31166.744143247604
414	-121.907	33.561996	-88.345	-155.469	1000.0	827999	-13.662522	5.0932055	-3.5266373	-27.100433	13.662746	0.00040624224	31250.849543094635
415	-98.3595	12.848499	-85.511	-111.208	1000.0	829999	-13.644909	5.0757475	-3.4976509	-27.101015	13.645193	0.00033379102	31333.95684313774
416	-138.2865	37.117504	-101.169	-175.404	1000.0	831999	-13.618102	5.0759826	-3.4774187	-27.10556	13.618322	0.0003540094	31423.603804588318
417	-104.891495	7.404499	-97.487	-112.296	1000.0	833999	-13.637717	5.0687957	-3.51938	-27.09416	13.637973	0.0003656773	31506.040026187897
418	-174.73999	1.715004	-173.025	-176.455	1000.0	835999	-13.646737	5.0700455	-3.497149	-27.092642	13.647006	0.00037539002	31591.628652095795
419	-120.1525	25.372498	-94.78	-145.525	1000.0	837999	-13.634315	5.0819464	-3.4881134	-27.103785	13.6345215	0.00031118217	31675.124990940094
420	-153.1555	4.3775024	-148.778	-157.533	1000.0	839999	-13.637795	5.081587	-3.4543567	-27.090466	13.638069	0.00039764354	31759.19677567482
421	-97.7565	9.5205	-88.236	-107.277	1000.0	841999	-13.642038	5.075065	-3.44295	-27.091782	13.642203	0.000352796	31847.243695020676
422	-89.05299	7.522999	-81.53	-96.576	1000.0	843999	-13.650145	5.0769963	-3.454884	-27.083141	13.650375	0.00039068842	31937.39345908165
