Epoch	AverageEpRet	StdEpRet	MaxEpRet	MinEpRet	EpLen	TotalEnvInteracts	AverageQVals	StdQVals	MaxQVals	MinQVals	LossPi	LossQ	Time
1	-93.165	9.614998	-83.55	-102.78	1000.0	1999	-0.74796414	0.21771002	1.0448352	-2.8345418	0.7464489	0.017686727	40.901862144470215
2	-77.655	1.3050003	-76.35	-78.96	1000.0	3999	-1.3323755	0.28144976	-0.68285024	-2.2936473	1.3320107	0.00027333933	88.46825933456421
3	-85.205	4.005001	-81.2	-89.21	1000.0	5999	-2.022433	0.3041524	-1.3778812	-2.8643806	2.0222955	0.00052871084	143.94246172904968
4	-71.130005	9.700001	-61.43	-80.83	1000.0	7999	-2.6354616	0.31807968	-1.9592987	-3.5883956	2.6364913	0.00037608796	200.2704885005951
5	-95.34	11.66	-83.68	-107.0	1000.0	9999	-3.2244508	0.43174246	-2.4799926	-4.351953	3.2250562	0.00070415414	274.1098976135254
6	-36.4575	35.36922	-9.67	-97.33	464.0	11999	-3.7515378	0.48028362	-2.8340368	-5.009929	3.7506988	0.0015770029	1719.1489932537079
7	-76.31	39.63	-36.68	-115.94	705.5	13999	-4.184891	0.50007015	-3.1037588	-5.800118	4.181889	0.0047844495	2092.9795293807983
8	-97.23	64.96259	-17.04	-176.15	769.6667	15999	-4.669752	0.6685498	-3.191857	-7.2293334	4.668079	0.004376467	2650.1527121067047
9	-76.645	22.774998	-53.87	-99.42	788.5	17999	-5.087355	0.8704491	-2.8687437	-8.48658	5.0859666	0.0059536514	3900.240586042404
10	-168.29999	10.43	-157.87	-178.73	1000.0	19999	-5.6657944	1.2499815	-2.6450443	-9.728328	5.665131	0.0065554255	4011.192803621292
11	-124.54	39.577457	-75.59	-172.52	935.6667	21999	-6.136143	1.4739034	-2.4098303	-10.764003	6.136277	0.0075821225	4937.889456272125
12	-46.1275	49.606155	-12.62	-131.78	483.0	23999	-6.522707	1.8137345	-1.8430982	-11.648898	6.5228367	0.007937859	5561.9528341293335
13	-134.11	29.84	-104.27	-163.95	1000.0	25999	-6.927483	2.049357	-1.7156099	-12.631069	6.9278574	0.008128958	6721.993448734283
14	-57.893337	56.64119	-14.67	-137.91	538.3333	27999	-7.2645583	2.2198493	-1.5620102	-13.20643	7.264749	0.008218283	7267.690618753433
15	-158.4	2.090004	-156.31	-160.49	1000.0	29999	-7.676698	2.4790676	-1.5130256	-13.923774	7.6773868	0.011525243	7352.669422864914
16	-151.86	8.529999	-143.33	-160.39	1000.0	31999	-8.105	2.680097	-1.3346273	-14.640743	8.105199	0.008749231	7438.250828504562
17	-103.223335	58.692417	-21.26	-155.55	776.0	33999	-8.529738	2.8655567	-1.2340041	-15.047771	8.531319	0.007434539	7762.0682537555695
18	-93.325	79.345	-13.98	-172.67	639.5	35999	-8.874208	3.0784364	-1.0919702	-15.835308	8.876226	0.0077134827	8049.030630111694
19	-102.966675	64.66503	-15.5	-169.82	768.6667	37999	-9.164139	3.270492	-1.0275117	-16.0541	9.166494	0.0078102807	8370.10540509224
20	-147.02	13.470001	-133.55	-160.49	1000.0	39999	-9.479117	3.4104304	-0.9873769	-16.547962	9.481399	0.0097393645	8470.284358501434
21	-86.590004	53.30673	-17.25	-146.88	773.3333	41999	-9.754105	3.5363007	-0.63933605	-16.950727	9.756515	0.007466711	8705.527035474777
22	-162.61	12.779999	-149.83	-175.39	1000.0	43999	-10.073253	3.6707938	-0.6089127	-17.232777	10.075246	0.0068843937	8804.30950307846
23	-129.11499	2.284996	-126.83	-131.4	1000.0	45999	-10.29694	3.7330732	-0.57820684	-17.57129	10.29884	0.0072419667	8921.227308988571
24	-153.265	4.625	-148.64	-157.89	1000.0	47999	-10.566559	3.8017473	-0.5247664	-17.86583	10.569487	0.006837887	9005.996564865112
25	-134.275	23.995003	-110.28	-158.27	1000.0	49999	-10.793328	3.8511255	-0.60483587	-18.085316	10.795616	0.007486909	9093.100049734116
26	-75.545	54.485	-21.06	-130.03	666.5	51999	-11.007089	3.9079425	-0.5966105	-18.370256	11.008711	0.007004515	9344.109270334244
27	-109.29	35.663338	-58.91	-136.53	879.3333	53999	-11.137486	3.940892	-0.6018662	-18.452702	11.138512	0.0073074484	10030.785925626755
28	-117.96	16.57	-101.39	-134.53	1000.0	55999	-11.21625	3.9564266	-0.64584404	-18.679892	11.217622	0.00887832	10245.14382648468
29	-94.34	80.46999	-13.87	-174.81	654.5	57999	-11.365357	4.035229	-0.65933794	-18.83672	11.366994	0.009991907	10304.08815073967
30	-95.89667	60.32915	-12.87	-154.42	755.3333	59999	-11.501528	4.1084642	-0.72647023	-19.01494	11.502711	0.009333889	10585.375337839127
31	-87.07666	49.817535	-20.08	-139.45	775.6667	61999	-11.566129	4.1301856	-0.67932606	-19.20153	11.567618	0.011530188	10756.239618062973
32	-108.97666	63.975338	-18.96	-161.86	769.0	63999	-11.727307	4.1859503	-0.8249807	-19.343996	11.728535	0.0072309007	10956.349140644073
33	-85.07	69.090004	-15.98	-154.16	650.5	65999	-11.810423	4.2320333	-0.8379311	-19.354046	11.811928	0.006411441	11119.403141975403
34	-113.785	14.575001	-99.21	-128.36	1000.0	67999	-11.865282	4.24522	-0.89723974	-19.50084	11.865922	0.007019841	11159.375452518463
35	-80.57751	62.721157	-16.17	-155.71	661.5	69999	-11.974948	4.2673287	-0.93879575	-19.58101	11.976331	0.0066499594	11451.941539287567
36	-140.145	6.074997	-134.07	-146.22	1000.0	71999	-11.978606	4.3137746	-0.8541977	-19.801294	11.980871	0.00988168	11492.549776792526
37	-81.67333	58.281433	-21.81	-160.67	658.0	73999	-12.070765	4.343094	-1.0172864	-19.827564	12.073284	0.008001846	12268.078902959824
38	-120.685	4.9449997	-115.74	-125.63	1000.0	75999	-12.128616	4.317186	-1.0096154	-19.864079	12.130484	0.009415948	12320.72940993309
39	-112.245	20.165	-92.08	-132.41	1000.0	77999	-12.162879	4.2928724	-1.1640123	-19.9455	12.165104	0.009988399	13287.776027441025
40	-173.175	15.035004	-158.14	-188.21	1000.0	79999	-12.27107	4.324445	-1.1433619	-21.266409	12.272879	0.009328611	13328.834809064865
41	-137.42	22.150005	-115.27	-159.57	1000.0	81999	-12.391131	4.3576527	-1.0889323	-21.161148	12.392743	0.01009623	13369.650964736938
42	-45.684998	41.522755	-17.07	-117.0	497.5	83999	-12.378609	4.3507977	-1.1645778	-21.195162	12.380343	0.007121178	14069.032396793365
43	-148.38	10.07	-138.31	-158.45	1000.0	85999	-12.391501	4.378189	-1.2498314	-21.28456	12.393354	0.014313164	14168.68281507492
44	-70.66333	59.957905	-20.73	-154.98	577.6667	87999	-12.466812	4.3810425	-1.3246897	-21.265877	12.469146	0.011246195	15135.652775764465
45	-67.0	35.423336	-18.68	-102.61	698.3333	89999	-12.437084	4.397327	-1.2826872	-21.30718	12.439027	0.012368371	17361.136185646057
46	-114.53	3.3099976	-111.22	-117.84	1000.0	91999	-12.4296	4.3720884	-1.3737718	-21.353598	12.43204	0.011524086	18268.976403713226
47	-125.384995	23.895	-101.49	-149.28	1000.0	93999	-12.388895	4.367586	-1.3609022	-21.464464	12.391141	0.0116846105	19349.69813966751
48	-107.746666	67.57992	-17.26	-179.63	770.3333	95999	-12.435684	4.3636565	-1.299688	-21.408724	12.438036	0.014350106	19804.976251363754
49	-68.915	51.714996	-17.2	-120.63	665.0	97999	-12.472801	4.403017	-1.3653263	-21.50112	12.475	0.01190687	20115.956565380096
50	-81.5825	65.08882	-19.65	-177.48	670.75	99999	-12.523153	4.4154344	-1.3318449	-21.497013	12.525686	0.012354989	20825.372383117676
51	-85.115005	71.345	-13.77	-156.46	645.0	101999	-12.475883	4.4780965	-1.3731464	-21.548521	12.478535	0.011121659	21293.3368370533
52	-92.395004	72.132645	-18.84	-171.42	658.0	103999	-12.526334	4.49016	-1.3195888	-21.46374	12.529407	0.011107274	21741.623733997345
53	-71.435	54.325	-17.11	-125.76	660.5	105999	-12.514035	4.516039	-1.2353148	-21.527205	12.516621	0.011327891	22039.38399553299
54	-115.16	18.179996	-96.98	-133.34	1000.0	107999	-12.531211	4.4917593	-1.2595812	-21.476534	12.533162	0.012172499	23095.16123175621
55	-112.16	11.600002	-100.56	-123.76	1000.0	109999	-12.497346	4.4804964	-1.1716752	-21.50395	12.498836	0.008604385	23828.559195518494
56	-138.745	47.785	-90.96	-186.53	1000.0	111999	-12.49898	4.4887652	-1.1933941	-21.512684	12.500498	0.01079895	24120.627093553543
57	-106.15333	63.654747	-20.5	-172.97	770.6667	113999	-12.555979	4.4885535	-1.2478013	-21.418177	12.556844	0.010169813	24265.03424835205
58	-103.420006	52.1475	-31.78	-154.4	791.0	115999	-12.598319	4.509262	-1.1778793	-21.473839	12.5996065	0.00782984	24610.82938671112
59	-62.266666	61.91547	-15.99	-149.78	541.3333	117999	-12.579895	4.510333	-1.1608963	-21.438984	12.581463	0.010301033	24965.11872458458
60	-160.85	24.779999	-136.07	-185.63	1000.0	119999	-12.607018	4.523061	-1.2566646	-21.580292	12.608602	0.01130801	25004.189865350723
61	-73.54	72.838585	-20.84	-176.54	556.0	121999	-12.684015	4.555064	-1.1764597	-21.417597	12.68564	0.009921621	25209.065750837326
62	-88.450005	52.906376	-17.54	-144.58	770.6667	123999	-12.657925	4.5640693	-1.2286869	-21.550703	12.659294	0.010110964	25476.251502990723
63	-56.843338	57.42076	-13.6	-137.99	535.3333	125999	-12.627286	4.561558	-1.2509329	-21.385864	12.629484	0.011229911	25878.343935012817
64	-154.32	4.709999	-149.61	-159.03	1000.0	127999	-12.684574	4.5680017	-1.2010158	-21.373775	12.686066	0.009155351	25917.289850473404
65	-112.54667	73.48009	-9.25	-174.01	721.3333	129999	-12.724707	4.592816	-1.2123331	-21.501759	12.726494	0.010590389	26046.054079532623
66	-131.535	23.465	-108.07	-155.0	1000.0	131999	-12.764586	4.585938	-1.1632963	-21.468824	12.765982	0.009951721	26087.309962272644
67	-141.18	6.5499954	-134.63	-147.73	1000.0	133999	-12.778308	4.555755	-1.0494068	-21.427088	12.7796335	0.009261466	26126.61566567421
68	-75.517494	61.851086	-15.78	-166.45	656.75	135999	-12.78102	4.561211	-1.1097622	-21.380842	12.782398	0.011222492	26456.938390493393
69	-149.49	20.919998	-128.57	-170.41	1000.0	137999	-12.78119	4.5855455	-1.1916147	-21.3575	12.782815	0.009062281	26496.50607419014
70	-134.855	23.574997	-111.28	-158.43	1000.0	139999	-12.828834	4.5637836	-1.1575811	-21.358366	12.830625	0.010407459	26536.490687847137
71	-50.542503	56.430992	-10.72	-147.94	482.75	141999	-12.801433	4.5581713	-1.0650446	-21.312212	12.803258	0.006884837	27006.227239131927
72	-159.765	1.5650024	-158.2	-161.33	1000.0	143999	-12.81545	4.572832	-1.092202	-21.411856	12.817217	0.012378439	27067.666492938995
73	-99.770004	1.5300026	-98.24	-101.3	1000.0	145999	-12.836598	4.563998	-1.0898831	-21.331879	12.838776	0.009525482	28051.355741024017
74	-145.785	10.175003	-135.61	-155.96	1000.0	147999	-12.819246	4.5568976	-1.0579783	-21.300915	12.820894	0.010213144	28131.173077583313
75	-71.22	49.31919	-18.85	-137.3	636.0	149999	-12.847796	4.543023	-1.0050316	-21.311495	12.849698	0.010467458	28807.056281089783
76	-143.27	23.09	-120.18	-166.36	1000.0	151999	-12.832796	4.541023	-1.0966287	-21.528505	12.835242	0.009017803	28846.178268432617
77	-144.275	20.454998	-123.82	-164.73	1000.0	153999	-12.879551	4.53089	-1.0931678	-21.3104	12.881545	0.009767739	28885.937351703644
78	-120.354996	20.725002	-99.63	-141.08	1000.0	155999	-12.884189	4.518946	-1.1212871	-21.318932	12.886109	0.008755529	28969.69282054901
79	-76.99	55.1	-21.89	-132.09	666.5	157999	-12.892066	4.500386	-1.1235019	-21.28431	12.893826	0.008715834	29107.629324913025
80	-92.35333	56.14566	-15.33	-147.57	768.3333	159999	-12.900931	4.488004	-1.0779607	-21.402365	12.902472	0.008045344	29310.32384610176
81	-156.29001	0.37999725	-155.91	-156.67	1000.0	161999	-12.920519	4.4944305	-1.0156972	-21.35146	12.922277	0.007316766	29367.225970506668
82	-137.35	8.159996	-129.19	-145.51	1000.0	163999	-12.94131	4.486932	-1.0850477	-21.380062	12.94256	0.009560015	29982.781503677368
83	-74.066666	39.432842	-18.31	-102.85	771.6667	165999	-12.892211	4.4806585	-1.0729034	-21.282906	12.893464	0.008559374	31659.107072353363
84	-123.785	2.1049995	-121.68	-125.89	1000.0	167999	-12.892214	4.450495	-0.9522793	-21.315985	12.893787	0.010304798	31823.187834978104
85	-45.899998	44.970074	-19.76	-123.79	499.75	169999	-12.860009	4.466493	-0.94940627	-21.315165	12.861688	0.008949872	32289.97865796089
86	-148.82	28.29	-120.53	-177.11	1000.0	171999	-12.845549	4.473777	-0.9494667	-21.313763	12.847179	0.00778113	32331.684438943863
87	-134.025	1.5750046	-132.45	-135.6	1000.0	173999	-12.877225	4.466149	-0.98651135	-21.315866	12.879025	0.010488735	32372.79236316681
88	-55.342503	56.025993	-18.25	-151.95	507.25	175999	-12.87009	4.4707694	-0.9704582	-21.36337	12.871543	0.008597785	33138.12983870506
89	-141.51	34.389996	-107.12	-175.9	1000.0	177999	-12.853682	4.490908	-0.9380953	-21.189888	12.855088	0.0072164764	33181.388632297516
90	-38.7875	40.920647	-11.11	-109.52	458.25	179999	-12.881673	4.470603	-1.0262667	-21.219307	12.883069	0.006464944	33786.519068956375
91	-87.22666	48.31062	-18.94	-123.26	774.3333	181999	-12.811245	4.4936094	-1.1073742	-21.42259	12.812549	0.010376135	33966.56000971794
92	-157.37	8.049995	-149.32	-165.42	1000.0	183999	-12.818024	4.476264	-1.0869828	-21.214571	12.819202	0.008811071	34006.712431907654
93	-75.315	52.925003	-22.39	-128.24	675.5	185999	-12.836739	4.4735036	-1.0408638	-21.178844	12.837832	0.008961182	34181.90048766136
94	-68.115	48.25133	-18.96	-126.12	663.75	187999	-12.802746	4.4592633	-1.0722141	-21.183332	12.803619	0.008531975	34485.658056259155
95	-130.93	18.849998	-112.08	-149.78	1000.0	189999	-12.770858	4.46619	-1.0568895	-21.183813	12.772056	0.008386622	34527.30446219444
96	-71.69666	75.52656	-17.21	-178.5	543.3333	191999	-12.781259	4.4810624	-1.1039312	-21.17481	12.782387	0.0067150965	34874.70258355141
97	-173.515	2.274994	-171.24	-175.79	1000.0	193999	-12.82989	4.494935	-1.179692	-21.197634	12.831061	0.00946426	34915.13197159767
98	-154.76999	2.2600021	-152.51	-157.03	1000.0	195999	-12.869308	4.4993396	-1.1686453	-21.219843	12.87046	0.008386839	34957.03706693649
99	-145.94	13.270004	-132.67	-159.21	1000.0	197999	-12.893935	4.4862475	-1.1542712	-21.174738	12.895316	0.008788885	34998.08580207825
100	-111.670006	63.013218	-23.32	-165.93	783.0	199999	-12.911081	4.496519	-1.0570076	-21.234226	12.912095	0.0076708845	35266.4445745945
101	-161.825	2.324997	-159.5	-164.15	1000.0	201999	-12.922568	4.506824	-1.1104708	-21.163563	12.923768	0.00793578	35306.52367925644
102	-134.7	12.360001	-122.34	-147.06	1000.0	203999	-12.959191	4.4733953	-1.0030428	-21.134043	12.960606	0.008404916	35349.58050632477
103	-77.665	60.885002	-16.78	-138.55	662.0	205999	-12.946596	4.4769273	-1.1048868	-21.242289	12.947826	0.006818852	35618.16705918312
104	-160.49	0.7200012	-159.77	-161.21	1000.0	207999	-12.98962	4.469622	-1.0655642	-21.162056	12.990607	0.007523631	35683.04109072685
105	-104.705	13.445	-91.26	-118.15	961.5	209999	-12.982602	4.477168	-0.9390295	-21.100683	12.983498	0.00715899	36649.79397559166
106	-182.23001	6.6299973	-175.6	-188.86	1000.0	211999	-13.027149	4.478019	-0.9178815	-21.216148	13.028318	0.01002489	36698.757414102554
107	-116.22	69.063324	-20.18	-179.63	775.3333	213999	-13.041142	4.4868803	-0.9529769	-21.243635	13.042149	0.008600604	36877.49221944809
108	-111.44333	67.84217	-19.46	-181.06	783.3333	215999	-13.059795	4.5114036	-0.8377868	-21.236557	13.060487	0.0094847055	37070.59483385086
109	-143.05501	30.655003	-112.4	-173.71	1000.0	217999	-13.059438	4.5279837	-0.90445805	-21.204866	13.0601	0.0050540008	37111.81212806702
110	-65.17	64.91948	-19.22	-156.98	549.0	219999	-13.067047	4.5233026	-0.8731744	-21.234917	13.067591	0.006592976	37514.61619710922
111	-116.59666	70.665436	-16.93	-172.78	767.6667	221999	-13.089763	4.530846	-0.83159655	-21.1901	13.089991	0.0068113077	37787.34534049034
112	-96.535	76.15501	-20.38	-172.69	664.5	223999	-13.099266	4.5484285	-0.83708405	-21.232378	13.099752	0.0060676127	37910.14273071289
113	-130.91	5.640003	-125.27	-136.55	1000.0	225999	-13.07509	4.53849	-0.8998786	-21.252949	13.075435	0.008514866	37951.61659479141
114	-131.335	17.435001	-113.9	-148.77	1000.0	227999	-13.077433	4.526607	-0.9268397	-21.170616	13.077903	0.009577597	38906.11259460449
115	-73.9075	63.4809	-12.55	-169.18	639.5	229999	-13.053029	4.5442514	-0.9889573	-21.209986	13.05391	0.008256819	39227.62522959709
116	-137.47	17.7	-119.77	-155.17	1000.0	231999	-13.065284	4.5384054	-0.9380554	-21.159166	13.066164	0.0074407845	39266.974118471146
117	-133.59	26.219997	-107.37	-159.81	1000.0	233999	-13.065485	4.537025	-0.90501964	-21.248	13.066375	0.0077960677	39308.73847556114
118	-159.54999	3.8499985	-155.7	-163.4	1000.0	235999	-13.091295	4.5436234	-0.86092913	-21.153276	13.092326	0.008315518	39348.76357269287
119	-160.14499	2.715004	-157.43	-162.86	1000.0	237999	-13.122159	4.53755	-0.81600463	-21.092754	13.12325	0.008957281	39645.901676654816
120	-110.16	12.02	-98.14	-122.18	1000.0	239999	-13.133225	4.53586	-0.7949319	-21.149364	13.134093	0.007039348	40670.696120500565
121	-133.205	32.414997	-100.79	-165.62	1000.0	241999	-13.14934	4.513012	-0.7392775	-21.117393	13.1502905	0.006964483	41431.056064367294
122	-149.68	7.829994	-141.85	-157.51	1000.0	243999	-13.160215	4.5269446	-0.74921983	-21.131924	13.161064	0.006317039	41492.512791633606
123	-169.815	8.635002	-161.18	-178.45	1000.0	245999	-13.174077	4.523428	-0.8515891	-21.196981	13.175053	0.007974221	41557.15053105354
124	-165.525	3.215004	-162.31	-168.74	1000.0	247999	-13.219683	4.535935	-0.71133375	-21.119596	13.220852	0.009405365	41841.80485916138
125	-45.583332	35.53914	-19.46	-95.83	547.3333	249999	-13.19748	4.555534	-0.73811	-21.209671	13.198703	0.006194484	42890.847819805145
126	-61.870003	48.27071	-17.61	-134.09	605.5	251999	-13.198776	4.5680866	-0.7070791	-21.231716	13.199845	0.0077457535	44075.097059726715
127	-144.65	23.16	-121.49	-167.81	1000.0	253999	-13.194715	4.5657434	-0.6795579	-21.23987	13.195705	0.008772528	44323.18729352951
128	-82.765	25.684998	-57.08	-108.45	800.5	255999	-13.164115	4.5666604	-0.6829269	-21.24828	13.165418	0.008528824	44697.76552891731
129	-150.09	3.1900024	-146.9	-153.28	1000.0	257999	-13.165752	4.5680304	-0.71668816	-21.317966	13.166826	0.007467066	44737.048830509186
130	-84.795	62.561745	-22.22	-158.89	674.0	259999	-13.207662	4.545313	-0.5889517	-21.329882	13.20882	0.007543952	44979.68232011795
131	-88.98	71.01	-17.97	-159.99	661.0	261999	-13.187626	4.574073	-0.7282162	-21.298841	13.188992	0.008499049	45222.19440197945
132	-124.54	73.524376	-20.68	-180.78	772.6667	263999	-13.211919	4.593748	-0.6815678	-21.532991	13.213238	0.0068928367	45386.55790114403
133	-115.28	7.75	-107.53	-123.03	1000.0	265999	-13.225661	4.593525	-0.78480625	-21.674051	13.227099	0.008251532	45426.19659972191
134	-112.38999	65.44689	-20.25	-166.05	776.6667	267999	-13.246976	4.577205	-0.7548586	-21.544235	13.248171	0.006402208	45656.37120127678
135	-119.53	5.8099976	-113.72	-125.34	1000.0	269999	-13.247322	4.5851192	-0.65645754	-21.54157	13.248714	0.007286237	45696.618787288666
136	-146.545	35.744995	-110.8	-182.29	1000.0	271999	-13.2330675	4.5750566	-0.69785535	-21.558388	13.234545	0.0054002185	45738.09527850151
137	-56.095	57.825977	-22.04	-156.25	507.5	273999	-13.2469635	4.579986	-0.6835222	-21.560125	13.248237	0.008705582	45986.41648006439
138	-123.575	23.814999	-99.76	-147.39	1000.0	275999	-13.256965	4.5833077	-0.6468338	-21.604181	13.258322	0.006866345	46029.967336416245
139	-154.85999	4.4300003	-150.43	-159.29	1000.0	277999	-13.260394	4.5736127	-0.6975329	-21.621073	13.261672	0.0077480352	46077.037737846375
140	-135.64499	23.864998	-111.78	-159.51	1000.0	279999	-13.263018	4.5859404	-0.7192447	-21.600353	13.264572	0.0056984606	46118.75294446945
141	-47.1425	48.36881	-16.21	-130.77	493.0	281999	-13.255645	4.589857	-0.5312518	-21.608267	13.256951	0.007410697	46529.2107732296
142	-45.87	41.466526	-16.91	-117.42	498.25	283999	-13.24068	4.6081734	-0.6177919	-21.618818	13.24203	0.009312977	47162.72492957115
143	-162.965	2.6849976	-160.28	-165.65	1000.0	285999	-13.2274275	4.6153274	-0.64776886	-21.64971	13.228855	0.006778164	47221.85097813606
144	-55.2	34.95	-20.25	-90.15	608.0	287999	-13.2328415	4.602159	-0.6273763	-21.649578	13.234105	0.010255802	48336.75059437752
145	-60.454998	68.89085	-17.66	-179.73	494.75	289999	-13.219016	4.641325	-0.59091973	-21.611269	13.220229	0.006313253	48756.37052297592
146	-74.77	62.82935	-14.05	-167.02	657.25	291999	-13.222983	4.6479874	-0.5855343	-21.62259	13.224168	0.00885272	49170.22993659973
147	-136.125	18.035004	-118.09	-154.16	1000.0	293999	-13.179415	4.6667247	-0.53511345	-21.639936	13.181004	0.0086974185	49209.89775323868
148	-134.82	5.439995	-129.38	-140.26	1000.0	295999	-13.217455	4.637585	-0.61376977	-21.61224	13.218922	0.0077435123	49287.07801580429
149	-45.390003	38.552917	-17.72	-99.91	545.3333	297999	-13.187697	4.6433897	-0.65004736	-21.698595	13.188932	0.009694783	50602.21578335762
150	-111.25333	65.15347	-19.27	-161.91	770.3333	299999	-13.192585	4.6589427	-0.66238415	-21.605038	13.193987	0.0052661267	50923.08663916588
151	-91.246666	59.376217	-14.71	-159.43	751.3333	301999	-13.214595	4.6406317	-0.7758119	-21.621487	13.215936	0.0072765322	51882.60100197792
152	-116.369995	9.049999	-107.32	-125.42	1000.0	303999	-13.20935	4.6401896	-0.74750257	-21.642376	13.210523	0.007920849	51923.9700756073
153	-155.815	6.0149994	-149.8	-161.83	1000.0	305999	-13.186109	4.6348767	-0.58637416	-21.62961	13.1874485	0.009798477	51971.6174018383
154	-147.705	34.694996	-113.01	-182.4	1000.0	307999	-13.215789	4.615138	-0.7498392	-21.618753	13.217249	0.00833062	52012.00492143631
155	-64.15	49.54	-14.61	-113.69	635.5	309999	-13.210182	4.638869	-0.7224367	-21.619982	13.211261	0.0074230223	52272.597022771835
156	-110.276665	63.006527	-21.18	-155.86	778.0	311999	-13.214921	4.632618	-0.63427293	-21.595417	13.216227	0.009879336	52414.5332300663
157	-148.525	6.6749954	-141.85	-155.2	1000.0	313999	-13.242526	4.626646	-0.74952656	-21.627691	13.243662	0.005573555	52457.57596063614
158	-153.88	16.010002	-137.87	-169.89	1000.0	315999	-13.243749	4.6371164	-0.7288673	-21.595629	13.244928	0.007704179	52499.59755587578
159	-144.91	33.08	-111.83	-177.99	1000.0	317999	-13.247155	4.627962	-0.7474849	-21.594791	13.248321	0.007500932	52539.582468509674
160	-136.405	0.92500305	-135.48	-137.33	1000.0	319999	-13.28383	4.611767	-0.826151	-21.645359	13.284938	0.009249974	52579.52714562416
161	-102.47666	58.186172	-20.21	-145.22	773.6667	321999	-13.270634	4.6173024	-0.82885814	-21.533699	13.271782	0.0070207184	52761.01784491539
162	-51.030003	51.49395	-19.08	-140.16	496.75	323999	-13.273884	4.6130857	-0.8240476	-21.646803	13.27536	0.0072540045	53204.45905542374
163	-79.15	57.15	-22.0	-136.3	672.5	325999	-13.239966	4.632306	-0.8818312	-21.567207	13.241328	0.006409656	53369.377709150314
164	-131.39	14.25	-117.14	-145.64	1000.0	327999	-13.261651	4.630626	-0.8456267	-21.570633	13.262938	0.0055847075	53409.35040831566
165	-99.50666	58.512802	-17.97	-152.5	769.0	329999	-13.275055	4.616783	-0.8520247	-21.54888	13.2762165	0.005639268	53970.588857889175
166	-109.56	17.670002	-91.89	-127.23	1000.0	331999	-13.2438135	4.608505	-0.77021205	-21.660902	13.245216	0.0075796125	54956.962118148804
167	-82.990005	70.23822	-15.96	-179.99	628.0	333999	-13.256227	4.6076007	-0.956237	-21.58371	13.257888	0.0073470683	55321.96366095543
168	-130.01999	20.379997	-109.64	-150.4	1000.0	335999	-13.248555	4.6218333	-0.8469291	-21.556847	13.249754	0.0071329307	55361.1260163784
169	-71.05333	75.332855	-17.67	-177.59	541.0	337999	-13.253445	4.6276402	-0.89418566	-21.561277	13.254694	0.0066141062	55682.58507871628
170	-104.44	62.415905	-24.88	-177.33	782.0	339999	-13.269993	4.636287	-0.8682641	-21.612349	13.271258	0.0068044118	55819.28656053543
171	-127.985	8.115002	-119.87	-136.1	1000.0	341999	-13.270033	4.632527	-0.78379965	-21.557035	13.271149	0.0067218817	55859.88472175598
172	-94.60667	60.668648	-15.88	-163.51	763.0	343999	-13.236759	4.606042	-0.85214067	-21.633642	13.237826	0.005970854	56127.897970438
173	-73.095	52.035	-21.06	-125.13	661.5	345999	-13.234306	4.6146307	-0.8269523	-21.609644	13.235565	0.009542766	56214.914330005646
174	-86.71	50.178455	-17.87	-136.05	767.6667	347999	-13.233776	4.6237216	-0.95622766	-21.58522	13.235078	0.0068762065	56417.51427078247
175	-105.40333	61.534653	-18.9	-156.88	779.6667	349999	-13.226056	4.6316524	-1.0021822	-21.537683	13.227344	0.0066307005	56652.67549991608
176	-136.56	6.8199997	-129.74	-143.38	1000.0	351999	-13.237435	4.625529	-0.9301857	-21.630802	13.238703	0.006672421	56912.66736984253
177	-124.53	22.130001	-102.4	-146.66	1000.0	353999	-13.227419	4.608412	-0.93332005	-21.646986	13.22901	0.007330348	57687.958483457565
178	-144.73	9.970001	-134.76	-154.7	1000.0	355999	-13.269579	4.5940404	-0.920653	-21.549757	13.270996	0.0059695025	57727.15462422371
179	-52.41	60.882736	-16.03	-157.84	481.0	357999	-13.267925	4.599288	-1.005861	-21.604187	13.26946	0.0056772484	58277.51310324669
180	-137.95999	11.129997	-126.83	-149.09	1000.0	359999	-13.255305	4.587527	-1.0307276	-21.574266	13.256592	0.006268413	58636.746148109436
181	-67.78	42.211063	-19.45	-122.29	655.3333	361999	-13.229886	4.602135	-0.9923558	-21.556091	13.231194	0.010091046	59148.85824131966
182	-152.57	12.840004	-139.73	-165.41	1000.0	363999	-13.263747	4.5914702	-0.90447676	-21.543827	13.265196	0.005351705	59188.180165052414
183	-147.84	14.349998	-133.49	-162.19	1000.0	365999	-13.249881	4.593492	-0.95331025	-21.636644	13.251463	0.00911833	59229.66097545624
184	-84.465	76.14362	-12.61	-193.05	608.75	367999	-13.274597	4.5930796	-0.9800205	-21.587261	13.27642	0.0063374904	59460.06233048439
185	-69.92	77.191154	-13.79	-179.07	524.0	369999	-13.274563	4.6119447	-0.95635116	-21.708315	13.276139	0.0074531403	59931.34583711624
186	-95.66999	57.45347	-19.43	-158.12	766.6667	371999	-13.274305	4.620218	-0.8679545	-21.601543	13.275649	0.0070902463	60100.77778530121
187	-165.725	14.465004	-151.26	-180.19	1000.0	373999	-13.272443	4.6140385	-0.7794978	-21.740877	13.273804	0.0071008126	60142.11596083641
188	-96.649994	76.329994	-20.32	-172.98	660.5	375999	-13.303827	4.6251736	-0.79218405	-21.649931	13.305553	0.009408619	60343.27843928337
189	-80.2325	65.89735	-15.47	-167.59	653.0	377999	-13.296823	4.634526	-0.8708899	-21.597872	13.29829	0.0065675233	60625.88281130791
190	-143.82	10.209999	-133.61	-154.03	1000.0	379999	-13.293929	4.647701	-0.7945039	-21.569805	13.295106	0.008058926	60668.38674712181
191	-61.716663	50.85445	-22.76	-133.55	562.0	381999	-13.281977	4.645423	-0.7782531	-21.567562	13.283115	0.004514676	61074.70169591904
192	-117.7	21.880001	-95.82	-139.58	1000.0	383999	-13.289618	4.628255	-0.72810847	-21.616528	13.290682	0.005180951	61117.77530837059
193	-77.09	46.32369	-13.2	-121.58	753.0	385999	-13.266028	4.6266823	-0.7517748	-21.656185	13.267155	0.007841017	62327.81835412979
194	-171.16	0.44999695	-170.71	-171.61	1000.0	387999	-13.292352	4.628079	-0.86207366	-21.620707	13.293457	0.0035665352	62535.27434015274
195	-73.565	57.385	-16.18	-130.95	659.0	389999	-13.256071	4.6452994	-0.9255908	-21.643307	13.257026	0.0076479902	62630.081748723984
196	-86.58499	70.0201	-14.87	-176.43	658.5	391999	-13.274351	4.6426578	-0.9192198	-21.62548	13.275476	0.006458982	63005.50254583359
197	-169.275	7.385002	-161.89	-176.66	1000.0	393999	-13.279126	4.651987	-0.9508976	-21.638103	13.280168	0.0059826225	63182.89881682396
198	-68.98	47.850002	-21.13	-116.83	661.0	395999	-13.273699	4.639221	-1.0173384	-21.59779	13.275014	0.006630895	63231.48035812378
199	-109.825	11.924999	-97.9	-121.75	1000.0	397999	-13.267151	4.6447387	-0.97946084	-21.609488	13.268547	0.008801319	64242.38606619835
200	-87.526665	45.918285	-22.66	-122.6	781.6667	399999	-13.243792	4.645918	-0.9219692	-21.552864	13.245147	0.007682875	64401.9589369297
201	-137.60501	6.9749985	-130.63	-144.58	1000.0	401999	-13.258481	4.631756	-0.95569265	-21.650925	13.259626	0.0070857806	64443.05711388588
202	-139.855	27.015	-112.84	-166.87	1000.0	403999	-13.279896	4.6225524	-0.900707	-21.647598	13.281291	0.0065987604	64490.51310420036
203	-147.89	23.210003	-124.68	-171.1	1000.0	405999	-13.297043	4.6161356	-0.8897519	-21.717512	13.298297	0.006340794	64531.194886446
204	-103.69334	66.01571	-16.86	-176.81	772.0	407999	-13.274875	4.6246634	-0.8639358	-21.583145	13.276177	0.0075251544	64753.78215813637
205	-85.095	64.125	-20.97	-149.22	671.0	409999	-13.303377	4.6090984	-0.9408052	-21.602	13.304563	0.007691682	64884.602180719376
206	-147.855	27.934998	-119.92	-175.79	1000.0	411999	-13.301522	4.623715	-0.98290265	-21.628767	13.303149	0.010858434	64928.21352362633
207	-94.86	60.21508	-20.65	-157.24	712.5	413999	-13.30058	4.6292596	-1.017778	-21.629726	13.302011	0.00795027	65616.43648648262
208	-65.25667	58.079704	-17.77	-147.04	552.0	415999	-13.301484	4.6085324	-0.9946772	-21.62503	13.302721	0.008591585	66060.95378470421
209	-131.36	24.11	-107.25	-155.47	1000.0	417999	-13.278232	4.6262975	-1.0509918	-21.686409	13.279249	0.009144678	66100.95113611221
210	-71.246666	38.48867	-17.56	-105.86	768.3333	419999	-13.292172	4.6045227	-1.0175384	-21.654406	13.293328	0.0057415036	67326.7709505558
211	-54.917496	63.302685	-17.98	-164.56	483.75	421999	-13.249215	4.6380672	-1.0590324	-21.699585	13.250477	0.008891496	67864.75813245773
212	-140.34	29.579998	-110.76	-169.92	1000.0	423999	-13.256638	4.644741	-0.9961127	-21.720524	13.257777	0.0056164083	67904.60154557228
213	-149.12	14.510002	-134.61	-163.63	1000.0	425999	-13.263687	4.6426253	-1.030761	-21.657629	13.2649145	0.0071536084	67945.97196960449
214	-139.51999	1.4000015	-138.12	-140.92	1000.0	427999	-13.281894	4.622925	-0.9329878	-21.648464	13.283149	0.0053408914	68136.71545934677
215	-51.796665	38.27702	-17.72	-105.26	561.3333	429999	-13.2803135	4.60375	-1.0402339	-21.658476	13.28124	0.0058700247	68529.90214681625
216	-84.473335	49.48792	-18.79	-138.24	773.3333	431999	-13.238326	4.6336727	-0.97563374	-21.712183	13.2393465	0.007466828	68788.78348636627
217	-90.245	67.895	-22.35	-158.14	666.5	433999	-13.256839	4.6122255	-1.0646571	-21.671833	13.257814	0.0065464135	68973.9679172039
218	-164.20001	16.379997	-147.82	-180.58	1000.0	435999	-13.263495	4.618629	-1.0992488	-21.713036	13.264705	0.00978072	69014.0468506813
219	-100.70334	58.67501	-23.23	-165.18	782.0	437999	-13.259534	4.616482	-0.9726558	-21.68856	13.260824	0.008065165	69210.15468168259
220	-135.60501	18.805	-116.8	-154.41	1000.0	439999	-13.255541	4.6273403	-0.980719	-21.81184	13.256779	0.007451557	69248.17434763908
221	-70.82333	74.98929	-14.4	-176.8	540.6667	441999	-13.27782	4.6266475	-1.0156336	-21.8045	13.279069	0.0076529	69568.37856316566
222	-97.4	57.312347	-17.45	-148.91	769.3333	443999	-13.271902	4.6258435	-1.1769981	-21.700678	13.273073	0.006306844	69803.97397565842
223	-147.515	14.514999	-133.0	-162.03	1000.0	445999	-13.264447	4.6284227	-1.0256826	-21.714687	13.265742	0.008332484	69844.09769272804
224	-139.545	18.365002	-121.18	-157.91	1000.0	447999	-13.262786	4.6321635	-1.091544	-21.629036	13.263951	0.009730375	69883.32962322235
225	-149.63501	11.474998	-138.16	-161.11	1000.0	449999	-13.297647	4.616694	-1.0439086	-21.58053	13.298967	0.006710139	69921.68171644211
226	-126.034996	15.445	-110.59	-141.48	1000.0	451999	-13.2679825	4.6149154	-1.0054634	-21.593987	13.269301	0.008155871	69960.15476202965
227	-169.625	10.294998	-159.33	-179.92	1000.0	453999	-13.298354	4.621608	-0.9797159	-21.644041	13.299496	0.0065996577	69998.81665992737
228	-69.48334	66.502144	-21.99	-163.53	555.6667	455999	-13.325105	4.6036243	-0.9633954	-21.652313	13.32626	0.0059580235	70249.78546738625
229	-115.12	13.950005	-101.17	-129.07	1000.0	457999	-13.29968	4.620042	-0.97956735	-21.607983	13.30079	0.0067962194	70288.92716884613
230	-45.565	40.090775	-13.94	-113.58	499.75	459999	-13.274902	4.625537	-0.91241777	-21.63783	13.276153	0.0066655767	70940.76573824883
231	-116.455	12.505005	-103.95	-128.96	1000.0	461999	-13.289931	4.606893	-1.0069294	-21.726788	13.291159	0.008562576	70979.88694953918
232	-124.32	19.230003	-105.09	-143.55	1000.0	463999	-13.28114	4.6104546	-0.99430597	-21.61315	13.282377	0.006523554	71018.29991149902
233	-90.56667	52.226284	-20.39	-145.6	771.6667	465999	-13.263703	4.609129	-1.0837669	-21.605778	13.265039	0.0096228495	71179.20269274712
234	-154.1	3.5100021	-150.59	-157.61	1000.0	467999	-13.26748	4.6082764	-1.0265348	-21.67272	13.26876	0.0062420727	71219.63111543655
235	-124.11	16.350002	-107.76	-140.46	1000.0	469999	-13.278418	4.6132584	-1.0939345	-21.59096	13.279584	0.0059938347	71797.6355855465
236	-38.6725	37.772964	-16.29	-104.09	472.5	471999	-13.255877	4.6209855	-0.9803535	-21.626465	13.257099	0.006385559	72697.71427226067
237	-150.635	27.865004	-122.77	-178.5	1000.0	473999	-13.280571	4.6116166	-0.96854395	-21.6334	13.281846	0.007346172	72736.4837846756
238	-114.63334	72.81133	-16.76	-191.28	771.0	475999	-13.283172	4.614126	-0.98122835	-21.722805	13.284506	0.00791656	72956.0163526535
239	-142.2	17.39	-124.81	-159.59	1000.0	477999	-13.277822	4.6252956	-0.98354024	-21.749157	13.278957	0.004889635	72994.4637196064
240	-95.26667	58.99097	-12.45	-145.39	762.6667	479999	-13.29162	4.6060624	-0.9982675	-21.59368	13.29297	0.006705932	73238.58443307877
241	-121.94499	9.344997	-112.6	-131.29	1000.0	481999	-13.2781925	4.608775	-0.818667	-21.680618	13.279679	0.006644793	73278.26118469238
242	-155.84	26.779999	-129.06	-182.62	1000.0	483999	-13.295561	4.606413	-1.0223905	-21.618048	13.2971	0.006921145	73318.10253620148
243	-54.539997	52.42008	-16.88	-128.67	545.0	485999	-13.286943	4.6311426	-0.97706467	-21.710073	13.288053	0.0059165754	73635.50946617126
244	-99.793335	62.479496	-15.65	-165.22	765.3333	487999	-13.285832	4.626597	-0.84900206	-21.641968	13.287185	0.008137267	73849.84463119507
245	-151.35	4.0499954	-147.3	-155.4	1000.0	489999	-13.280585	4.62443	-0.9513498	-21.664639	13.28223	0.008084813	73888.18095326424
246	-65.51666	64.71509	-18.21	-157.02	558.6667	491999	-13.294104	4.627964	-0.89903075	-21.608944	13.295447	0.005594969	74228.5164232254
247	-95.485	6.324997	-89.16	-101.81	1000.0	493999	-13.315657	4.6285663	-0.94701463	-21.70361	13.317031	0.007862024	74269.93026542664
248	-120.78666	71.98296	-19.13	-176.28	766.3333	495999	-13.2932	4.6382074	-1.006171	-21.718176	13.294525	0.01031785	74669.97122240067
249	-67.64333	71.39963	-15.53	-168.6	532.3333	497999	-13.277842	4.6462307	-1.0560702	-21.629509	13.279364	0.009263328	74911.77245116234
250	-119.11	29.910004	-89.2	-149.02	1000.0	499999	-13.306147	4.644936	-0.95155644	-21.661287	13.3075075	0.005224205	75860.0815076828
251	-67.087494	50.13453	-14.79	-131.67	663.75	501999	-13.278204	4.6437387	-0.9025384	-21.662228	13.2793665	0.0062982724	76165.07648038864
252	-88.505	74.384995	-14.12	-162.89	605.5	503999	-13.28804	4.638506	-0.8722795	-21.714102	13.28931	0.006173919	76284.3583817482
253	-144.815	30.735	-114.08	-175.55	1000.0	505999	-13.2741165	4.6535363	-0.9357965	-21.671373	13.275414	0.007173765	76323.45945549011
254	-67.627495	47.263718	-19.55	-116.08	663.25	507999	-13.270577	4.645168	-0.85234267	-21.654728	13.271703	0.0049439985	76584.07890152931
255	-81.805	60.864998	-20.94	-142.67	664.5	509999	-13.262285	4.645335	-0.9286036	-21.673433	13.263411	0.0065731276	76818.26614379883
256	-85.5	61.878437	-18.02	-161.03	671.0	511999	-13.259598	4.6562777	-0.8039835	-21.686037	13.260768	0.0071045463	77318.67271518707
257	-76.07	78.628	-12.64	-186.88	526.3333	513999	-13.267459	4.665911	-0.8139752	-21.653172	13.268655	0.0083743995	77730.76948571205
258	-163.06	14.07	-148.99	-177.13	1000.0	515999	-13.285276	4.662449	-0.7744563	-21.629015	13.286567	0.007278002	77770.7681825161
259	-96.93667	55.3109	-19.82	-146.84	772.0	517999	-13.28484	4.6733475	-0.7714989	-21.718801	13.286082	0.00832755	78009.72470402718
260	-143.915	28.484997	-115.43	-172.4	1000.0	519999	-13.2899685	4.6662626	-0.7941417	-21.681862	13.29099	0.0072218482	78048.79907011986
261	-118.145004	7.234997	-110.91	-125.38	1000.0	521999	-13.27325	4.6503468	-0.782358	-21.640694	13.2742405	0.0062612314	78148.01801943779
262	-72.744995	51.175	-21.57	-123.92	661.5	523999	-13.269631	4.654561	-0.7900418	-21.65251	13.27064	0.0056735678	78287.21591639519
263	-123.77	18.93	-104.84	-142.7	1000.0	525999	-13.254956	4.6521354	-0.89768493	-21.661642	13.255945	0.0063109365	78326.10736203194
264	-43.693333	50.551006	-16.42	-155.66	439.33334	527999	-13.257184	4.6516705	-0.90950334	-21.805414	13.258482	0.0062844553	79447.77753829956
265	-142.93	14.150002	-128.78	-157.08	1000.0	529999	-13.276808	4.65401	-0.9221346	-21.715477	13.278037	0.005892317	79487.00091838837
266	-128.5	19.339996	-109.16	-147.84	1000.0	531999	-13.249163	4.65155	-0.9677775	-21.677704	13.250341	0.0075403987	79525.10524177551
267	-88.47	55.84097	-17.46	-153.9	748.6667	533999	-13.258475	4.6357336	-0.9304966	-21.669338	13.2596445	0.0075528584	80676.10908007622
268	-134.64	21.130001	-113.51	-155.77	1000.0	535999	-13.244522	4.6490636	-0.8891798	-21.685905	13.245644	0.008710487	80715.84500646591
269	-156.07999	12.540001	-143.54	-168.62	1000.0	537999	-13.277254	4.6467834	-0.9174768	-21.649939	13.278474	0.00784325	80754.79932403564
270	-136.6	13.409996	-123.19	-150.01	1000.0	539999	-13.282557	4.641161	-0.9346823	-21.66988	13.283697	0.0039956	80794.33708167076
271	-138.185	5.5250015	-132.66	-143.71	1000.0	541999	-13.300325	4.6330504	-0.92978156	-21.68205	13.30137	0.006177541	80832.66715168953
272	-125.545	3.4750023	-122.07	-129.02	1000.0	543999	-13.284727	4.6274333	-0.91639704	-21.675207	13.28594	0.005992984	80872.02464795113
273	-91.07	69.52	-21.55	-160.59	668.0	545999	-13.28639	4.630057	-0.9315092	-21.623884	13.28756	0.006729161	81590.2847290039
274	-130.545	41.865	-88.68	-172.41	957.5	547999	-13.300037	4.6168523	-0.9685802	-21.634985	13.301096	0.00706792	81869.82144618034
275	-143.26999	10.290001	-132.98	-153.56	1000.0	549999	-13.291767	4.635116	-0.9318841	-21.61121	13.292785	0.00653285	81909.53505849838
276	-105.68	28.062937	-66.26	-129.37	910.6667	551999	-13.301217	4.620269	-0.93202966	-21.646431	13.302527	0.0071968986	82598.52734804153
277	-80.995	42.235	-38.76	-123.23	708.5	553999	-13.312179	4.6031947	-0.8918311	-21.633444	13.313418	0.006466539	82918.85889744759
278	-83.08499	65.918	-14.66	-151.43	654.5	555999	-13.303162	4.603899	-0.93474615	-21.675499	13.304151	0.0078070625	83312.29817247391
279	-71.83666	53.17138	-16.78	-143.72	636.3333	557999	-13.269973	4.6233253	-0.9204474	-21.616611	13.271274	0.0066689407	83985.17533683777
280	-133.095	0.125	-132.97	-133.22	1000.0	559999	-13.28873	4.626201	-0.9705027	-21.664722	13.289689	0.004377801	84024.76288819313
281	-78.455	60.145004	-18.31	-138.6	665.0	561999	-13.279507	4.6267424	-0.9137611	-21.661083	13.280878	0.0075298296	84303.66449809074
282	-162.88	11.450005	-151.43	-174.33	1000.0	563999	-13.303102	4.6231937	-0.9468083	-21.783176	13.304201	0.00636455	84341.77636480331
283	-85.619995	68.42684	-14.96	-156.23	649.25	565999	-13.297084	4.622894	-0.9915306	-21.654879	13.298427	0.0068032607	84691.79072499275
284	-162.845	15.574997	-147.27	-178.42	1000.0	567999	-13.308494	4.633202	-1.0347764	-21.676365	13.309762	0.006559447	84742.2821149826
285	-101.32001	83.75001	-17.57	-185.07	650.5	569999	-13.317777	4.6337886	-0.91243523	-21.60956	13.318785	0.00661342	84921.06337714195
286	-115.97	73.82673	-11.68	-172.39	757.3333	571999	-13.314049	4.6449747	-0.8935038	-21.65023	13.31509	0.008387289	85187.33092856407
287	-94.06	58.408424	-18.89	-161.3	775.3333	573999	-13.300635	4.64368	-0.84066176	-21.755892	13.30168	0.0068293293	85349.84863138199
288	-132.14499	26.144995	-106.0	-158.29	1000.0	575999	-13.327348	4.651705	-0.8964906	-21.613775	13.328442	0.006494117	85390.44157862663
289	-117.335	8.775002	-108.56	-126.11	1000.0	577999	-13.317539	4.6290603	-0.86618143	-21.615791	13.318891	0.0062717586	85428.71396589279
290	-80.535	58.205	-22.33	-138.74	666.0	579999	-13.318886	4.6320076	-0.9496583	-21.632206	13.320094	0.005923747	85583.26622319221
291	-145.505	3.7450027	-141.76	-149.25	1000.0	581999	-13.314408	4.635108	-0.9085573	-21.599646	13.315588	0.004507833	85622.21563267708
292	-173.4	3.409996	-169.99	-176.81	1000.0	583999	-13.35577	4.622743	-1.0165465	-21.59824	13.356874	0.0088920705	85660.4357149601
293	-93.09	69.96331	-22.1	-174.19	661.25	585999	-13.359243	4.6312513	-0.92683035	-21.594793	13.360357	0.0056396825	86048.5216960907
294	-79.40501	65.19501	-14.21	-144.6	654.5	587999	-13.347454	4.6178946	-0.970979	-21.601484	13.348363	0.0060589397	86312.82968521118
295	-130.385	32.535	-97.85	-162.92	1000.0	589999	-13.358075	4.623399	-1.1544688	-21.595314	13.359131	0.0052496023	86353.48374438286
296	-145.16	5.919998	-139.24	-151.08	1000.0	591999	-13.349502	4.6158457	-1.1065173	-21.597073	13.350551	0.00939786	86391.62843632698
297	-152.775	6.7249985	-146.05	-159.5	1000.0	593999	-13.366194	4.621235	-1.1510277	-21.641642	13.367092	0.007972609	86429.28752684593
298	-171.185	3.375	-167.81	-174.56	1000.0	595999	-13.361019	4.626444	-1.0975451	-21.55717	13.361957	0.006993717	86467.6878414154
299	-56.7475	64.03114	-18.81	-167.64	501.25	597999	-13.344516	4.641768	-1.1634557	-21.586452	13.345528	0.007400362	86929.50433969498
300	-158.63501	6.5250015	-152.11	-165.16	1000.0	599999	-13.38239	4.6321554	-1.1978384	-21.590836	13.383087	0.007994852	86968.72366666794
301	-147.11	11.860001	-135.25	-158.97	1000.0	601999	-13.3780575	4.6346283	-1.1925633	-21.539232	13.378884	0.0054389946	87006.89965367317
302	-65.84599	58.931713	-17.43	-162.54	588.6	603999	-13.3702135	4.6239877	-1.1645913	-21.66222	13.371007	0.006885462	87543.33158183098
303	-180.995	3.0950012	-177.9	-184.09	1000.0	605999	-13.375366	4.6131067	-1.1977541	-21.551651	13.376029	0.005377873	87581.248306036
304	-61.103333	57.576393	-17.53	-142.46	555.3333	607999	-13.379413	4.6363173	-1.0968206	-21.525139	13.3800955	0.0070180255	87902.66040611267
305	-142.82	17.000004	-125.82	-159.82	1000.0	609999	-13.365192	4.6464415	-1.17552	-21.538328	13.366084	0.006350488	87942.09036874771
306	-136.87	18.700005	-118.17	-155.57	1000.0	611999	-13.348878	4.6341214	-1.1249708	-21.53662	13.3497715	0.00834338	87980.12259173393
307	-134.45999	1.9699936	-132.49	-136.43	1000.0	613999	-13.388304	4.6159725	-1.1990584	-21.518673	13.389086	0.0077385074	88018.3107047081
308	-91.263336	53.133263	-21.09	-149.62	775.0	615999	-13.37273	4.6205187	-1.1278713	-21.48233	13.373549	0.0076901685	88259.90198040009
309	-97.255005	80.905	-16.35	-178.16	656.5	617999	-13.378421	4.629955	-1.129689	-21.519556	13.379458	0.007049893	88482.95976281166
310	-111.950005	64.970856	-20.96	-168.51	779.0	619999	-13.374112	4.624829	-1.1979352	-21.5077	13.375001	0.006095914	88936.0641720295
311	-83.706665	52.543354	-15.63	-143.54	762.6667	621999	-13.374825	4.625714	-1.1184671	-21.47514	13.375791	0.0061681243	89831.3428735733
312	-161.515	1.9750061	-159.54	-163.49	1000.0	623999	-13.368605	4.625743	-1.1726465	-21.54677	13.369375	0.008099058	89869.97593569756
313	-118.119995	20.669998	-97.45	-138.79	1000.0	625999	-13.383165	4.6197248	-1.1853333	-21.471037	13.383938	0.008010406	90821.53772592545
314	-62.64333	62.142864	-17.23	-150.51	545.0	627999	-13.348488	4.639611	-1.2009311	-21.508318	13.349418	0.008062204	91095.81360387802
315	-123.265	3.5950012	-119.67	-126.86	1000.0	629999	-13.358868	4.6144643	-1.1738696	-21.575409	13.359756	0.0062615667	91134.1338069439
316	-180.83499	5.364998	-175.47	-186.2	1000.0	631999	-13.371496	4.6287518	-1.1643379	-21.47227	13.372682	0.008184671	91172.70448493958
317	-146.26001	25.07	-121.19	-171.33	1000.0	633999	-13.369014	4.631385	-1.1481695	-21.461739	13.369875	0.00727562	91211.5245718956
318	-71.26	38.9581	-17.08	-107.01	761.0	635999	-13.367678	4.6255507	-1.1424658	-21.453543	13.368531	0.0066612056	92324.29885530472
319	-119.41	4.6799965	-114.73	-124.09	1000.0	637999	-13.361881	4.617394	-1.1625602	-21.463362	13.362759	0.007170575	92403.85650587082
320	-79.665	62.585	-17.08	-142.25	647.5	639999	-13.372332	4.6131296	-1.1820004	-21.44411	13.373059	0.0041794674	92552.6567389965
321	-132.375	9.345001	-123.03	-141.72	1000.0	641999	-13.37018	4.588853	-1.1149343	-21.678923	13.371457	0.009162344	92593.38650774956
322	-56.202503	67.227684	-15.05	-172.61	491.5	643999	-13.354154	4.6212764	-1.1338775	-21.445944	13.355176	0.008969253	93163.05268502235
323	-116.134995	10.465	-105.67	-126.6	1000.0	645999	-13.336891	4.6264586	-1.0711634	-21.57019	13.337988	0.007539465	93202.1977455616
324	-87.337494	70.793625	-18.32	-181.83	657.75	647999	-13.347781	4.627909	-1.114728	-21.4454	13.348998	0.0070230872	93543.17905569077
325	-158.44	35.35	-123.09	-193.79	1000.0	649999	-13.330016	4.6313925	-1.1358553	-21.591185	13.33098	0.006734804	93728.3013446331
326	-64.1225	66.89486	-16.53	-178.58	516.75	651999	-13.349527	4.627042	-1.1093599	-21.522898	13.350571	0.005484377	94235.79354476929
327	-145.825	11.514999	-134.31	-157.34	1000.0	653999	-13.349301	4.6183505	-1.0571871	-21.491703	13.350119	0.0067151776	94273.77405452728
328	-153.09999	32.079998	-121.02	-185.18	1000.0	655999	-13.359508	4.617536	-1.0936635	-21.494183	13.360342	0.0059455074	94443.85738635063
329	-138.395	45.015003	-93.38	-183.41	967.0	657999	-13.3489685	4.6113677	-1.1148674	-21.50856	13.349934	0.0056232912	95242.8040459156
330	-86.543335	48.966488	-17.32	-122.79	762.0	659999	-13.358636	4.6219025	-1.0351505	-21.484938	13.3595915	0.0050693974	95430.52703905106
331	-85.07	65.15	-19.92	-150.22	656.0	661999	-13.364595	4.6157966	-1.1489376	-21.505621	13.365592	0.0060761	95642.00557518005
332	-132.065	24.554996	-107.51	-156.62	1000.0	663999	-13.3645935	4.6098824	-1.0656135	-21.576672	13.365654	0.0061639673	95681.33635473251
333	-87.956665	50.299286	-18.02	-134.18	767.3333	665999	-13.360026	4.60652	-0.99228024	-21.4956	13.360997	0.004163688	95958.55363440514
334	-128.825	4.0649986	-124.76	-132.89	1000.0	667999	-13.363954	4.608196	-1.1066906	-21.472715	13.365006	0.0056241862	95998.27168297768
335	-112.02334	62.739742	-23.3	-157.12	782.6667	669999	-13.37478	4.5866256	-1.0499889	-21.53544	13.375813	0.0067011933	96167.05181622505
336	-151.91	6.25	-145.66	-158.16	1000.0	671999	-13.3855915	4.6010833	-1.0595723	-21.510836	13.386475	0.006314294	96205.8075401783
337	-169.87	10.809998	-159.06	-180.68	1000.0	673999	-13.3800335	4.6103697	-1.038219	-21.542738	13.380987	0.0066110445	96244.31154751778
338	-134.285	19.274998	-115.01	-153.56	1000.0	675999	-13.401451	4.599955	-1.0110447	-21.492262	13.402488	0.007423851	96283.25447630882
339	-65.795	53.275	-12.52	-119.07	641.0	677999	-13.400185	4.5950465	-1.0533053	-21.485846	13.40121	0.007398292	96534.36465930939
340	-75.555	63.35631	-11.4	-157.78	633.75	679999	-13.393961	4.6114254	-1.0492874	-21.533047	13.395192	0.008746002	96906.29638504982
341	-143.135	25.014996	-118.12	-168.15	1000.0	681999	-13.393183	4.6070642	-1.0404987	-21.596548	13.394258	0.006538186	96993.12226939201
342	-73.04	51.47	-21.57	-124.51	663.0	683999	-13.379557	4.612221	-1.1156818	-21.536318	13.380551	0.0063926363	97134.15306949615
343	-71.04	52.569378	-17.67	-130.78	663.0	685999	-13.378893	4.5975733	-1.0908542	-21.530659	13.380161	0.008470291	97617.44117641449
344	-71.43	50.949997	-20.48	-122.38	666.0	687999	-13.35754	4.606304	-1.0932323	-21.540657	13.358809	0.005701167	97733.12467288971
345	-83.71	61.00042	-19.37	-174.68	690.25	689999	-13.383594	4.599969	-1.1905723	-21.529451	13.38447	0.0056692287	98231.47918438911
346	-50.903336	37.631516	-17.23	-103.43	561.6667	691999	-13.371737	4.608796	-1.126792	-21.590136	13.3729315	0.0050210995	99772.19101071358
347	-138.455	22.414997	-116.04	-160.87	1000.0	693999	-13.340012	4.6075726	-1.1071332	-21.538883	13.341033	0.005791734	99847.46432518959
348	-156.97	0.6300049	-156.34	-157.6	1000.0	695999	-13.368576	4.603211	-1.1682482	-21.669987	13.369716	0.007300052	99891.70126199722
349	-175.27	7.9400024	-167.33	-183.21	1000.0	697999	-13.394415	4.60996	-1.1791278	-21.572971	13.395805	0.0072228853	99995.44574856758
350	-120.136665	76.80923	-11.54	-176.57	737.0	699999	-13.397499	4.6197953	-1.1542681	-21.652512	13.398924	0.008115618	100246.98158502579
