Epoch	AverageEpRet	StdEpRet	MaxEpRet	MinEpRet	EpLen	AverageVVals	StdVVals	MaxVVals	MinVVals	TotalEnvInteracts	LossPi	LossV	DeltaLossPi	DeltaLossV	Entropy	KL	ClipFrac	StopIter	Time
0	-545.14	0.0	-545.14	-545.14	1000.0	-0.4929189	0.0017332428	-0.48909235	-0.5018587	1000	-1.783371e-07	2522.0962	-0.004321356	-773.6682	0.918938	0.0039776177	0.092	79.0	20.611667156219482
1	-415.07	0.0	-415.07	-415.07	1000.0	-8.246986	0.03160529	-8.224902	-9.210324	2000	2.1219253e-07	912.22394	-0.0059403866	-271.44952	0.90421295	0.008890824	0.084	79.0	679.3038206100464
2	-572.05	0.0	-572.05	-572.05	1000.0	-13.351895	0.00041713065	-13.351513	-13.363077	3000	4.339218e-08	1688.7966	-0.0066761333	-413.08484	0.91748756	0.007742059	0.078	79.0	697.7141380310059
3	-513.29	0.0	-513.29	-513.29	1000.0	-18.934063	3.326183e-05	-18.933231	-18.93409	4000	-1.7356872e-07	905.95013	-0.001043746	-236.82574	0.9277969	0.01644341	0.253	3.0	720.7949912548065
4	-112.03	0.0	-112.03	-112.03	243.0	-23.325932	0.0018541263	-23.322653	-23.326992	5000	-7.796287e-08	697.99634	-0.016441049	-151.36053	0.9278972	0.0012319753	0.105	79.0	779.2286891937256
5	-135.04	0.0	-135.04	-135.04	304.0	-26.935911	0.001133854	-26.934189	-26.938799	6000	6.4969065e-08	638.96606	-0.0063479277	-126.91644	0.8997689	0.005501461	0.063	79.0	865.1642439365387
6	-517.61	0.0	-517.61	-517.61	1000.0	-30.288319	0.0014418394	-30.287697	-30.333271	7000	-2.0551681e-07	394.12247	0.00025055697	-119.87454	0.88921136	0.016805446	0.254	3.0	1179.7070572376251
7	-103.13	0.0	-103.13	-103.13	242.0	-33.70906	0.0008608482	-33.699463	-33.709534	8000	-4.941225e-08	336.00467	-0.014948011	-54.759827	0.88914096	0.0054425946	0.089	79.0	1268.6827664375305
8	-596.04	0.0	-596.04	-596.04	1000.0	-36.132572	9.682871e-06	-36.132545	-36.1326	9000	5.8317187e-07	488.04794	-0.0043490976	-154.59631	0.8774942	0.019787176	0.257	2.0	1287.4445431232452
9	-160.18	0.0	-160.18	-160.18	346.0	-40.11414	0.00018961725	-40.113945	-40.116203	10000	9.6261505e-09	224.04565	-0.004421913	-21.32866	0.87709874	0.020363932	0.289	3.0	1425.5437562465668
10	-570.33	0.0	-570.33	-570.33	1000.0	-41.79537	0.00037937643	-41.795067	-41.806763	11000	1.3875962e-07	205.83629	-0.0063281422	-70.433685	0.8764004	0.001154068	0.047	79.0	1445.3828296661377
11	-149.08	0.0	-149.08	-149.08	330.0	-44.63101	0.0016369879	-44.627235	-44.633335	12000	-2.058223e-08	151.52168	-0.0068272864	-0.47737122	0.8948997	0.0054994286	0.101	79.0	1551.893065214157
12	-561.41	0.0	-561.41	-561.41	1000.0	-45.05151	0.00011350305	-45.04796	-45.051533	13000	-1.168251e-08	118.50695	-0.001728021	-42.095337	0.8886516	0.01506522	0.216	3.0	1572.577226638794
13	-521.5	0.0	-521.5	-521.5	1000.0	-47.315376	0.00010877394	-47.315353	-47.318806	14000	-7.891655e-08	25.207426	-0.005329742	-10.32071	0.8884975	0.0011313146	0.031	79.0	1594.1855819225311
14	-468.31	0.0	-468.31	-468.31	1000.0	-48.593292	9.445548e-05	-48.590332	-48.59331	15000	-4.172325e-09	4.7273083	-0.0030213294	-1.1423252	0.88251853	0.021399297	0.323	3.0	2449.3016357421875
15	-106.37	0.0	-106.37	-106.37	238.0	-48.243614	0.0015617193	-48.24272	-48.246777	16000	7.3947013e-09	159.69038	-0.0063499818	-0.20652771	0.8824607	0.017622523	0.294	3.0	2521.270143032074
16	-558.43	0.0	-558.43	-558.43	1000.0	-48.04535	5.9379778e-05	-48.0453	-48.047127	17000	1.502037e-07	53.94814	0.00056470634	-23.06467	0.88241506	0.015377201	0.053	4.0	2540.407537460327
17	-568.27	0.0	-568.27	-568.27	1000.0	-49.9146	0.00012983517	-49.910496	-49.914608	18000	3.0326842e-07	44.31755	-0.0065366384	-21.095963	0.88245696	0.016686868	0.235	2.0	2559.4519758224487
18	-535.01	0.0	-535.01	-535.01	1000.0	-51.840992	8.202042e-06	-51.840942	-51.84099	19000	-3.6537646e-08	5.257132	0.004940729	-1.9415221	0.8824819	0.015251483	0.135	2.0	2578.592917442322
19	-218.17	0.0	-218.17	-218.17	424.0	-52.498905	0.00024467325	-52.498615	-52.49944	20000	1.1771918e-08	156.31754	-0.007243607	-29.757172	0.8824031	0.015151642	0.195	4.0	2680.4152641296387
20	-145.85	0.0	-145.85	-145.85	287.0	-50.240376	0.00049420755	-50.23959	-50.2407	21000	-1.0639429e-08	129.46382	-0.008705496	-8.227135	0.8822182	0.0039277333	0.081	79.0	2730.359927892685
21	-521.48	0.0	-521.48	-521.48	1000.0	-48.898464	0.00010607438	-48.89843	-48.90179	22000	-3.9219856e-08	16.646498	-0.0039179823	-5.859955	0.86642766	0.017603965	0.272	3.0	2751.8241732120514
22	-552.71	0.0	-552.71	-552.71	1000.0	-49.909233	1.7120301e-05	-49.90921	-49.90969	23000	-2.4080276e-07	26.549948	5.616045e-05	-14.368833	0.8660118	0.018289853	0.31	2.0	2772.3692586421967
23	-502.06	0.0	-502.06	-502.06	1000.0	-51.658195	1.9945068e-05	-51.65765	-51.6582	24000	-6.80685e-08	2.867376	0.0046739434	-0.6748979	0.8657981	0.028730018	0.315	2.0	2899.6038353443146
24	-491.42	0.0	-491.42	-491.42	1000.0	-51.348022	3.9293234e-05	-51.34682	-51.348057	25000	1.2516975e-08	5.0962796	-0.0042000907	-2.5793207	0.865587	-0.0010836552	0.05	79.0	2929.6304380893707
25	-521.13	0.0	-521.13	-521.13	1000.0	-50.57408	2.3459612e-05	-50.57345	-50.57409	26000	-1.3828277e-08	2.3120966	-0.003185182	-0.812595	0.8573385	0.019237973	0.274	3.0	3712.375983953476
26	-496.05	0.0	-496.05	-496.05	1000.0	-50.97779	3.426269e-05	-50.976746	-50.97781	27000	-9.8228455e-08	2.0020313	-0.007860966	-1.0371706	0.85732913	0.0058726803	0.071	79.0	3740.830260038376
27	-475.09	0.0	-475.09	-475.09	1000.0	-50.496735	4.1560947e-05	-50.49671	-50.497967	28000	-4.4107438e-09	12.3487425	-0.008139007	-5.8699636	0.8503458	0.0047463425	0.079	79.0	3769.624520778656
28	-545.84	0.0	-545.84	-545.84	1000.0	-49.257515	6.6660345e-05	-49.257504	-49.259617	29000	3.2806398e-07	24.506792	-0.0043704123	-14.474159	0.85008854	0.0075924406	0.047	79.0	3792.204975128174
29	-501.1	0.0	-501.1	-501.1	1000.0	-51.156094	1.5225374e-05	-51.156082	-51.1564	30000	-1.0848046e-07	1.2697062	-0.0019913926	-0.36286092	0.84902155	0.01558144	0.214	3.0	3812.767242193222
30	-495.41	0.0	-495.41	-495.41	1000.0	-50.910103	1.416789e-05	-50.910084	-50.910427	31000	9.965897e-08	1.6521353	0.00092389586	-1.1043255	0.84874123	0.017004536	0.193	3.0	3834.4949033260345
31	-122.7	0.0	-122.7	-122.7	275.0	-50.335106	0.00038890712	-50.33106	-50.33535	32000	-6.0498713e-09	156.92834	-0.003102636	-23.026093	0.8485157	0.018388137	0.239	5.0	3979.7964437007904
32	-462.78	0.0	-462.78	-462.78	1000.0	-47.70953	1.941902e-05	-47.70952	-47.710064	33000	-2.4437904e-08	2.817296	-0.0035437357	-1.7237667	0.84766895	0.026601076	0.338	3.0	4203.251645326614
33	-526.64	0.0	-526.64	-526.64	1000.0	-46.883648	1.9314954e-05	-46.883064	-46.883648	34000	2.0170212e-07	29.067223	-0.0005147862	-19.885479	0.8471129	0.016394854	0.368	3.0	4223.8657121658325
34	-510.41	0.0	-510.41	-510.41	1000.0	-49.37574	3.6028196e-06	-49.375736	-49.375755	35000	-7.4863436e-08	2.8680468	-0.010184306	-2.0730495	0.84669304	-0.000701072	0.076	79.0	4245.019107103348
35	-409.77	0.0	-409.77	-409.77	1000.0	-50.29472	2.2935183e-05	-50.294697	-50.295307	36000	1.6522408e-07	90.237816	-0.0015210084	-59.605278	0.8498147	0.016563348	0.194	4.0	4809.086479187012
36	-532.91	0.0	-532.91	-532.91	1000.0	-45.85117	3.0371555e-05	-45.850243	-45.85118	37000	-7.390976e-08	45.894127	-0.0024235384	-31.05474	0.8500025	0.021922942	0.338	4.0	4829.577763795853
37	-209.21	0.0	-209.21	-209.21	490.0	-48.948982	0.0005300474	-48.948456	-48.95198	38000	-5.8710574e-09	199.31573	-0.0058681187	-75.0957	0.8504343	0.010800943	0.08	79.0	5061.477489948273
38	-401.34	0.0	-401.34	-401.34	1000.0	-44.020546	2.1997279e-05	-44.019924	-44.020565	39000	-7.212162e-08	24.018805	-0.0055791275	-13.679973	0.849897	0.006332237	0.048	79.0	5856.988008022308
39	-481.58	0.0	-481.58	-481.58	1000.0	-41.660667	0.00017771614	-41.660557	-41.665997	40000	9.8228455e-08	34.673267	-0.005566755	-24.49746	0.83790725	0.002177437	0.052	79.0	5877.782977342606
40	-111.01	0.0	-111.01	-111.01	234.0	-44.558693	0.00017536973	-44.55537	-44.558792	41000	-3.265217e-09	97.87108	-0.0063822777	0.005264282	0.85034025	0.018324398	0.323	4.0	5989.716932296753
41	-425.31	0.0	-425.31	-425.31	1000.0	-44.574013	0.00011524149	-44.574005	-44.577652	42000	-5.25713e-08	7.385908	-0.004595865	-3.768592	0.85012925	0.004170642	0.037	79.0	6725.198551654816
42	-146.635	22.064999	-124.57	-168.7	309.5	-43.366806	0.0011705639	-43.36338	-43.3683	43000	-5.5730345e-09	158.84181	-0.00565807	-23.664017	0.8518356	0.015578325	0.126	16.0	7112.646701574326
43	-454.46	0.0	-454.46	-454.46	1000.0	-40.267345	0.0005313226	-40.267323	-40.284138	44000	2.7894973e-08	21.984621	-0.0009970993	-14.311977	0.8491171	0.017750664	0.167	4.0	7364.593433856964
44	-546.64	0.0	-546.64	-546.64	1000.0	-42.600155	0.00010852643	-42.59679	-42.600193	45000	1.0490417e-08	130.7449	-0.0075861304	-102.13086	0.848333	0.005580294	0.074	79.0	7387.924705505371
45	-461.49	0.0	-461.49	-461.49	1000.0	-49.051014	0.000118258875	-49.051006	-49.05475	46000	8.225441e-09	11.040018	-0.003550322	-6.5698657	0.84603375	0.018468391	0.249	3.0	7802.230267047882
46	-474.24	0.0	-474.24	-474.24	1000.0	-47.589813	0.00015357774	-47.584957	-47.589813	47000	2.2023917e-08	0.59261554	-0.006188701	-0.009148359	0.84636396	0.003880827	0.041	79.0	7829.793618440628
47	-94.02	0.0	-94.02	-94.02	195.0	-47.444855	0.00040020506	-47.44405	-47.446804	48000	-4.9266964e-09	142.89497	-0.0019899837	-1.2268829	0.83193576	0.021133779	0.229	4.0	8572.814146518707
48	-491.74	0.0	-491.74	-491.74	1000.0	-48.178642	4.726085e-05	-48.177166	-48.17864	49000	3.2067298e-08	1.2264469	-0.0046050567	-0.5353661	0.8313828	0.008748199	0.037	79.0	8600.622572898865
49	-502.07	0.0	-502.07	-502.07	1000.0	-48.690258	1.9240979e-05	-48.690254	-48.69077	50000	-4.851818e-08	2.6643968	-0.0051165083	-1.1225796	0.8359616	0.00344319	0.082	79.0	8629.66217660904
50	-190.695	2.9350052	-187.76	-193.63	399.5	-49.42407	0.00020767214	-49.423912	-49.4292	51000	-1.642108e-08	289.54416	-0.008156152	-134.80305	0.83035284	0.0033313278	0.105	79.0	8823.055660486221
51	-479.78	0.0	-479.78	-479.78	1000.0	-39.57805	0.03091794	-38.603584	-39.582157	52000	6.055832e-08	58.033257	-0.0046738964	-51.209778	0.8197021	-0.0026106725	0.027	79.0	9121.369265794754
52	-463.59	0.0	-463.59	-463.59	1000.0	-44.321327	0.027279345	-44.31734	-45.180824	53000	5.608797e-08	6.057702	-0.0069841766	-2.3584263	0.81931585	0.0055212774	0.055	79.0	9144.587431430817
53	-458.12	0.0	-458.12	-458.12	1000.0	-45.7826	0.0010271526	-45.750137	-45.78264	54000	-5.1669775e-09	1.3813688	-0.0025031888	-0.05009973	0.8413636	0.016830835	0.11	3.0	9171.618614912033
54	-458.82	0.0	-458.82	-458.82	1000.0	-45.631157	8.500016e-06	-45.631145	-45.63123	55000	-4.6983363e-08	2.9448137	-0.0025968568	-0.019515991	0.8418899	0.0026052021	0.018	79.0	9201.851965427399
55	-489.36	0.0	-489.36	-489.36	1000.0	-45.519993	0.00025258109	-45.519917	-45.52788	56000	5.5551528e-08	11.437165	-0.008291634	-7.1832933	0.8466469	0.008943215	0.067	79.0	9231.087864875793
56	-379.8	0.0	-379.8	-379.8	769.0	-47.4293	0.001256799	-47.428276	-47.458828	57000	-4.887581e-09	105.9346	-0.004755472	-15.502182	0.825292	0.021561615	0.221	3.0	9643.606965780258
57	-216.48	0.0	-216.48	-216.48	466.0	-45.841297	0.36175865	-44.74817	-46.178635	58000	1.0922551e-08	99.26603	-0.008083838	-39.703873	0.82483584	0.007192451	0.077	79.0	9827.7898478508
58	-297.99	0.0	-297.99	-297.99	665.0	-36.048126	3.0148218	-33.10388	-46.368538	59000	5.6385993e-08	98.951515	-0.004569869	-56.763065	0.81638813	0.01518126	0.209	4.0	10091.978976488113
59	-433.42	0.0	-433.42	-433.42	1000.0	-6.1074967	2.0409431	-4.07336	-46.886597	60000	-6.556511e-07	1140.1195	-0.0093653705	-1061.1202	0.81587505	0.0017521649	0.049	79.0	10495.713974952698
60	-441.59	0.0	-441.59	-441.59	1000.0	-41.559467	9.3305105e-05	-41.556522	-41.559475	61000	-2.5391579e-08	5.8979063	-0.009712486	-4.036243	0.8093757	0.0068214997	0.11	79.0	11075.76356458664
61	-475.53	0.0	-475.53	-475.53	1000.0	-42.96435	1.2824988e-05	-42.964344	-42.964714	62000	9.894371e-08	18.224611	-0.0068662055	-14.375577	0.790019	0.004409668	0.045	79.0	11104.617209672928
62	-444.32	0.0	-444.32	-444.32	1000.0	-46.72091	3.4767152e-05	-46.7205	-46.721004	63000	1.7881394e-10	13.596797	-0.0054999185	-6.7924123	0.7863534	0.00019663578	0.04	79.0	11133.835782527924
63	-254.82	0.0	-254.82	-254.82	632.0	-44.173492	0.0028569193	-44.169735	-44.175873	64000	-3.0100345e-08	163.08537	-0.00558707	-29.107452	0.76210034	0.0039057604	0.031	79.0	11383.690778970718
64	-507.73	0.0	-507.73	-507.73	1000.0	-39.973812	4.97083e-06	-39.97372	-39.97381	65000	2.913475e-07	101.475945	-0.0012751594	-88.121704	0.7562559	0.018748093	0.155	4.0	11411.470099449158
65	-186.39	0.0	-186.39	-186.39	365.0	-47.048054	0.00074522296	-47.04705	-47.048622	66000	9.998679e-09	96.37626	-0.0018395403	-11.881157	0.7560639	0.019527568	0.202	3.0	11516.139015674591
66	-531.1	0.0	-531.1	-531.1	1000.0	-44.541153	1.4204305e-05	-44.541153	-44.541573	67000	3.5047532e-07	64.94343	0.0009982609	-57.039047	0.75584996	0.021934504	0.226	3.0	11537.374774694443
67	-298.74	0.0	-298.74	-298.74	696.0	-50.204674	0.00030021224	-50.20406	-50.204876	68000	-3.8325787e-08	211.1128	-0.004690465	-109.55448	0.75566465	0.007563823	0.117	79.0	11945.912628650665
68	-208.31	31.489998	-176.82	-239.8	478.5	-42.636517	0.000223791	-42.63645	-42.63782	69000	1.6987324e-09	194.40242	-0.009053866	-65.708374	0.74442637	0.011073246	0.099	79.0	12376.321025848389
69	-463.58	0.0	-463.58	-463.58	1000.0	-35.94786	0.00046397065	-35.94746	-35.959663	70000	-5.745888e-07	90.0313	-0.005681605	-75.756226	0.7549499	0.00090224016	0.073	79.0	12404.756527662277
70	-236.38998	43.159996	-193.23	-279.55	492.5	-42.27304	0.18134372	-42.06366	-42.44097	71000	-9.834766e-10	169.1965	-0.003256988	-12.732941	0.74881834	0.020583868	0.194	4.0	12859.385336399078
71	-135.42	0.0	-135.42	-135.42	324.0	-39.69535	0.030507239	-39.651257	-39.716766	72000	-1.8354505e-08	107.54887	-0.008782064	-40.666115	0.74837893	0.015500552	0.179	11.0	13018.604103326797
72	-156.685	29.275002	-127.41	-185.96	358.0	-38.569664	3.4327369	-34.65858	-41.705154	73000	1.4305115e-09	138.65819	-0.006558777	-30.131813	0.74789447	0.018177819	0.248	5.0	13338.272610664368
73	-540.94	0.0	-540.94	-540.94	1000.0	-34.24063	0.20561318	-34.228737	-40.73911	74000	-1.1825561e-07	342.65552	-0.008996042	-316.52725	0.7484629	0.004549186	0.073	79.0	13359.975325584412
74	-518.27	0.0	-518.27	-518.27	1000.0	-48.957634	3.355004e-05	-48.95733	-48.957718	75000	1.2993812e-08	9.273501	-0.0053206	-7.696205	0.7333209	0.0077472287	0.052	79.0	14257.045825481415
75	-282.01	0.0	-282.01	-282.01	563.0	-51.11377	0.0010995668	-51.11268	-51.115025	76000	2.1010637e-08	138.29639	-0.005419811	-45.3796	0.7314173	0.0037209122	0.046	79.0	14584.196013212204
76	-197.17	2.2400055	-194.93	-199.41	423.5	-46.26763	0.00020800625	-46.267162	-46.26958	77000	-7.987023e-09	209.53276	-0.011551238	-65.3112	0.73776424	0.002057057	0.142	79.0	15004.868596315384
77	-167.595	16.684998	-150.91	-184.28	356.5	-39.8418	0.813515	-38.54439	-40.360073	78000	-5.5506827e-10	144.7381	-0.012962771	-18.775192	0.7319171	0.010692193	0.135	79.0	15299.392905712128
78	-449.73	0.0	-449.73	-449.73	1000.0	-38.087524	0.007439071	-38.084038	-38.31515	79000	-8.4161755e-08	41.48045	-0.0056603113	-30.52049	0.7310305	0.0042097177	0.044	79.0	15329.002072572708
79	-327.54	0.0	-327.54	-327.54	683.0	-42.19169	0.0056926743	-42.183235	-42.205593	80000	1.9364059e-08	101.29984	-0.008400551	-2.8160934	0.7389148	0.015509597	0.255	3.0	15764.24570941925
80	-542.58	0.0	-542.58	-542.58	1000.0	-43.453564	7.6568394e-05	-43.453487	-43.45377	81000	-2.4032593e-07	101.01817	-0.0056272442	-87.23413	0.73905593	0.016089443	0.286	3.0	15787.520884275436
81	-169.03	0.0	-169.03	-169.03	416.0	-50.31888	0.0048504826	-50.314766	-50.32487	82000	-4.339218e-08	222.37885	-0.0041918345	-91.133194	0.7391064	0.01711068	0.257	4.0	16086.132053613663
82	-462.01	0.0	-462.01	-462.01	985.0	-43.629677	0.0009557543	-43.62944	-43.637703	83000	-4.0084123e-09	100.39666	0.00035827694	-3.2904053	0.7394864	0.015076362	0.22	4.0	16576.846316814423
83	-228.65	0.0	-228.65	-228.65	522.0	-42.16954	0.012089378	-42.157806	-42.1823	84000	-7.4580315e-09	102.37637	-0.0030231264	-20.829422	0.7396205	0.022247808	0.232	4.0	16973.524151086807
84	-555.93	0.0	-555.93	-555.93	1000.0	-41.726616	0.00013889254	-41.72486	-41.726776	85000	-3.004074e-08	169.81784	-0.0038308606	-145.58945	0.73959374	0.023299385	0.294	3.0	16995.16802430153
85	-520.19	0.0	-520.19	-520.19	1000.0	-50.366993	6.581873e-06	-50.366978	-50.366997	86000	2.5987624e-08	5.5807943	0.0010982056	-3.2451894	0.7397084	0.01529553	0.186	2.0	17020.187694072723
86	-431.67	0.0	-431.67	-431.67	1000.0	-51.79229	0.0018423599	-51.789944	-51.83666	87000	-1.8322467e-07	83.51601	-0.005700284	-71.95386	0.7398749	0.004932137	0.027	79.0	17065.251784801483
87	-441.26	0.0	-441.26	-441.26	1000.0	-43.360054	6.938168e-05	-43.35996	-43.360657	88000	-1.7300248e-08	5.8562536	-0.004420906	-0.027547836	0.7360147	0.005717316	0.035	79.0	17288.204046964645
88	-442.19	0.0	-442.19	-442.19	1000.0	-43.522274	0.00019500239	-43.522068	-43.52275	89000	-6.988645e-08	7.7860646	-0.0053264224	-0.07307005	0.7397006	0.0055913143	0.039	79.0	17314.800476789474
89	-447.26	0.0	-447.26	-447.26	1000.0	-43.579613	0.012379055	-43.564	-43.61072	90000	-8.642673e-10	6.313733	-0.005789855	-0.38374805	0.73588276	0.004040828	0.05	79.0	17343.112239599228
90	-444.04	0.0	-444.04	-444.04	1000.0	-46.78171	0.08569724	-44.07339	-46.790108	91000	-1.7881393e-07	8.207219	-0.0035559135	-6.3991885	0.73806113	0.023251856	0.283	3.0	17364.437903165817
91	-221.38	0.0	-221.38	-221.38	513.0	-43.855633	0.40170825	-43.440445	-44.30328	92000	1.1608004e-08	118.38648	-0.008445728	-50.414818	0.73825204	0.026234971	0.319	3.0	17549.990912914276
92	-433.64	0.0	-433.64	-433.64	1000.0	-35.156853	0.40832034	-35.121864	-48.053844	93000	9.417534e-08	55.085625	-0.00024856676	-46.45426	0.73828655	0.020426633	0.121	2.0	17574.308060884476
93	-99.06	0.0	-99.06	-99.06	246.0	-44.61839	1.5215164	-41.960304	-45.5063	94000	-3.784895e-09	105.57282	0.00012433356	-75.09422	0.7382864	0.02204118	0.173	3.0	17948.655878782272
94	-474.74	0.0	-474.74	-474.74	1000.0	-24.423676	0.6623995	-24.399519	-45.360065	95000	4.7063827e-07	438.80814	-0.005735192	-409.02423	0.7382084	0.017305233	0.32	3.0	17972.145244836807
95	-149.97	0.0	-149.97	-149.97	348.0	-46.144657	1.3551059	-45.15444	-48.000893	96000	2.783537e-08	149.79236	0.0025890379	-65.3072	0.7382317	0.01673043	0.236	3.0	18247.174334049225
96	-127.8	13.910004	-113.89	-141.71	296.0	-40.560295	0.0024554557	-40.55669	-40.5627	97000	5.841255e-09	190.3247	-0.009818592	-21.394562	0.7384127	0.009063618	0.124	79.0	18486.734972000122
97	-197.195	2.5750046	-194.62	-199.77	438.0	-36.88401	0.0020452575	-36.881607	-36.889137	98000	-1.5821541e-08	131.83345	-0.0036641487	-2.0216217	0.72336847	0.017332707	0.203	4.0	18918.814234972
98	-204.34	35.32	-169.02	-239.66	429.5	-35.710575	0.0027208454	-35.70653	-35.716194	99000	1.5199184e-09	157.6289	-0.005948132	-1.7718811	0.72301626	0.009107899	0.091	79.0	19157.5572514534
99	-465.03	0.0	-465.03	-465.03	1000.0	-36.76134	2.3427025e-05	-36.761303	-36.761868	100000	-3.4332274e-08	77.642365	-0.0023188277	-67.755264	0.72314703	0.01617339	0.277	3.0	19789.847600221634
100	-210.345	21.895004	-188.45	-232.24	468.5	-43.32401	0.00016247471	-43.32342	-43.32412	101000	1.5735626e-08	191.05467	-0.0018188886	-55.045654	0.72309905	0.01726594	0.205	3.0	20252.00271844864
101	-171.205	26.175003	-145.03	-197.38	409.0	-37.593147	0.0044375365	-37.589252	-37.602295	102000	1.3023615e-08	168.07483	-0.007967198	-23.390656	0.7229856	0.0073292395	0.087	79.0	20483.595419883728
102	-159.68	4.170006	-155.51	-163.85	379.0	-33.496555	0.051644135	-33.461136	-34.901264	103000	-6.033108e-09	122.25809	-0.007987408	-10.095757	0.71267414	0.018903663	0.189	2.0	20814.768235206604
103	-405.19	0.0	-405.19	-405.19	817.0	-33.661438	1.5630293	-30.28542	-34.398907	104000	4.5478345e-08	182.19804	0.0016685271	-79.283104	0.71242666	0.016307464	0.252	4.0	21256.90710425377
104	-134.62334	50.99599	-78.66	-202.0	322.66666	-40.87367	0.008822563	-40.848663	-40.878452	105000	-2.384186e-10	275.6898	-0.002164787	-132.93376	0.7120443	0.015719296	0.175	4.0	21670.465471744537
105	-169.93	0.0	-169.93	-169.93	377.0	-30.036694	0.10789046	-28.512358	-30.117052	106000	-3.1352045e-08	191.08003	-0.00372822	-94.34178	0.7116084	0.01909023	0.173	4.0	21929.504060268402
106	-254.85	0.0	-254.85	-254.85	689.0	-39.066376	0.18204758	-38.933987	-39.35226	107000	-1.3813376e-08	125.764366	-0.007355724	-49.661224	0.7109586	0.028911557	0.294	3.0	22460.9512090683
107	-481.16	0.0	-481.16	-481.16	1000.0	-39.775757	0.0032071278	-39.771355	-39.84382	108000	-7.343292e-08	58.43738	-0.0029442578	-54.130566	0.71051234	0.019368162	0.278	4.0	22742.055716753006
108	-379.74	0.0	-379.74	-379.74	863.0	-38.665836	2.868457	-37.50678	-45.870632	109000	-1.7017125e-08	76.51485	-0.005827154	-10.274933	0.7100709	0.004303117	0.084	79.0	23202.546546459198
109	-160.58	0.0	-160.58	-160.58	346.0	-42.761177	4.7610874	-36.15408	-46.2242	110000	-3.986061e-09	64.86521	-0.003551953	-9.415752	0.69231045	0.015692879	0.204	12.0	23343.384024858475
110	-482.0	0.0	-482.0	-482.0	1000.0	-47.677383	6.547514e-06	-47.677372	-47.677406	111000	-1.704693e-08	0.757274	-0.0014647517	-0.36787173	0.69049317	0.023357257	0.262	3.0	23362.491933822632
111	-387.0	0.0	-387.0	-387.0	796.0	-48.1891	0.00015957595	-48.188843	-48.1914	112000	-8.374452e-09	111.41602	-0.00035426376	-24.565788	0.69021547	0.020860057	0.259	4.0	23823.13273859024
112	-468.48	0.0	-468.48	-468.48	1000.0	-43.85142	0.040129267	-43.598717	-43.951584	113000	-3.9577483e-08	8.250368	-0.006410756	-5.701095	0.6897614	0.0042400043	0.033	79.0	24308.12127804756
113	-139.90666	87.62605	-65.97	-263.0	315.66666	-41.79918	4.9169183	-33.567307	-45.871	114000	6.6757204e-09	202.15564	-0.007242098	-97.67907	0.7044734	0.016403798	0.201	4.0	24817.915142059326
114	-116.583336	36.20896	-79.01	-165.5	256.0	-31.162407	7.8862247	-21.759363	-38.5619	115000	-1.3843179e-08	129.06726	-0.0027712726	-27.236298	0.70499355	0.015495728	0.195	4.0	25058.369199991226
115	-138.45332	61.662704	-52.49	-194.13	288.66666	-33.9154	2.664183	-26.667126	-41.47725	116000	-1.2323261e-08	139.04857	-0.007091617	-29.314323	0.7049037	0.010680355	0.103	79.0	25315.342827796936
116	-158.01	0.0	-158.01	-158.01	328.0	-40.696953	1.8508306	-37.90744	-42.008194	117000	-4.1395428e-08	58.962395	-0.006069599	-13.381603	0.7105873	0.015424554	0.318	12.0	25672.963484048843
117	-549.06	0.0	-549.06	-549.06	1000.0	-37.70025	0.52984565	-37.22728	-44.14236	118000	-6.012917e-07	254.45804	-0.0023139147	-242.00336	0.70919526	0.019067876	0.284	2.0	25694.098647594452
118	-477.4	0.0	-477.4	-477.4	1000.0	-53.038345	0.0010660583	-53.0358	-53.04643	119000	-2.157688e-08	32.08608	-0.0025208315	-26.77464	0.7088367	0.015557359	0.237	3.0	25722.01746892929
119	-464.06	0.0	-464.06	-464.06	1000.0	-48.29096	4.619943e-05	-48.29037	-48.291016	120000	-1.1539459e-07	9.368119	0.0017753824	-4.668953	0.70849764	0.019753195	0.302	2.0	25750.375081777573
120	-215.285	48.495003	-166.79	-263.78	483.5	-41.63046	5.9959383	-33.370388	-46.4253	121000	5.960465e-11	189.62218	-0.0027052592	-92.860985	0.70838183	0.0151127465	0.186	3.0	26308.93447637558
121	-505.15	0.0	-505.15	-505.15	1000.0	-45.62758	0.021577856	-45.604523	-45.717415	122000	-1.7297268e-07	29.703804	-0.004304343	-23.801868	0.7082998	0.0062485095	0.028	79.0	26387.461535692215
122	-114.049995	31.229305	-91.4	-158.21	249.0	-30.068117	8.289743	-21.431871	-49.888474	123000	-1.6689301e-09	156.96713	-0.008362666	-59.321228	0.7147976	0.020146841	0.181	2.0	26764.477574825287
123	-77.94	0.0	-77.94	-77.94	177.0	-46.994446	6.44392	-31.162691	-49.97778	124000	1.9252301e-08	32.36496	-0.0027802463	-13.72607	0.7148584	0.01143882	0.091	79.0	26855.39183282852
124	-540.49	0.0	-540.49	-540.49	1000.0	-50.248962	0.0018102978	-50.247772	-50.27646	125000	-2.002716e-08	17.110044	-0.0010046369	-14.701251	0.71487117	0.01900178	0.28	3.0	26876.17126607895
125	-138.26	75.47137	-64.26	-241.87	304.0	-36.10425	8.521711	-25.171534	-53.97525	126000	2.6637688e-08	117.51621	-0.006782406	-41.13613	0.7147575	0.017039148	0.214	8.0	27253.35910487175
126	-122.01	42.96	-79.05	-164.97	274.5	-37.171665	15.052148	-22.897198	-53.7691	127000	2.4408102e-08	109.24474	-0.015733138	-55.489174	0.71374404	0.008737128	0.079	79.0	27439.920172452927
127	-90.16333	2.8342493	-87.63	-94.12	193.0	-47.14978	10.497666	-24.860796	-52.979702	128000	1.0639429e-08	339.69516	-0.010207782	-181.9476	0.7427161	0.0042765243	0.101	79.0	27656.662757396698
128	-104.485	34.450462	-45.46	-128.76	235.0	-33.49901	9.111728	-17.172054	-40.07647	129000	-5.438924e-09	261.62384	-0.0061682677	-134.13615	0.7511614	0.016209232	0.228	5.0	28016.823858737946
129	-539.34	0.0	-539.34	-539.34	1000.0	-31.616058	0.05787259	-29.79169	-31.638952	130000	1.0347366e-07	435.66196	-0.005730119	-399.954	0.7509846	0.0056118267	0.031	79.0	28903.39604973793
130	-502.32	0.0	-502.32	-502.32	1000.0	-47.931305	0.000611865	-47.930965	-47.94895	131000	-4.5776368e-08	4.0092564	-0.00502059	-3.6824734	0.76954436	0.009076501	0.035	79.0	29801.439778089523
131	-163.97	0.0	-163.97	-163.97	380.0	-49.098537	0.63710773	-47.80065	-49.574066	132000	5.248189e-08	166.0876	-0.004268268	-120.585304	0.76165193	0.018110642	0.202	3.0	29967.983943462372
132	-512.41	0.0	-512.41	-512.41	1000.0	-41.79255	0.29381993	-41.660774	-50.417843	133000	-2.5272369e-08	78.29315	-0.002665233	-75.17116	0.7610473	0.01535805	0.153	3.0	30477.80159497261
133	-127.93	0.0	-127.93	-127.93	275.0	-48.79843	3.7241328	-37.50538	-50.707012	134000	3.606081e-09	80.558075	-0.007519403	-66.60811	0.7605626	0.015214931	0.158	69.0	30891.417532444
134	-283.6	0.0	-283.6	-283.6	653.0	-33.080593	12.241455	-22.750376	-49.85152	135000	-9.018183e-08	158.34499	-0.0063688294	-100.91638	0.7637149	0.0050359997	0.08	79.0	31306.144128084183
135	-68.3	0.0	-68.3	-68.3	160.0	-48.89551	0.32698363	-47.930084	-50.168873	136000	-1.8581748e-08	141.60934	-0.00594142	-124.422066	0.76031345	0.02089306	0.242	5.0	31372.50309252739
136	-159.47	9.979996	-149.49	-169.45	375.5	-34.271317	9.904508	-25.888279	-51.220913	137000	-7.2568653e-09	105.85049	-0.012758225	-28.0299	0.76034886	0.0075525744	0.098	79.0	31646.746188163757
137	-129.31667	23.44544	-96.31	-148.55	278.66666	-43.405052	13.416436	-17.647669	-51.030697	138000	-1.809001e-08	314.1762	-0.009945047	-199.9424	0.76814497	0.015327681	0.123	21.0	32069.30184841156
138	-515.45	0.0	-515.45	-515.45	1000.0	-42.82496	0.0016034525	-42.775093	-42.826008	139000	-1.0681153e-07	66.714455	-0.00022962857	-63.103806	0.7744301	0.015242723	0.084	3.0	32088.401365041733
139	-518.62	0.0	-518.62	-518.62	1000.0	-48.714603	0.05401506	-48.640877	-50.076107	140000	-4.339218e-08	9.406192	-0.00037982513	-8.768533	0.77526337	0.027818616	0.283	2.0	32804.77347278595
140	-525.43	0.0	-525.43	-525.43	1000.0	-51.68568	0.0052691824	-51.676632	-51.695927	141000	3.1232833e-08	1.0709343	-0.0074803764	-0.7487653	0.7756505	0.015058996	0.193	1.0	32826.42394900322
141	-60.44	0.0	-60.44	-60.44	139.0	-49.281147	7.0612082	-30.931704	-52.555695	142000	2.9206275e-09	41.226387	-0.004196035	-23.545168	0.77580076	0.016168391	0.211	2.0	33370.65298008919
142	-531.53	0.0	-531.53	-531.53	1000.0	-49.9924	0.050375044	-49.952694	-51.31459	143000	8.2015994e-08	9.278511	0.0044003613	-8.682365	0.77610683	0.024863606	0.27	2.0	33394.50491428375
143	-521.32	0.0	-521.32	-521.32	1000.0	-53.146286	0.0060357675	-52.957184	-53.14825	144000	3.7431718e-08	0.9200082	-0.0071565267	-0.86774915	0.7763944	0.0050808247	0.104	79.0	33421.482244968414
144	-150.875	55.975002	-94.9	-206.85	328.5	-35.654995	13.842565	-12.816352	-52.231194	145000	-4.7415494e-08	114.1898	-0.005786168	-75.809555	0.78217804	0.016423067	0.125	4.0	33762.41184949875
145	-107.265	0.14500046	-107.12	-107.41	249.5	-39.244663	11.741369	-15.154813	-48.588345	146000	1.3269484e-08	105.62544	-0.002189028	-84.736305	0.782043	0.015925827	0.121	6.0	33963.232719898224
146	-169.685	57.135006	-112.55	-226.82	377.0	-27.205671	13.869768	-15.523238	-49.61653	147000	1.5676022e-08	266.39377	-0.010111455	-250.5419	0.7821149	0.005683465	0.092	79.0	34230.051396369934
147	-107.405	2.875	-104.53	-110.28	237.5	-40.742016	14.426506	-6.88063	-50.528965	148000	-4.848465e-09	111.03337	-0.0115052555	-101.55135	0.77757496	0.011766954	0.148	79.0	34774.02819108963
148	-145.00334	37.566063	-107.33	-196.28	328.33334	-27.954765	20.33017	-5.4852533	-51.34165	149000	6.54161e-09	622.2576	-0.0066138	-526.7079	0.75678647	0.01897209	0.178	4.0	35062.07801437378
149	-179.79999	17.57	-162.23	-197.37	373.0	-23.21982	8.459716	-13.043089	-40.58678	150000	7.641315e-08	280.5588	-0.011642126	-246.89722	0.75625587	0.0054868124	0.087	79.0	35541.57093477249
150	-538.97	0.0	-538.97	-538.97	1000.0	-42.772312	0.008907153	-42.764236	-42.847027	151000	-2.2697449e-07	130.76001	-0.00596092	-110.84832	0.73907167	0.0047098272	0.059	79.0	35562.15046739578
151	-98.24	0.0	-98.24	-98.24	235.0	-53.866337	0.013614258	-53.83629	-53.88261	152000	-8.314848e-09	229.05362	-0.0019293114	-82.198975	0.7406335	0.019545138	0.238	4.0	36166.5109436512
152	-154.61665	31.329983	-112.57	-187.74	325.66666	-41.495632	5.9807396	-24.807554	-46.009403	153000	1.1920929e-09	192.8474	-0.011255105	-93.09882	0.74067676	0.0067472584	0.11	79.0	36628.383681058884
153	-118.84	0.0	-118.84	-118.84	262.0	-40.190575	0.25635704	-32.091576	-40.205482	154000	-3.0696392e-09	145.92322	-0.010285119	-44.260338	0.7173731	0.0065067597	0.066	79.0	37278.33520960808
154	-93.63	25.86065	-52.98	-121.86	215.25	-43.325695	1.2186103	-41.99454	-46.85686	155000	-1.1920929e-08	364.23813	-0.005924905	-272.23798	0.69292945	0.015212884	0.202	3.0	37532.068517923355
155	-97.916664	13.812958	-83.14	-116.37	222.33333	-32.056236	11.006188	-17.329412	-46.81293	156000	8.970499e-09	92.05269	-0.009414244	-17.259628	0.6921236	0.012261524	0.111	79.0	37735.316046237946
156	-107.06	18.130974	-90.45	-137.08	247.25	-36.423004	9.493776	-20.788294	-48.30161	157000	-8.046627e-10	277.21448	-0.006440542	-159.90598	0.6687903	0.024247978	0.161	3.0	38075.79128074646
157	-138.18333	23.027336	-107.63	-163.22	305.0	-20.589058	3.2915816	-17.605282	-26.709784	158000	2.5749207e-08	239.26665	-0.0049333763	-107.11369	0.6681913	0.01719461	0.285	4.0	38382.241767168045
158	-183.94	0.0	-183.94	-183.94	394.0	-32.66856	0.37315312	-31.389194	-33.187088	159000	3.1650067e-08	217.47354	-0.0017409286	-148.33365	0.6675117	0.018958367	0.163	4.0	38863.176277160645
159	-239.09	113.92999	-125.16	-353.02	489.0	-35.045376	1.06691	-32.518127	-48.206608	160000	-4.0844082e-08	137.16743	-0.0058922274	-71.68218	0.6673116	0.017269427	0.25	3.0	39524.58251142502
160	-110.42667	19.39067	-85.09	-132.18	245.0	-39.682236	10.808645	-22.756504	-49.01829	161000	-2.1502375e-08	194.0291	-0.0009712639	-93.58815	0.6674724	0.015807938	0.233	5.0	40133.3867456913
161	-142.79666	39.535023	-99.66	-195.17	298.66666	-26.712984	8.192573	-14.450751	-38.68922	162000	2.1398067e-08	286.46695	-0.0018087418	-172.35019	0.6682594	0.019933239	0.223	4.0	40476.11858677864
162	-104.45	0.0	-104.45	-104.45	231.0	-28.967922	0.6485956	-28.622652	-36.27846	163000	1.9073487e-09	431.67776	-0.002476427	-342.00232	0.6688018	0.015432156	0.246	5.0	41199.59967875481
163	-195.53	0.0	-195.53	-195.53	394.0	-42.660446	4.4929404	-34.229393	-46.45287	164000	-3.2559036e-08	58.283978	-0.0033013453	-38.43255	0.66884893	0.017352395	0.134	7.0	41451.78382229805
164	-110.8	0.0	-110.8	-110.8	235.0	-42.79736	3.2852097	-33.911957	-51.005394	165000	-1.8812717e-10	44.82789	-0.008309332	-32.033493	0.66856223	0.019336412	0.337	8.0	42024.59108376503
165	-141.71666	19.67135	-120.72	-168.02	296.0	-40.597237	9.35593	-17.76675	-48.960655	166000	-9.49204e-09	195.18793	-0.00807579	-85.361115	0.6686601	0.013062106	0.127	79.0	42438.52575111389
166	-100.725006	15.290807	-77.14	-119.48	220.25	-35.974953	2.3966634	-26.93706	-39.33835	167000	1.4096498e-08	163.816	-0.01033905	-87.192444	0.67335784	0.015322177	0.162	5.0	42787.747761011124
167	-146.895	35.675003	-111.22	-182.57	327.5	-29.907948	7.0450087	-10.655869	-37.505898	168000	-1.8179417e-08	151.44395	-0.009077293	-79.89246	0.67338836	0.0022960887	0.058	79.0	43052.583101511
168	-121.745	50.415	-71.33	-172.16	275.5	-38.931274	2.634482	-33.575275	-42.390926	169000	7.56979e-09	102.05253	-0.0040780343	-52.11601	0.65861887	0.01797219	0.222	3.0	43589.63376021385
169	-94.990005	12.09	-82.9	-107.08	213.0	-34.785824	11.488752	-11.413574	-45.976566	170000	1.48117545e-08	59.47862	-0.009951363	-38.687805	0.6582864	0.0014713479	0.085	79.0	43771.26028132439
170	-532.22	0.0	-532.22	-532.22	1000.0	-48.289993	1.0634166	-46.48464	-49.715733	171000	-3.308058e-08	43.893307	-0.0030577017	-28.713646	0.65428805	0.0068817777	0.025	79.0	43791.7934756279
171	-119.75	28.012857	-93.24	-158.5	271.66666	-29.172167	3.0894794	-26.764748	-52.93233	172000	-3.4451485e-08	127.322815	-0.008969933	-91.016754	0.6470013	0.015515793	0.118	47.0	44122.26096081734
172	-57.55	0.0	-57.55	-57.55	139.0	-48.83953	9.3122225	-21.638002	-52.733585	173000	6.687641e-08	144.89374	-0.009736899	-129.05486	0.63817227	0.0024355606	0.054	79.0	44639.65407347679
173	-115.62	34.071095	-72.78	-156.14	264.33334	-34.287422	8.548087	-17.79248	-43.069164	174000	3.2361598e-08	102.10788	-0.004897636	-34.789665	0.6362484	0.018372474	0.225	5.0	44955.210936784744
174	-183.11	43.83	-139.28	-226.94	396.5	-28.762018	8.3756485	-10.568012	-45.448414	175000	-7.1823596e-09	130.03206	-0.005305208	-60.95636	0.6362304	0.015796823	0.162	4.0	45326.59404015541
175	-138.14667	0.6630407	-137.28	-138.89	278.66666	-32.89454	7.9855547	-12.80176	-43.22899	176000	-5.1558016e-09	157.28041	-0.005233978	-55.83712	0.63648593	0.030005118	0.287	2.0	45585.95591259003
176	-105.86	0.0	-105.86	-105.86	212.0	-41.21368	3.9527905	-34.09184	-45.010506	177000	4.6104194e-08	133.38039	-0.0038986017	-90.06139	0.6365647	0.015752278	0.135	6.0	45634.38444375992
177	-167.36	0.0	-167.36	-167.36	365.0	-43.886765	12.874481	-24.410372	-53.63959	178000	1.579523e-08	60.032528	-0.0044860123	-41.398193	0.63749194	0.0032402507	0.05	79.0	45722.51512789726
178	-144.82	0.0	-144.82	-144.82	285.0	-40.336693	3.998266	-34.046146	-54.10193	179000	1.8686055e-08	58.055447	-0.009809422	-10.6182785	0.62765265	0.003002724	0.076	79.0	45819.765933036804
179	-124.76	0.0	-124.76	-124.76	285.0	-47.9285	9.998637	-21.597095	-53.821102	180000	1.9207597e-08	18.286724	-0.0020123243	-12.486275	0.6420252	0.016723806	0.302	5.0	45914.62726140022
180	-573.04	0.0	-573.04	-573.04	1000.0	-54.523537	0.109144755	-54.208664	-54.653225	181000	-8.112192e-08	28.56077	-0.009880028	-9.720755	0.64229584	0.008596443	0.087	79.0	45934.65693593025
181	-571.8	0.0	-571.8	-571.8	1000.0	-57.790085	0.0069286753	-57.775097	-57.797707	182000	-1.5288592e-08	19.175367	-0.008459031	-0.04834938	0.6479297	0.0050454265	0.049	79.0	45954.98661732674
182	-199.225	48.864998	-150.36	-248.09	424.5	-40.989746	7.972534	-19.148798	-57.97986	183000	1.0818243e-08	82.74005	-0.0060891113	-70.90012	0.6598669	0.026196903	0.359	3.0	46328.61564230919
183	-141.68	40.903633	-94.45	-194.22	308.33334	-39.14072	8.227696	-24.120659	-50.87624	184000	-1.3291836e-08	119.82377	-0.004193965	-103.26869	0.66026723	0.016514694	0.164	3.0	46708.183156728745
184	-128.07332	35.67649	-85.63	-172.92	271.66666	-25.656	13.876683	-5.7173467	-47.545494	185000	2.2113323e-08	179.99452	-0.0083815325	-161.5484	0.6603597	-0.0007026702	0.077	79.0	47001.944415569305
185	-105.85	34.73143	-60.71	-157.96	230.75	-31.232708	10.301019	-12.336817	-47.885284	186000	2.3454428e-08	63.094746	-0.012133472	-43.93248	0.6600076	0.0065188482	0.124	79.0	47378.499807834625
186	-93.67	30.46	-63.21	-124.13	207.5	-29.491226	12.404494	-4.626687	-52.99596	187000	8.523465e-09	233.57271	-0.0078131985	-222.56021	0.65945375	0.0070752767	0.08	79.0	47458.71302628517
187	-141.33499	37.165	-104.17	-178.5	306.0	-36.660526	13.534756	-7.5498085	-51.283577	188000	-3.9190056e-09	70.10175	-0.00943396	-65.43837	0.6556475	0.005543259	0.089	79.0	47617.249817848206
188	-148.98	0.0	-148.98	-148.98	315.0	-39.48464	15.188311	-1.5363743	-51.397583	189000	-6.0200693e-09	71.474724	-0.0038071384	-68.060234	0.65330344	0.01607544	0.196	4.0	47793.357109069824
189	-78.08	11.900002	-66.18	-89.98	179.0	-47.82765	6.5926075	-30.940138	-53.52628	190000	2.2351742e-08	121.800514	-0.0049441606	-114.89258	0.65315884	0.016212747	0.238	7.0	47945.14322018623
190	-111.415	2.1949997	-109.22	-113.61	239.0	-34.277897	22.651384	2.26761	-54.057987	191000	3.7312507e-08	146.33133	-0.005897411	-143.05759	0.65214944	0.0026257716	0.052	79.0	48134.148272275925
191	-554.37	0.0	-554.37	-554.37	1000.0	-52.88582	0.23901628	-52.488083	-53.176933	192000	-2.4706125e-08	21.92536	0.002457732	-8.191119	0.63894403	0.025684807	0.334	2.0	48153.296060323715
192	-89.784996	10.3759575	-79.09	-102.31	201.75	-38.3669	8.712308	-11.008606	-55.61847	193000	-6.4671037e-09	214.7549	-0.0044167656	-190.14098	0.6387138	0.019153778	0.278	4.0	48481.66408395767
193	-528.66	0.0	-528.66	-528.66	1000.0	-29.274954	1.4018395	-26.434996	-43.641148	194000	-7.0238116e-07	484.96472	-0.007977646	-468.77304	0.6383311	0.015412753	0.172	2.0	49394.56436371803
194	-95.43	11.400002	-84.03	-106.83	202.0	-56.943	5.5802135	-46.622906	-61.963745	195000	-3.9935113e-09	286.66208	0.0017761218	-214.72156	0.6382275	0.016694596	0.202	4.0	49501.785373449326
195	-145.91	0.0	-145.91	-145.91	311.0	-37.70793	5.145665	-29.518066	-55.25134	196000	-2.7567149e-08	247.60736	-0.0041542556	-184.30374	0.63788307	0.016444618	0.225	7.0	49784.800584316254
196	-109.935	25.814999	-84.12	-135.75	225.5	-43.051006	8.753127	-26.221981	-50.998196	197000	3.0100347e-09	79.09631	-0.011568374	-29.267204	0.63748693	0.015160723	0.203	21.0	49883.7471306324
197	-127.29	37.99734	-75.73	-166.18	273.66666	-23.590876	11.536812	-1.873574	-54.314358	198000	-2.0802021e-08	142.92067	-0.0082302075	-135.15422	0.6346927	0.01976227	0.172	4.0	50199.54567408562
198	-558.26	0.0	-558.26	-558.26	1000.0	-52.288765	1.0054104	-40.968533	-53.65558	199000	3.2931567e-08	42.914505	-0.008763779	-21.441626	0.634042	0.008453433	0.072	79.0	50896.54137682915
199	-590.78	0.0	-590.78	-590.78	1000.0	-56.177116	0.016519604	-56.14834	-56.20809	200000	2.5808811e-08	24.218956	-0.0061061354	-10.849058	0.63413125	-0.001870265	0.023	79.0	50916.21656560898
200	-136.93001	19.937815	-110.32	-158.31	310.66666	-39.87921	7.8612905	-10.589929	-59.372875	201000	1.4841556e-08	135.03165	-0.005414815	-90.79866	0.61591107	0.0158639	0.167	4.0	51439.281344890594
201	-165.095	52.925003	-112.17	-218.02	351.0	-51.373947	10.271036	-33.98939	-57.481167	202000	-3.8087368e-08	278.7576	-0.0016859202	-204.22491	0.61550033	0.018053925	0.28	4.0	51646.9210858345
202	-238.61	122.61	-116.0	-361.22	495.0	-25.058662	8.365708	1.5900531	-48.548748	203000	1.3780594e-07	267.47324	-0.008608807	-224.06912	0.61544377	0.005631582	0.068	79.0	52169.77536416054
203	-113.90751	42.02168	-42.73	-148.18	243.5	-27.697723	14.246074	-1.0545967	-42.293518	204000	2.2187828e-08	115.707756	-0.006256639	-72.578545	0.59650236	0.02219502	0.278	4.0	52474.0389957428
204	-573.07	0.0	-573.07	-573.07	1000.0	-42.042744	2.2900565	-28.417013	-44.502125	205000	3.8981437e-08	226.70552	0.0012232187	-204.9837	0.5956006	0.018319454	0.248	2.0	52493.05882835388
205	-423.96	0.0	-423.96	-423.96	1000.0	-36.07634	3.8330078	-31.867373	-55.68849	206000	-5.5551528e-08	24.626833	-0.0016777193	-23.30888	0.5952753	0.022827312	0.4	2.0	53084.65484881401
206	-118.32333	23.18945	-93.59	-149.34	264.33334	-42.442253	6.007246	-30.93814	-48.076168	207000	-5.4121017e-08	322.11737	0.0028734566	-316.42926	0.5950928	0.015578734	0.165	2.0	53323.49291920662
207	-169.345	65.935	-103.41	-235.28	354.5	-45.929928	10.310271	-24.865105	-55.91529	208000	-2.9802323e-09	273.82452	0.00088580797	-225.09523	0.594976	0.023956303	0.333	3.0	53682.420827150345
208	-553.9	0.0	-553.9	-553.9	1000.0	-44.151127	2.3171706	-38.964912	-47.325855	209000	4.4107438e-08	128.92929	-0.009581566	-112.0076	0.5946559	0.008392391	0.056	79.0	53702.1886343956
209	-102.3425	38.517105	-45.3	-142.72	222.5	-38.86554	6.7742233	-31.176205	-54.50439	210000	-1.7285346e-08	209.93874	-0.0053672944	-122.29146	0.5661923	0.020793503	0.208	3.0	54097.18755316734
210	-137.93666	24.914688	-116.31	-172.84	307.66666	-11.006994	13.893613	4.033483	-53.926823	211000	8.3446505e-10	471.91028	-0.012293574	-454.75653	0.5655543	0.0013448651	0.078	79.0	54438.51157975197
211	-216.64499	130.155	-86.49	-346.8	444.0	-23.349451	12.146387	-8.088857	-42.82455	212000	2.0623206e-08	568.8336	0.00060257275	-512.568	0.5500208	0.017055279	0.312	2.0	55108.96846032143
212	-95.01	0.0	-95.01	-95.01	210.0	-47.18764	6.051405	-33.64801	-50.693882	213000	9.1195105e-09	45.007572	-0.0026508188	-30.386559	0.5499043	0.018873982	0.16	9.0	55173.242822408676
213	-50.33	0.0	-50.33	-50.33	121.0	-49.575428	8.889033	-22.883615	-52.940094	214000	2.4490058e-08	22.511835	-0.008918215	-14.051228	0.548514	0.009733559	0.074	79.0	55241.3613820076
214	-539.95	0.0	-539.95	-539.95	1000.0	-50.940834	1.0046046	-49.734207	-53.378956	215000	9.012222e-08	25.029194	-0.0045850193	-19.611242	0.5321768	0.00088935695	0.026	79.0	56031.51799726486
215	-84.5	0.0	-84.5	-84.5	196.0	-28.044441	10.698328	-15.5880375	-55.08506	216000	-1.01923945e-08	542.9537	-0.008155861	-465.05185	0.52152556	0.0016260548	0.047	79.0	56130.528871297836
216	-128.68666	57.31841	-80.94	-209.29	276.0	-41.993656	6.3484235	-30.26721	-47.746437	217000	-1.2755394e-08	212.61378	-0.0057785204	-81.3197	0.51154697	0.015547091	0.248	4.0	56511.26603746414
217	-144.095	25.395004	-118.7	-169.49	315.5	-40.73535	6.824752	-32.517536	-50.586117	218000	-1.5508384e-08	95.584984	-0.0014918126	-74.97542	0.5114154	0.017410725	0.222	3.0	56839.89932155609
218	-157.38	46.95	-110.43	-204.33	338.0	-31.01352	4.5359163	-15.642006	-53.385082	219000	6.8843367e-09	133.93275	-0.0034325565	-89.567825	0.51148504	0.015750507	0.314	3.0	57180.60938692093
219	-353.21	0.0	-353.21	-353.21	735.0	-35.352703	4.211359	-31.205784	-44.883255	220000	-1.4662743e-08	113.683395	-0.0022370678	-102.827095	0.51153284	0.025181396	0.29	2.0	57877.425948143005
220	-158.81	85.75	-73.06	-244.56	339.0	-47.742367	9.852257	-17.973648	-56.43001	221000	-4.863739e-08	107.21574	-0.0021403553	-92.67122	0.5115325	0.015416621	0.139	9.0	58259.63489866257
221	-126.58666	30.773237	-84.34	-156.76	267.66666	-32.581387	11.563632	1.6329532	-54.365776	222000	1.2405216e-08	156.6169	-0.0075462153	-84.88371	0.51196975	0.018295318	0.202	2.0	58546.062163352966
222	-131.19	51.297478	-66.6	-192.09	287.66666	-26.66667	10.823463	-12.400938	-53.073	223000	2.3722649e-08	169.15654	0.0035509565	-132.02403	0.51206154	0.023153054	0.296	2.0	58977.80947780609
223	-553.87	0.0	-553.87	-553.87	1000.0	-44.378548	6.2629604	-36.6627	-53.742035	224000	2.0682812e-08	156.14594	-3.6889254e-05	-141.56126	0.5120695	0.015756013	0.208	3.0	58997.99647521973
224	-143.05	0.0	-143.05	-143.05	283.0	-52.97349	1.7500435	-49.844124	-54.095573	225000	-9.700656e-09	130.85089	-0.00024251532	-97.505844	0.5120703	0.016080346	0.234	4.0	59078.0995118618
225	-225.33	0.0	-225.33	-225.33	481.0	-28.773558	8.238623	-10.607529	-55.534058	226000	7.6293944e-08	229.13556	-0.013884531	-217.27489	0.51189744	0.003829522	0.115	79.0	59780.06841492653
226	-130.14	47.46719	-67.98	-183.17	280.0	-47.587616	1.0552379	-45.33817	-48.56044	227000	-2.4676323e-08	366.5483	-0.0026432362	-265.48666	0.51458365	0.023838498	0.248	2.0	60074.75649333
227	-99.3625	26.89563	-61.6	-129.52	222.75	-30.276493	6.532209	-24.340061	-48.40713	228000	2.978742e-08	132.3264	-0.004430187	-72.66617	0.51455307	0.018084696	0.163	6.0	60278.90812110901
228	-155.33333	30.389837	-132.69	-198.29	319.33334	-32.294964	15.694129	3.7660499	-48.682247	229000	-1.6473233e-08	256.3746	-0.004121919	-172.19812	0.513924	0.016103787	0.192	2.0	60689.33747005463
229	-587.54	0.0	-587.54	-587.54	1000.0	-54.251797	0.66465044	-33.307354	-54.429703	230000	-7.4148176e-08	27.303669	0.00057104183	-21.604767	0.51356965	0.018289257	0.208	2.0	60709.24055480957
230	-94.880005	10.983379	-83.79	-111.74	213.75	-37.886456	9.866897	-27.709452	-58.714622	231000	-3.1292438e-09	193.36179	-0.012290486	-162.12126	0.5134073	0.0036601666	0.117	79.0	60869.52199935913
231	-106.98667	30.180002	-73.08	-146.39	236.33333	-24.577417	9.782524	-5.963262	-55.308884	232000	-6.1392784e-09	98.61844	-0.008911816	-84.21825	0.5139367	0.010214702	0.066	79.0	61039.21181726456
232	-143.82333	79.4331	-72.71	-254.69	303.33334	-27.18375	12.788423	4.2708964	-50.892635	233000	-6.449223e-08	131.35988	-0.0112210205	-118.04864	0.48922804	0.016886832	0.183	6.0	61552.37050652504
233	-51.69	0.0	-51.69	-51.69	122.0	-46.133595	5.5516906	-31.154867	-50.058914	234000	1.4970311e-08	101.18535	-0.008444045	-92.7751	0.48795667	0.010734122	0.081	79.0	62250.08144569397
234	-173.07	0.76999664	-172.3	-173.84	371.0	-10.691826	11.368484	2.473241	-48.25988	235000	-5.00679e-08	568.9891	-0.010846795	-553.89526	0.48918498	0.011124678	0.097	79.0	62695.9888689518
235	-102.46999	48.299915	-43.37	-161.68	228.33333	-37.10717	7.2809496	-19.33107	-43.87053	236000	-3.8325787e-08	148.23087	-0.008540271	-119.58557	0.4789469	-0.00056890724	0.07	79.0	62979.80073881149
236	-214.13	62.43	-151.7	-276.56	443.0	-24.234371	18.590094	3.4511755	-58.7509	237000	-3.5405158e-08	402.9739	-0.003820055	-372.20847	0.47718844	0.020796385	0.187	4.0	63422.44484829903
237	-91.67334	31.164698	-65.16	-135.42	207.33333	-30.09032	12.263611	-16.157017	-56.07594	238000	1.0117889e-08	134.0894	-0.017353738	-106.37454	0.47715595	0.0028788848	0.147	79.0	63777.62345933914
238	-563.55	0.0	-563.55	-563.55	1000.0	-47.624546	3.8126101	-42.329823	-52.574593	239000	-3.093481e-08	108.87239	-0.0075009735	-98.17192	0.43882775	0.0039011831	0.052	79.0	63802.525337696075
239	-96.79667	25.131992	-72.73	-131.48	210.0	-38.45281	11.745033	-20.673956	-51.77762	240000	1.9580126e-08	116.52871	-0.0076542734	-101.96155	0.42739254	0.015983308	0.175	25.0	63969.234164476395
240	-148.09	94.73722	-57.43	-278.85	306.33334	-42.488976	7.803064	-14.780437	-49.795185	241000	5.7280065e-08	165.98041	-0.008263364	-149.41516	0.4251982	0.006274649	0.076	79.0	64467.07018375397
241	-225.95999	59.749992	-166.21	-285.71	472.0	-34.01903	8.945179	-16.98988	-47.91794	242000	-4.941225e-08	90.72724	-0.007908045	-67.94474	0.40657258	-0.00013383973	0.069	79.0	64889.71085643768
242	-143.595	6.574997	-137.02	-150.17	310.0	-43.307842	8.882584	-25.41387	-53.883305	243000	1.0550022e-08	57.426376	-0.0067847613	-52.827866	0.42120692	0.008677725	0.092	79.0	65028.52547740936
243	-98.2925	25.283112	-66.75	-132.78	216.0	-20.731949	10.712433	4.6671352	-50.592674	244000	1.2814999e-08	83.009224	-0.004761941	-65.84024	0.40712956	0.02420294	0.273	3.0	65350.44342422485
244	-109.119995	27.4211	-84.56	-147.39	243.33333	-22.001066	16.270855	6.4702325	-45.08655	245000	7.092953e-09	158.60255	-0.0028655322	-146.01555	0.40666455	0.023184989	0.339	3.0	65639.30718755722
245	-110.0	0.0	-110.0	-110.0	243.0	-48.138783	9.782887	-20.055834	-53.63882	246000	5.9366226e-08	16.45909	-0.013184971	-12.366072	0.40615007	0.008593332	0.061	79.0	65736.58167505264
246	-82.125	7.794998	-74.33	-89.92	190.0	-44.738148	16.398287	-13.80368	-57.685585	247000	8.523465e-09	26.041786	-0.009565946	-23.043407	0.4069619	0.004007664	0.089	79.0	65896.30438637733
247	-96.252495	14.194585	-78.5	-116.91	211.0	-26.245556	17.443954	5.978398	-57.36454	248000	-2.375245e-08	67.53807	-0.0052014557	-61.008286	0.4145684	0.015192666	0.221	3.0	66199.3171851635
248	-126.46334	65.46508	-66.96	-217.64	275.66666	-41.711876	4.567938	-19.7187	-54.719257	249000	-1.6093255e-08	162.8831	-0.0069646644	-153.00163	0.4148369	0.015627697	0.253	3.0	66612.0246899128
249	-135.64333	40.514435	-95.82	-191.23	310.0	-25.924847	13.197529	0.8470618	-43.860317	250000	-1.5765428e-08	128.46954	-0.00662381	-117.143036	0.41485107	0.018060891	0.295	7.0	67058.82954573631
250	-502.62	0.0	-502.62	-502.62	1000.0	-25.317371	4.9676924	-19.107092	-38.42114	251000	1.4257431e-07	542.3493	-0.007893309	-506.99695	0.4145317	0.0036057504	0.047	79.0	68148.19884157181
251	-157.005	96.565	-60.44	-253.57	335.0	-41.0852	4.8756413	-28.67188	-47.58462	252000	-2.1278858e-08	97.66549	-0.00675038	-64.212326	0.39063644	0.015451377	0.162	19.0	68559.88548493385
252	-121.013336	56.43535	-64.32	-198.01	266.0	-41.444515	9.693788	-14.200249	-47.089363	253000	2.4855137e-08	207.49294	-0.0036768268	-185.53027	0.39204976	0.015077751	0.159	7.0	68809.95090556145
253	-43.84	0.0	-43.84	-43.84	105.0	-49.8137	10.1664915	-12.507187	-54.272972	254000	-9.536744e-10	6.6083107	-0.009069171	-4.7433844	0.392722	0.016170373	0.136	2.0	68853.17893505096
254	-114.685	26.875	-87.81	-141.56	248.5	-40.660423	9.209376	-24.997023	-51.29115	255000	9.678304e-09	56.504307	-0.0040896083	-45.032825	0.39282537	0.017952016	0.283	7.0	69013.93105459213
255	-540.45	0.0	-540.45	-540.45	1000.0	-57.256336	1.0578427	-47.863136	-58.37803	256000	-1.8501282e-07	8.34822	-0.00085389643	-7.7011414	0.3926813	0.016007243	0.232	3.0	69036.15683221817
256	-164.695	33.894997	-130.8	-198.59	380.5	-41.620865	3.799848	-30.97961	-52.813812	257000	-2.6732684e-08	204.80536	-0.0063140085	-122.9971	0.39266312	0.01675749	0.376	7.0	69441.22670555115
257	-482.59	0.0	-482.59	-482.59	1000.0	-45.160046	0.974885	-43.01341	-47.070896	258000	2.503395e-08	9.549359	-1.45628455e-05	-9.183674	0.39219242	0.023061346	0.35	1.0	69464.57968020439
258	-90.845	37.615	-53.23	-128.46	203.5	-34.33956	12.788164	-12.204366	-47.79776	259000	-5.841255e-09	48.279724	0.009744983	-37.491024	0.39207014	0.020619793	0.345	2.0	69578.60095357895
259	-177.15	51.730003	-125.42	-228.88	395.0	-37.547287	10.982371	-9.834654	-47.174084	260000	-2.2925436e-08	105.7833	-0.0011235889	-67.277466	0.39181444	0.01558094	0.243	3.0	69913.75630736351
260	-76.97	0.0	-76.97	-76.97	172.0	-46.127514	12.750212	-12.151707	-52.70556	261000	-6.7353247e-09	93.53494	-0.008106578	-82.086464	0.39142302	0.011427925	0.04	79.0	70311.6242339611
261	-492.99	0.0	-492.99	-492.99	1000.0	-39.89386	2.1483195	-37.796543	-45.03374	262000	-4.386902e-08	95.11157	-0.0015706817	-84.309105	0.39602086	0.017245764	0.204	3.0	71197.7105717659
262	-453.72	0.0	-453.72	-453.72	1000.0	-18.187267	11.719208	-10.4033985	-48.4269	263000	-6.1631205e-08	713.2953	-0.002715936	-670.79865	0.39622253	0.005670627	0.013	79.0	72222.42399811745
263	-128.76	10.506001	-118.67	-143.25	292.66666	-42.676586	1.4532691	-41.53665	-45.593117	264000	8.940697e-09	281.95538	-0.008486052	-177.11667	0.4011499	0.008312301	0.077	79.0	72544.32051849365
264	-479.94	0.0	-479.94	-479.94	1000.0	-30.15584	0.4260366	-30.131714	-43.61771	265000	-1.7499924e-07	268.11154	-0.0069928276	-255.65189	0.3825082	0.00010834211	0.024	79.0	73555.50649189949
265	-86.91799	16.156225	-56.37	-102.54	193.4	-45.06611	2.7785602	-34.58071	-50.066624	266000	-2.6524066e-08	507.8697	-0.007045918	-394.82532	0.38411236	0.015409705	0.173	9.0	73830.55094885826
266	-445.14	0.0	-445.14	-445.14	1000.0	-29.255188	0.41926077	-29.228613	-42.50405	267000	1.397133e-07	193.52522	-0.0075824237	-173.20074	0.38417843	0.00090717705	0.026	79.0	74254.7491106987
267	-120.935005	13.525002	-107.41	-134.46	268.0	-35.809734	6.234933	-20.227179	-43.941757	268000	3.8351864e-09	68.871895	-0.0054985373	-19.419437	0.3863893	0.016781779	0.146	5.0	74778.317964077
268	-157.16501	22.165	-135.0	-179.33	355.0	-41.681778	1.9518104	-39.49445	-45.00681	269000	-1.3113022e-09	177.14496	-0.0020153401	-96.13429	0.38678846	0.016227718	0.246	2.0	75269.7352976799
269	-414.42	0.0	-414.42	-414.42	915.0	-35.5227	1.6507665	-30.070864	-36.02416	270000	-1.7523766e-08	91.97501	5.8393838e-05	-20.881454	0.3869329	0.017047428	0.184	5.0	76225.65324831009
270	-102.61	0.0	-102.61	-102.61	231.0	-34.31464	10.943966	-13.145512	-40.317066	271000	-5.480647e-08	65.34779	-0.0069753285	-58.107475	0.38679618	0.016914181	0.152	3.0	76703.5461769104
271	-137.65001	106.0398	-60.97	-287.6	286.66666	-28.823317	14.808025	1.8670086	-43.102257	272000	-2.82377e-08	368.44528	-0.00409891	-314.43237	0.3866439	0.015246806	0.235	3.0	77166.96458649635
272	-436.22	0.0	-436.22	-436.22	1000.0	-44.166855	1.0093054	-41.865795	-45.21011	273000	-2.359599e-08	8.443141	-0.0066187996	-4.4422145	0.38638136	0.0038672863	0.036	79.0	77892.95293784142
273	-86.41	42.992905	-58.7	-160.81	189.5	-28.756874	7.8449526	-21.305113	-43.659	274000	2.2813678e-08	126.26711	-0.011123654	-71.48719	0.39333004	0.0030713659	0.11	79.0	78259.80673599243
274	-136.825	60.065	-76.76	-196.89	307.5	-35.77125	11.1229105	-4.816311	-45.11381	275000	9.059906e-09	34.158756	-0.0015993254	-30.33853	0.3784067	0.015487781	0.155	5.0	78650.36339569092
275	-228.53	101.66	-126.87	-330.19	454.5	-25.417768	15.221482	-8.072549	-45.845486	276000	2.0563602e-08	721.86383	-0.010351637	-673.1989	0.37818488	0.002851929	0.079	79.0	79350.86268591881
276	-131.725	25.254997	-106.47	-156.98	285.5	-46.05758	4.2528195	-28.984993	-48.801426	277000	-1.5497207e-08	164.98235	-0.0034553306	-161.3981	0.36942434	0.015194441	0.239	8.0	79705.45778083801
277	-437.2	0.0	-437.2	-437.2	1000.0	-45.55032	0.13881029	-45.38597	-48.553112	278000	-8.311868e-08	16.81893	-0.0053521576	-6.117235	0.36934555	-0.001808265	0.034	79.0	79734.28115940094
278	-121.25	42.199795	-73.07	-175.84	266.66666	-31.148817	15.5379715	-5.6530848	-48.436382	279000	-1.0430813e-08	176.86206	-0.0026044704	-172.19307	0.3661359	0.015293681	0.15	3.0	79951.66502308846
279	-169.09	0.0	-169.09	-169.09	379.0	-38.042385	11.128116	-3.568345	-44.282326	280000	1.0699034e-08	10.631509	-0.004742595	-7.7517996	0.36586487	0.0043935757	0.065	79.0	80353.21722149849
280	-93.2375	21.886726	-60.85	-119.69	215.5	-28.930424	10.569105	2.3402843	-43.914257	281000	-4.7460198e-08	63.697083	-0.009998624	-27.30217	0.35496843	0.025892941	0.259	3.0	80651.48765182495
281	-157.67	0.0	-157.67	-157.67	351.0	-24.152992	9.001422	-14.244695	-38.962013	282000	3.5762786e-09	580.0335	-0.0029310684	-519.06146	0.3546292	0.015930496	0.176	16.0	81272.35499620438
282	-159.975	92.365	-67.61	-252.34	341.0	-44.987244	1.2957902	-43.309887	-47.72184	283000	4.5597552e-09	191.58449	-0.0041977265	-112.11293	0.3538068	0.016471023	0.095	3.0	81745.1971347332
283	-290.26	0.0	-290.26	-290.26	687.0	-40.740814	3.2303133	-35.909393	-42.926018	284000	1.0043383e-08	145.43466	-0.009456187	-52.875328	0.35373017	0.0047761034	0.074	79.0	82068.87219047546
284	-84.89	23.84165	-54.62	-128.12	190.8	-30.702032	5.6952524	-24.898712	-39.48972	285000	5.4240226e-09	205.64775	-0.0140373185	-144.4926	0.33203062	0.0058034523	0.126	79.0	82304.63201212883
