Epoch	AverageEpRet	StdEpRet	MaxEpRet	MinEpRet	EpLen	AverageVVals	StdVVals	MaxVVals	MinVVals	TotalEnvInteracts	LossPi	LossV	DeltaLossPi	DeltaLossV	Entropy	KL	ClipFrac	StopIter	Time
0	-132.14749	15.395071	-107.46	-147.15	1000.0	0.3820138	0.010204364	0.3897279	0.3614021	4000	0.0	163.75421	-0.005383959	-138.56561	0.918938	0.003446429	0.050499998	79.0	19.79552912712097
1	-111.6675	8.473083	-102.73	-125.12	1000.0	-8.1333475	0.008460171	-8.119159	-8.141479	8000	-2.9802322e-08	10.439983	-0.0047945883	-8.135132	0.91793305	0.009002744	0.0685	79.0	38.00412607192993
2	-135.44	25.18459	-95.41	-162.36	1000.0	-10.25661	0.13721904	-10.028523	-10.369006	12000	8.940697e-08	18.528711	-0.0046441536	-10.6182375	0.9124554	0.0063136457	0.0505	79.0	54.94609570503235
3	-133.13751	22.004614	-95.25	-149.1	1000.0	-12.866865	0.0029771815	-12.862313	-12.869615	16000	-4.4703484e-08	7.0746555	-0.0048040226	-0.491149	0.900154	0.0034693482	0.041	79.0	73.13329029083252
4	-125.027504	28.49986	-84.63	-161.2	1000.0	-13.484017	0.005777387	-13.477848	-13.492775	20000	2.9802322e-08	9.875593	-0.0038149208	-0.50890946	0.88865113	0.003879441	0.038	79.0	92.82580900192261
5	-106.292496	38.384045	-67.6	-169.92	1000.0	-12.845146	0.027368072	-12.798985	-12.871203	24000	0.0	20.009914	-0.006081801	-12.070904	0.87551856	0.008454824	0.07625	79.0	114.68041682243347
6	-136.33499	32.19292	-95.87	-177.29	1000.0	-11.384823	0.5662437	-10.768805	-12.224831	28000	2.2351742e-08	14.470803	-0.0039456114	-10.094967	0.87253743	0.008554833	0.070250005	79.0	136.3427119255066
7	-119.17	27.25752	-100.31	-166.25	1000.0	-12.077265	1.9240654	-10.155673	-15.20999	32000	5.9604645e-08	2.1142392	-0.0023724064	-1.156812	0.86788875	0.016395021	0.16625	4.0	157.4291501045227
8	-112.7025	28.923187	-74.93	-154.17	1000.0	-12.020584	2.3698254	-10.012148	-16.008114	36000	-4.4703484e-08	3.150203	-0.004393462	-1.6153266	0.8679272	0.004753819	0.04875	79.0	178.24725198745728
9	-136.0575	18.262365	-110.9	-161.15	1000.0	-13.27801	3.0781279	-8.024846	-16.052567	40000	-1.4901161e-08	8.452617	-0.004421875	-5.636011	0.8578769	0.0064531034	0.0665	79.0	199.86585450172424
10	-97.86	26.242249	-73.83	-138.76	1000.0	-11.768862	1.6774939	-10.484924	-14.6843605	44000	-2.9802322e-08	5.9856005	-0.0041083544	-4.800892	0.8569635	0.004675912	0.060500003	79.0	221.5655996799469
11	-102.619995	29.292696	-60.95	-143.48	1000.0	-12.537794	1.6126021	-9.887402	-14.128442	48000	0.0	7.8168564	-0.0058720973	-6.652644	0.8667745	0.010694032	0.081750005	79.0	243.1235227584839
12	-107.2725	21.630661	-71.71	-129.67	1000.0	-11.909139	3.5250173	-5.096746	-14.816727	52000	-2.9802322e-08	4.090689	-0.0044746026	-2.68793	0.8737024	0.008814128	0.05975	79.0	264.689341545105
13	-119.7375	24.371838	-84.88	-148.53	1000.0	-12.199138	0.40979308	-11.34342	-12.811276	56000	-7.450581e-09	5.6669817	-0.004003249	-4.452162	0.8777742	0.008473026	0.0635	79.0	286.5962743759155
14	-97.332504	18.015518	-75.98	-123.64	1000.0	-8.927015	3.595905	-3.0087514	-14.333804	60000	4.4703484e-08	4.120806	-0.0031954162	-3.7632565	0.87961596	0.005429134	0.06125	79.0	308.1220016479492
15	-105.7525	19.358246	-72.65	-120.47	1000.0	-10.756455	1.3529961	-7.759749	-12.764631	64000	-2.6077032e-08	1.0447565	-0.0061574765	-0.8502498	0.8922582	0.011260131	0.08675	79.0	329.4296796321869
16	-91.275	28.537365	-68.69	-138.9	1000.0	-9.240805	2.8547077	-4.8456516	-12.670828	68000	2.9802322e-08	2.8702214	-0.006381396	-2.188484	0.8973585	0.008116966	0.09025	79.0	351.35135865211487
17	-101.865	26.789434	-84.23	-148.09	1000.0	-10.599868	2.6245947	-6.65024	-14.061419	72000	4.4703484e-08	3.3961713	-0.00457868	-2.6310499	0.89116436	0.007908558	0.09075	79.0	372.8860116004944
18	-65.5525	13.524761	-52.01	-83.96	1000.0	-8.1274805	0.9169629	-6.819552	-9.729845	76000	-1.4901161e-08	3.1553576	-0.005384129	-2.6319942	0.89357823	0.0075485697	0.06525	79.0	396.2918972969055
19	-89.075005	10.552806	-72.5	-101.24	1000.0	-8.489828	1.8282936	-4.923473	-11.190685	80000	2.9802322e-08	1.4570923	-0.0072175115	-1.2804291	0.87457883	0.008260442	0.1055	79.0	417.8257281780243
20	-107.7975	25.170427	-87.06	-150.79	1000.0	-10.488436	2.2079163	-6.9810314	-14.290152	84000	1.4901161e-08	1.0069221	-0.0036002425	-0.6206768	0.8551894	0.006820824	0.08175	79.0	441.1701126098633
21	-108.6725	36.190273	-57.59	-151.56	1000.0	-11.704767	3.3424394	-7.8242526	-15.662676	88000	5.9604645e-08	2.4268513	-0.0031737313	-2.01753	0.84029555	0.004212542	0.03725	79.0	462.79451179504395
22	-104.9425	23.813908	-68.39	-133.29	1000.0	-9.624402	2.665811	-4.8538294	-13.452984	92000	-5.9604645e-08	2.5142858	-0.005208431	-1.9942477	0.8421253	0.0062079	0.070250005	79.0	484.37251567840576
23	-74.5975	7.9547873	-65.86	-83.23	1000.0	-9.105424	3.331734	-5.2195067	-14.71943	96000	-8.940697e-08	8.468763	-0.005537614	-7.6890955	0.84960026	0.011501034	0.09125	79.0	506.7802908420563
24	-93.075005	16.597345	-68.5	-114.49	1000.0	-7.6772294	1.3930687	-5.5015097	-9.729559	100000	-1.1920929e-07	3.5879054	-0.0051965564	-3.1534042	0.84680396	0.0048975884	0.055499997	79.0	528.1666655540466
25	-82.545	21.257812	-57.61	-114.33	1000.0	-8.337287	1.0195668	-6.4647236	-9.895293	104000	-5.9604645e-08	2.6893144	-0.0065272115	-2.4650872	0.8356497	0.010536151	0.05725	79.0	549.8201334476471
26	-91.3375	22.009516	-54.54	-110.76	1000.0	-7.1326327	2.5424187	-2.5064662	-10.794121	108000	2.9802322e-08	5.869725	-0.005480476	-5.42034	0.85155493	0.006955697	0.0835	79.0	571.4268071651459
27	-86.7475	22.489786	-62.99	-121.62	1000.0	-10.067936	1.4351878	-7.3727994	-11.798288	112000	0.0	4.3256874	-0.0032549351	-3.134862	0.85672426	0.0036849873	0.05525	79.0	592.8228096961975
28	-79.1175	15.898649	-61.22	-103.62	1000.0	-7.481246	0.21262766	-7.1185594	-7.899	116000	-8.195639e-08	2.9339552	-0.0026020408	-2.2572258	0.8535676	0.0012120919	0.0175	79.0	614.1818380355835
29	-98.7725	25.076672	-66.06	-135.6	1000.0	-9.277843	0.5267605	-8.31074	-10.233364	120000	2.9802322e-08	6.2094417	-0.0058421046	-5.5201707	0.84230435	0.008809063	0.0805	79.0	636.5196623802185
30	-94.9925	21.204775	-65.62	-116.67	1000.0	-10.139863	2.277425	-6.254485	-12.992073	124000	1.1920929e-07	1.4390564	-0.0055933297	-1.272407	0.8525986	0.0067225313	0.09325001	79.0	658.1096251010895
31	-90.7825	12.873798	-74.42	-106.07	1000.0	-9.228986	1.8689189	-7.185667	-11.634471	128000	2.9802322e-08	0.38897598	-0.0039896555	-0.2676608	0.8565531	0.008788563	0.071	79.0	680.5353376865387
32	-105.0875	24.002205	-78.75	-135.19	1000.0	-10.293283	1.6836282	-7.6884212	-12.290141	132000	-5.9604645e-08	1.3839488	-0.0035870378	-1.1312071	0.8700795	0.001745048	0.067	79.0	698.7976727485657
33	-80.31	9.876474	-68.0	-91.29	1000.0	-7.7464104	1.7369682	-5.8558664	-10.664413	136000	0.0	2.028148	-0.00480479	-1.7974832	0.85582024	0.005718292	0.055999998	79.0	715.8130152225494
34	-89.7725	9.026007	-77.83	-101.03	1000.0	-8.885916	1.4595222	-7.045756	-11.313201	140000	0.0	1.8289628	-0.0064623095	-1.5128496	0.85955024	0.005852986	0.106	79.0	733.7964718341827
35	-85.2	6.0877666	-80.09	-95.35	1000.0	-9.165892	0.6085406	-8.358426	-9.806001	144000	0.0	1.6735876	-0.0053200168	-1.2345612	0.8488847	0.0052258377	0.05725	79.0	755.11248254776
36	-61.8175	9.717491	-48.8	-72.48	1000.0	-6.7110205	1.3711277	-3.8616495	-8.03276	148000	7.450581e-09	2.9142618	-0.004411642	-2.2047446	0.85303485	0.0072353715	0.066	79.0	777.1590881347656
37	-97.1025	23.529667	-59.63	-121.52	1000.0	-8.605041	0.98220766	-7.198269	-10.724671	152000	5.9604645e-08	5.1412206	-0.007233873	-4.6019154	0.8594138	0.010997361	0.107	79.0	798.4778320789337
38	-92.817505	25.518955	-61.95	-126.32	1000.0	-7.4820275	2.2244852	-5.157065	-11.466792	156000	0.0	6.6455927	-0.0041141994	-6.1122193	0.84680885	0.00415761	0.041750003	79.0	819.9280610084534
39	-63.16	8.787058	-54.1	-77.69	1000.0	-7.59675	0.56537217	-6.5193596	-9.01304	160000	-5.9604645e-08	4.8375993	-0.004191298	-3.5468984	0.8626322	0.006942822	0.050249998	79.0	841.3482949733734
40	-95.47	20.401691	-75.24	-129.12	1000.0	-9.480295	2.0457036	-5.7201653	-11.360343	164000	2.9802322e-08	5.218025	-0.0036756992	-4.852927	0.8812937	0.0074357707	0.061	79.0	862.8857078552246
41	-104.6425	5.4216213	-100.11	-113.9	1000.0	-10.198465	2.5895069	-6.220381	-13.21993	168000	-4.4703484e-08	4.4462776	-0.0036684358	-4.0918336	0.8978049	0.0036330489	0.04	79.0	884.529420375824
42	-87.7675	17.782303	-59.99	-104.54	1000.0	-10.153249	0.42191142	-9.738413	-10.9837885	172000	-2.9802322e-08	5.9418325	-0.0054011294	-4.7517915	0.8984932	0.0056085372	0.0935	79.0	906.1886310577393
43	-97.0925	9.703555	-83.02	-107.75	1000.0	-10.491643	0.4915122	-10.061673	-11.421358	176000	-5.2154064e-08	1.3609433	-0.0054975688	-0.9667883	0.88436884	0.006725177	0.07625	79.0	928.1609709262848
44	-91.685	12.3538475	-73.53	-107.08	1000.0	-8.581884	1.5065511	-6.2316313	-11.070595	180000	0.0	1.5525534	-0.005516857	-1.3032686	0.8734619	0.0054555796	0.044	79.0	949.5388700962067
45	-86.05	11.46642	-71.91	-103.15	1000.0	-6.714158	1.9722191	-4.462704	-8.749288	184000	-2.9802322e-08	6.612157	-0.0041183373	-6.191684	0.87089914	0.00966911	0.067	79.0	971.1777386665344
46	-84.74	12.673012	-66.03	-101.77	1000.0	-9.409334	1.6815267	-7.11085	-11.732124	188000	-1.2665987e-07	3.3406005	-0.0058785677	-2.9706948	0.8780655	0.0069762645	0.07350001	79.0	992.7874011993408
47	-71.270004	13.301638	-58.63	-91.72	1000.0	-8.556052	1.2038798	-6.278671	-10.00751	192000	0.0	3.352478	-0.003608361	-2.8733785	0.8846329	0.0035670465	0.03525	79.0	1014.4409756660461
48	-87.322495	23.46005	-59.64	-122.7	1000.0	-7.2149053	2.1152492	-5.6691194	-11.153062	196000	5.5879354e-08	3.2002263	-0.005263648	-2.4543843	0.876163	0.0049841013	0.055249996	79.0	1036.050663948059
49	-94.39751	26.068602	-56.68	-127.53	1000.0	-9.103113	1.6063337	-7.014718	-11.940787	200000	-4.4703484e-08	1.4409287	-0.0063236915	-1.2711256	0.8703955	0.008699739	0.09075	79.0	1058.0025699138641
50	-85.775	18.263365	-60.05	-110.01	1000.0	-8.444775	1.5163958	-5.9012957	-9.779579	204000	-1.4901161e-08	4.845915	-0.004953727	-4.4105477	0.86479753	0.006655719	0.10075	79.0	1080.3836567401886
51	-79.06	25.832003	-60.34	-123.49	1000.0	-7.88022	1.6000034	-5.4172125	-9.816045	208000	-2.2351742e-08	2.7642066	-0.0036017112	-2.3527975	0.85280216	0.0064715566	0.04	79.0	1102.996484041214
52	-64.565	11.537987	-52.05	-82.58	1000.0	-7.045365	1.4960465	-5.6112943	-9.7003565	212000	3.7252903e-08	1.4531327	-0.0077757835	-0.7442169	0.85189754	0.008431742	0.06675	79.0	1125.161077260971
53	-91.92999	21.572939	-66.31	-123.51	1000.0	-8.11378	2.2812178	-5.619752	-12.290575	216000	-8.940697e-08	1.3599343	-0.005018644	-1.2810616	0.8452672	0.00681758	0.06125	79.0	1147.8141632080078
54	-78.2425	17.128021	-58.1	-95.72	1000.0	-7.432248	1.4278485	-6.299284	-9.9251585	220000	-5.9604645e-08	1.76882	-0.0031321421	-1.3823572	0.83936	0.0047487644	0.0515	79.0	1169.3549542427063
55	-80.96	11.842451	-65.71	-96.42	1000.0	-7.8044686	1.4679601	-6.04572	-10.115254	224000	-3.7252903e-09	0.76123637	-0.0055433325	-0.26312935	0.83551234	0.005142605	0.093	79.0	1191.662747144699
56	-76.375	14.586375	-66.5	-101.57	1000.0	-8.6004305	1.6698527	-6.414033	-11.173999	228000	-1.4901161e-08	2.5490675	-0.010764365	-1.5892631	0.8433152	0.005374395	0.1075	79.0	1214.1166858673096
57	-95.41	26.328712	-66.59	-135.71	1000.0	-8.46402	1.277711	-6.823712	-10.457652	232000	5.9604645e-08	4.1580787	-0.0039929096	-3.7739913	0.8422903	0.00618873	0.069000006	79.0	1235.823407649994
58	-60.3575	8.695466	-52.02	-74.76	1000.0	-7.5436134	0.7653426	-6.4021235	-8.707864	236000	5.9604645e-08	3.5165472	-0.005003128	-2.677149	0.8416214	0.011400107	0.0815	79.0	1257.089107990265
59	-82.325005	8.009089	-74.41	-94.86	1000.0	-6.8004313	0.43506503	-6.0994067	-7.4784794	240000	3.7252903e-08	3.290856	-0.0061618164	-2.6926773	0.8410012	0.011327198	0.08425	79.0	1278.782261133194
60	-81.51	14.96943	-57.62	-97.6	1000.0	-7.756086	1.1960071	-6.1280394	-9.132538	244000	0.0	0.63991314	-0.00534036	-0.47311184	0.85174227	0.0076889894	0.076749995	79.0	1301.6093182563782
61	-80.302505	12.063957	-59.62	-89.13	1000.0	-9.158453	1.0070004	-7.8896537	-10.492306	248000	-5.9604645e-08	2.7874756	-0.0022041379	-2.067514	0.8510045	0.015132207	0.19500001	3.0	1323.0215418338776
62	-85.822495	9.270944	-75.58	-100.88	1000.0	-8.013827	1.167973	-6.242755	-9.756125	252000	5.9604645e-08	1.7599701	-0.004226219	-1.3399694	0.8509508	0.007636548	0.050750002	79.0	1344.413828611374
63	-78.11	18.627209	-61.72	-109.73	1000.0	-7.8233027	0.66240644	-6.658964	-8.594393	256000	2.2351742e-08	2.4909925	-0.005881788	-2.1614552	0.8517767	0.009418599	0.0945	79.0	1366.409833431244
64	-74.0925	21.154871	-37.79	-90.69	1000.0	-7.434583	0.7893682	-6.193536	-8.363416	260000	8.940697e-08	2.2417812	-0.004562132	-1.7969632	0.836904	0.010220746	0.09175	79.0	1387.561868429184
65	-82.085	21.194313	-51.33	-103.06	1000.0	-7.0442414	2.354711	-3.9728534	-9.6275625	264000	-4.4703484e-08	1.4886551	-0.0052622743	-1.2007489	0.8389832	0.0055973195	0.054250002	79.0	1409.1179976463318
66	-71.99	12.9749365	-58.07	-87.69	1000.0	-7.3467665	1.5648214	-4.8380356	-9.063269	268000	1.4901161e-08	1.6445541	-0.0010354985	-0.65571475	0.8234137	0.015372038	0.18175	3.0	1430.8545842170715
67	-73.22749	10.404272	-62.19	-88.92	1000.0	-8.023203	0.62834466	-7.1739187	-9.044909	272000	0.0	2.9775124	-0.0031272545	-2.1697	0.8231661	0.0052728276	0.03325	79.0	1452.3499839305878
68	-79.7625	15.3836565	-55.92	-98.89	1000.0	-8.04266	1.7158761	-6.233386	-10.8338375	276000	2.2351742e-08	1.2242858	-0.005070418	-0.6953596	0.8154646	0.008005466	0.0635	79.0	1474.063977241516
69	-63.1575	15.107814	-43.95	-84.07	1000.0	-7.36571	0.46680346	-6.868814	-8.26309	280000	2.2351742e-08	3.6724677	-0.0052255047	-2.874007	0.80214584	0.008676267	0.0855	79.0	1495.932823419571
70	-72.587494	20.99138	-43.47	-99.88	1000.0	-5.915015	2.8857284	-2.926634	-9.672585	284000	2.9802322e-08	3.2246866	-0.007166326	-2.3730218	0.7840196	0.0067104045	0.09125	79.0	1518.0030915737152
71	-76.6325	15.60143	-58.93	-97.25	1000.0	-7.0039706	0.72033846	-5.9721584	-8.133229	288000	2.9802322e-08	1.3425522	-0.004642166	-1.0276215	0.7928799	0.0044599394	0.054500002	79.0	1539.7767353057861
72	-55.37	17.186071	-36.03	-82.42	1000.0	-5.4838486	0.8429455	-4.0558844	-6.538349	292000	2.9802322e-08	4.5510445	-0.006046355	-2.5534635	0.7852229	0.0047171065	0.083	79.0	1561.884762763977
73	-71.8925	9.183195	-62.61	-81.2	1000.0	-7.972318	0.27774563	-7.4893155	-8.54435	296000	4.4703484e-08	2.2454095	-0.004390128	-1.554997	0.7763217	0.006961106	0.059	79.0	1583.3986465930939
74	-71.302505	8.72015	-58.19	-82.74	1000.0	-8.101902	0.4584261	-7.551412	-8.842208	300000	-2.9802322e-08	3.193162	-0.0060240533	-1.8262587	0.7813415	0.0062955767	0.06075	79.0	1605.2151582241058
75	-72.91	16.417406	-49.43	-91.9	1000.0	-6.265966	1.5687175	-3.9698956	-8.429205	304000	-1.4901161e-08	2.704	-0.006148154	-1.4656205	0.7743269	0.0065103197	0.06875	79.0	1626.990409374237
76	-48.7425	20.984308	-14.82	-72.35	905.25	-4.5143075	0.47897753	-3.6842284	-5.1935472	308000	-7.450581e-09	4.9609814	-0.0030730534	-2.3294756	0.7622536	0.0061702747	0.034	79.0	1649.0903024673462
77	-66.36	8.125612	-52.76	-73.65	1000.0	-7.2182302	1.9868683	-3.6559381	-9.031856	312000	0.0	2.7243989	-0.004672952	-2.0174603	0.75465566	0.0050674803	0.059250005	79.0	1670.4493899345398
78	-72.119995	7.7724285	-63.83	-80.98	1000.0	-7.350926	0.66091037	-6.547152	-8.213105	316000	2.2351742e-08	0.851908	-0.0050390624	-0.14073683	0.75732195	0.003418413	0.04825	79.0	1692.1204421520233
79	-70.2175	6.779316	-60.54	-79.44	1000.0	-7.3862624	0.9480179	-5.696723	-8.618642	320000	4.8428774e-08	2.2607398	-0.0050115585	-1.4709435	0.7660895	0.008154694	0.070250005	79.0	1714.3717851638794
80	-62.850002	10.819505	-50.15	-79.91	1000.0	-6.146376	2.6472511	-3.122571	-9.686714	324000	3.7252903e-08	3.7546415	-0.0061034113	-2.7288165	0.7713295	0.008882982	0.0695	79.0	1736.4258313179016
81	-66.845	11.073188	-49.8	-80.1	1000.0	-9.112915	1.4566036	-6.9198074	-11.399788	328000	5.9604645e-08	7.3576927	-0.006038621	-6.5584393	0.7851003	0.0015644875	0.063999996	79.0	1758.153802394867
82	-82.0175	14.224551	-57.42	-91.21	1000.0	-7.6439114	0.34873536	-7.2553163	-8.217657	332000	-2.9802322e-08	1.936855	-0.005875502	-1.6304173	0.7685831	0.0150325	0.094500005	31.0	1779.7812414169312
83	-68.0975	17.400524	-51.9	-96.24	1000.0	-5.553138	1.215205	-4.113855	-7.4508758	336000	-7.4505806e-08	1.6988865	-0.00809229	-1.3894434	0.76662314	0.005627971	0.08475	79.0	1802.902220249176
84	-80.3625	16.336382	-61.44	-99.98	1000.0	-7.1203904	2.5020235	-3.7752259	-9.615553	340000	1.4901161e-08	1.328325	-0.0072128475	-1.1323476	0.75201815	0.007863725	0.083749995	79.0	1825.0542449951172
85	-69.5625	6.1260824	-63.51	-78.76	1000.0	-9.280604	1.3344556	-6.3846164	-10.257209	344000	-2.9802322e-08	6.6445494	-0.0048792493	-5.7206545	0.77567345	0.0046465374	0.0625	79.0	1847.7095098495483
86	-78.0575	11.828776	-61.65	-93.39	1000.0	-6.392091	1.6654303	-3.4300327	-7.957383	348000	0.0	2.8460019	-0.005486035	-2.1184893	0.77306056	0.0062412764	0.055749997	79.0	1869.791016817093
87	-71.39	8.412342	-65.42	-85.9	1000.0	-7.329731	0.75773865	-6.0901318	-8.1087	352000	-2.2351742e-08	1.0602357	-0.007816657	-0.6030523	0.782208	0.008603724	0.10175	79.0	1891.6743154525757
88	-64.3575	9.537312	-51.18	-73.61	1000.0	-6.571438	0.31739828	-5.644158	-7.479525	356000	-2.9802322e-08	1.0294645	-0.0058112293	-0.8676755	0.7712268	0.0073859952	0.078250006	79.0	1913.1579930782318
89	-77.615	9.5871725	-66.8	-89.74	1000.0	-7.8502254	1.341602	-5.68839	-9.585293	360000	-1.4901161e-08	2.098254	-0.005536597	-1.8010068	0.78498363	0.010695007	0.08849999	79.0	1935.255294561386
90	-82.9725	9.452076	-74.09	-98.47	1000.0	-7.862701	0.8632905	-6.588031	-8.80439	364000	0.0	2.724434	-0.005980936	-1.8597518	0.79486203	0.0080256425	0.082	79.0	1956.989485502243
91	-67.3525	4.088994	-63.95	-74.04	1000.0	-8.176534	0.36766696	-7.5439463	-8.488453	368000	2.9802322e-08	3.1236467	-0.004335925	-2.3049974	0.79446214	0.0058181705	0.042	79.0	1979.2725689411163
92	-77.7225	21.469358	-62.55	-114.78	1000.0	-7.248784	0.9825364	-5.354719	-8.982688	372000	1.4901161e-08	5.0530043	-0.004774306	-4.3043027	0.78891104	0.0034363177	0.047	79.0	2001.0222549438477
93	-75.079994	12.012	-61.71	-93.24	1000.0	-8.123115	2.2464573	-5.7220745	-11.14007	376000	4.4703484e-08	4.587349	-0.0022874698	-3.6914642	0.78068805	0.019190002	0.1995	4.0	2022.6420030593872
94	-67.07	13.680124	-46.21	-84.57	1000.0	-6.529184	0.616539	-5.6325374	-7.6060715	380000	5.9604645e-08	1.2322779	-0.0043825395	-0.9122008	0.7809222	0.006991265	0.061	79.0	2044.204782962799
95	-76.4175	18.7088	-51.29	-94.91	1000.0	-7.518579	1.7212647	-5.7572994	-9.554387	384000	0.0	0.48517114	-0.0052960217	-0.26531696	0.7835852	0.0059446506	0.059750002	79.0	2066.5332028865814
96	-76.41	10.77505	-60.36	-90.66	1000.0	-8.140429	1.5849398	-5.4788136	-9.505589	388000	5.9604645e-08	4.004414	-0.0062899785	-3.6483195	0.77178526	0.00950948	0.07125001	79.0	2088.7639038562775
97	-75.815	17.776802	-49.99	-94.1	1000.0	-7.4913106	1.6483383	-4.781084	-9.178742	392000	-1.1175871e-08	0.96845365	-0.0047851326	-0.27347267	0.7775932	0.008012708	0.052	79.0	2110.9622180461884
98	-70.619995	16.425125	-56.35	-98.56	1000.0	-7.079454	1.5985644	-4.84739	-9.364686	396000	0.0	1.3935918	-0.005392231	-0.9036392	0.7720504	0.0086179245	0.076749995	79.0	2133.333977460861
99	-79.009995	7.575334	-70.92	-87.69	1000.0	-7.9612308	1.7794236	-5.8424964	-9.732723	400000	2.9802322e-08	1.4162159	-0.0054263175	-0.9249956	0.77980095	0.008657625	0.09650001	79.0	2155.9881937503815
100	-67.5525	7.208719	-57.68	-77.01	1000.0	-7.5259914	0.9726366	-6.272951	-8.618294	404000	0.0	2.118968	-0.007576475	-1.7741404	0.7809814	0.011386862	0.08125	79.0	2178.1038825511932
101	-67.5025	20.872183	-38.19	-91.2	1000.0	-6.2061825	1.8637106	-2.7744372	-7.7850714	408000	4.4703484e-08	1.0482328	-0.004711375	-0.7421737	0.7988255	0.006187695	0.054500002	79.0	2200.028984308243
102	-76.4475	16.857553	-54.17	-92.98	1000.0	-6.9008193	0.97891533	-5.431332	-8.13324	412000	2.9802322e-08	1.1819779	-0.0058382973	-0.78057075	0.8043515	0.0094649	0.0785	79.0	2222.1283462047577
103	-68.7675	6.9221215	-57.22	-75.54	1000.0	-6.873697	1.7767037	-4.309692	-9.238796	416000	-2.9802322e-08	2.2268162	-0.0049838834	-1.7862965	0.8259974	0.006305349	0.0465	79.0	2244.6315808296204
104	-56.960003	16.313282	-34.03	-79.94	1000.0	-5.5503726	1.007676	-4.2206764	-6.817058	420000	-7.450581e-09	1.5136464	-0.0048387274	-0.99322724	0.8110175	0.007242594	0.083	79.0	2267.0637266635895
105	-43.66	15.271663	-20.21	-62.19	904.25	-5.6980047	0.8946369	-3.2895787	-7.332995	424000	7.450581e-09	4.864414	-0.0047435015	-3.032136	0.809583	0.009799773	0.07425	79.0	2288.9640729427338
106	-63.69	12.759063	-42.72	-76.24	1000.0	-6.384039	0.4833515	-5.109086	-7.225503	428000	0.0	2.592502	-0.0032747276	-1.6760032	0.80989516	0.005187108	0.030749999	79.0	2310.8226511478424
107	-72.2975	17.350195	-47.34	-91.57	1000.0	-5.8707004	1.2273604	-4.063292	-7.999435	432000	-6.7055225e-08	4.5418177	-0.007224709	-3.3313186	0.80733603	0.00841501	0.08225	79.0	2332.836208343506
108	-53.105	29.180693	-4.27	-79.81	841.25	-6.055923	1.7199475	-2.4422052	-8.221979	436000	1.4901161e-08	6.4124165	-0.0051553864	-4.2415066	0.8130977	0.005906066	0.0785	79.0	2355.319943666458
109	-55.2525	31.0055	-9.45	-96.28	878.5	-4.482206	3.549447	1.0380453	-8.954403	440000	1.8626451e-08	5.755063	-0.006365223	-3.4246817	0.8124098	0.008944465	0.092	79.0	2379.068523645401
110	-62.2425	11.2228565	-50.72	-79.18	1000.0	-6.8032637	1.5709845	-3.815842	-8.512933	444000	-7.450581e-09	4.2027216	-0.007358581	-3.1658144	0.81320995	0.0070234514	0.1005	79.0	2401.3509573936462
111	-54.545	20.961939	-33.42	-89.03	1000.0	-2.1240923	2.3427498	-0.1342223	-6.0169597	448000	2.2351742e-07	9.755068	-0.005327236	-8.123302	0.81943756	0.0030359079	0.066	79.0	2423.297785758972
112	-54.385002	9.793532	-39.51	-67.03	1000.0	-6.3515253	3.1575541	-0.03433653	-10.41883	452000	0.0	11.792702	-0.005436927	-10.320284	0.81198144	0.0077423705	0.052750003	79.0	2445.389028787613
113	-53.0325	21.04951	-21.2	-73.97	899.25	-4.415903	0.68744427	-3.7702625	-6.2821155	456000	0.0	9.913727	-0.002024494	-7.5117946	0.82548887	0.016887257	0.1525	5.0	2467.5896587371826
114	-47.870003	11.738937	-35.65	-61.94	1000.0	-6.0292215	0.70616025	-4.7709064	-6.7158074	460000	-2.9802322e-08	3.7561197	-0.005903301	-2.442531	0.8260541	0.009415414	0.064500004	79.0	2489.280245065689
115	-52.894997	2.728969	-48.18	-54.78	1000.0	-4.0090747	0.7407018	-2.9030044	-4.73846	464000	-7.4505806e-08	1.7783438	-0.004932396	-1.2096034	0.83482844	0.0080378875	0.0495	79.0	2510.8486359119415
116	-52.675	20.059748	-18.33	-68.63	912.5	-4.7844777	1.5407215	-0.7429192	-6.5737867	468000	0.0	3.0858943	-0.0073142485	-1.6929682	0.831239	0.008794394	0.085	79.0	2533.3218183517456
117	-48.6175	17.324856	-19.09	-61.51	919.5	-6.502424	1.1501386	-3.8421483	-8.22057	472000	-1.4901161e-08	10.163241	-0.0070442185	-7.533039	0.8188141	0.010307371	0.09975	79.0	2555.2889540195465
118	-43.177498	20.564226	-18.17	-69.75	915.75	-3.8386338	2.1082644	-1.551392	-6.860523	476000	-5.9604645e-08	10.019873	-0.006155513	-6.4831357	0.7956677	0.00845367	0.09025	79.0	2577.797670841217
119	-55.4825	9.53267	-43.7	-66.06	1000.0	-5.038336	2.1538918	-0.39822468	-6.6303906	480000	-4.4703484e-08	5.8802013	-0.0058348663	-5.2206	0.7998753	0.0044082776	0.06675	79.0	2599.676052093506
120	-49.2275	15.677883	-35.03	-72.89	964.25	-5.2750254	1.2587497	-2.4746234	-8.031799	484000	-3.7252903e-09	6.0144415	-0.005785908	-4.4904823	0.7916051	0.006762356	0.074750006	79.0	2622.198928833008
121	-53.662502	27.692852	-6.44	-74.75	836.0	-5.908995	2.0276365	-1.8648719	-7.338328	488000	1.1175871e-08	4.503665	-0.0050335135	-2.0554283	0.76804495	0.0040813885	0.0425	79.0	2644.219136953354
122	-60.434998	16.283941	-39.86	-79.79	1000.0	-2.4312441	1.0146587	-1.2646178	-4.153762	492000	1.7881393e-07	14.48015	-0.004552312	-12.839004	0.76978296	0.00702291	0.07225	79.0	2666.235497236252
123	-54.0075	6.205672	-47.6	-64.24	1000.0	-6.321547	0.8096857	-5.2544556	-9.120391	496000	1.1920929e-07	2.479214	-0.0054047406	-1.7434253	0.77036977	0.008349285	0.062000003	79.0	2688.0381729602814
124	-36.615	15.620453	-10.61	-51.99	842.0	-4.49248	1.3106157	0.052094944	-8.093263	500000	-7.450581e-09	5.7502055	-0.0044362787	-2.0874305	0.7522444	0.015082756	0.22425	6.0	2710.068801164627
125	-40.84	4.8653116	-34.66	-46.95	1000.0	-1.906128	3.048977	2.4792635	-6.895548	504000	-2.9802322e-08	8.936972	-0.004831165	-8.009464	0.75166005	0.010423901	0.094500005	79.0	2733.4743983745575
126	-42.6125	4.8713827	-35.99	-49.74	1000.0	-3.7047808	1.1904259	-1.9006922	-7.5503397	508000	-2.9802322e-08	3.303314	-0.006449743	-2.8037362	0.7677026	0.0067399493	0.0765	79.0	2755.3942658901215
127	-52.4375	9.449952	-39.2	-65.52	1000.0	-4.9409313	1.2395991	-2.735336	-6.3527436	512000	0.0	2.5631142	-0.005607249	-1.1503205	0.74733925	0.0032197167	0.0685	79.0	2777.9291059970856
128	-47.222504	8.381759	-42.33	-61.74	1000.0	-4.918324	1.2691978	-4.0553107	-7.7427187	516000	3.7252903e-08	1.361706	-0.0062615927	-0.55705374	0.73126465	0.006576345	0.04925	79.0	2800.2758371829987
129	-39.405	18.134314	-8.41	-52.38	840.25	-3.6640587	1.3863888	-1.6445138	-6.1598015	520000	0.0	6.101831	-0.0032245591	-3.420662	0.7249197	0.0059388913	0.0585	79.0	2823.617655277252
130	-27.465	14.334805	-10.7	-43.11	755.75	-2.255875	1.9755965	0.4529011	-5.0810037	524000	1.4901161e-08	12.329557	-0.004248515	-9.032969	0.7264625	0.015152807	0.1325	12.0	2846.1946592330933
131	-45.702503	26.791632	-1.79	-73.01	813.5	-4.5604043	1.3553228	-3.1554554	-6.9897475	528000	4.4703484e-08	6.4202795	-0.007607365	-4.2451305	0.72612303	0.006792425	0.0745	79.0	2869.2117416858673
132	-49.2975	3.4381928	-46.25	-55.13	1000.0	-0.8195803	3.9079506	5.1238456	-6.5135074	532000	8.940697e-08	22.040825	-0.0056503415	-20.846464	0.7118071	0.007147218	0.0845	79.0	2890.8739342689514
133	-49.845	8.727743	-38.06	-60.71	1000.0	-4.0295587	1.6867615	-0.29170525	-5.486881	536000	1.4901161e-08	3.2232523	-0.0059645497	-2.0010996	0.7148419	0.006164366	0.062	79.0	2912.676726102829
134	-37.1125	21.24196	-8.39	-67.12	840.0	-2.3752744	1.6821404	0.25212216	-6.408646	540000	0.0	7.105628	-0.0052015204	-4.792164	0.7189645	0.009511496	0.07175	79.0	2935.045735836029
135	-45.9825	6.6778417	-37.29	-55.97	1000.0	-3.7869127	1.6025528	-1.7271254	-8.120958	544000	1.4901161e-08	4.5043235	-0.0040699085	-3.5507522	0.71500653	0.0041506654	0.044999998	79.0	2957.0987133979797
136	-40.855	14.70501	-17.25	-56.0	883.5	-5.1782837	1.4931893	-2.8344066	-7.9952064	548000	-7.450581e-09	4.8494697	-0.004382057	-1.9668306	0.7121446	0.017188506	0.22025001	5.0	2978.9255151748657
137	-48.0025	4.7238255	-43.66	-55.9	1000.0	-3.2996533	2.7039244	1.7869256	-7.738257	552000	-5.9604645e-08	4.555705	-0.00490668	-3.7346597	0.7116377	0.0045108767	0.056	79.0	3001.04185461998
138	-25.8325	19.240213	-4.82	-47.06	664.5	-3.3796608	1.9391545	-0.058550097	-8.391992	556000	3.7252903e-09	4.1703444	-0.003509691	-0.50595134	0.69256705	0.005372187	0.055749997	79.0	3023.2734031677246
139	-21.43	20.14583	-2.06	-55.08	562.75	-2.3049848	2.3224444	0.35416913	-7.40415	560000	-2.2351742e-08	8.818325	-0.00830953	-3.40862	0.6843996	0.009913556	0.100250006	79.0	3045.5919637680054
140	-48.14	10.80453	-35.35	-61.04	1000.0	-4.1563706	1.3106618	-1.9655571	-7.062798	564000	2.9802322e-08	2.4718444	-0.0058444054	-2.1023188	0.6557542	0.007185908	0.08050001	79.0	3067.653214454651
141	-54.0375	20.112745	-35.51	-88.02	1000.0	-4.498221	2.98249	-1.0397341	-9.787507	568000	2.9802322e-08	2.245511	-0.0063372813	-1.8587122	0.6498284	0.0037095856	0.067	79.0	3089.1981925964355
142	-25.27	20.799334	-7.56	-60.45	625.5	-4.5836644	1.7072324	-1.1260577	-7.162499	572000	-9.313226e-09	8.445723	-0.0074076094	-6.9396987	0.64100677	0.009932875	0.097	79.0	3111.7732276916504
143	-25.4775	18.896065	-1.11	-43.95	694.0	-1.8501682	3.820988	3.632681	-8.739482	576000	0.0	16.14407	-0.0064320695	-12.554361	0.6404931	0.009805027	0.05675	79.0	3134.0655031204224
144	-17.852	17.53086	0.09	-40.56	570.4	-3.6704984	4.146351	3.3583338	-9.734732	580000	2.9802322e-08	13.329525	-0.0073202127	-10.226116	0.6422945	0.0098005375	0.096499994	79.0	3157.59215593338
145	-32.4675	23.624641	-6.2	-57.1	695.75	-3.300982	3.1181622	2.1082988	-10.010372	584000	-1.0430813e-07	13.413996	-0.006306285	-9.135252	0.63939947	0.0066543613	0.06875	79.0	3179.7889869213104
146	-19.25	22.970926	2.03	-51.99	551.2	-2.9360046	3.0499008	2.1307528	-7.4451604	588000	5.2154064e-08	11.591015	-0.008377743	-8.8303	0.6279426	0.007394554	0.08975	79.0	3203.8117430210114
147	-48.739998	29.309862	-2.92	-76.48	832.0	-4.27421	1.1343238	-2.665498	-6.1484413	592000	7.450581e-09	7.9132733	-0.0068841167	-5.8433137	0.6097045	0.0069453083	0.098749995	79.0	3226.1897327899933
148	-28.665997	16.512566	-6.24	-51.11	757.4	0.34626195	4.8459487	7.710258	-7.6963387	596000	1.4901161e-08	36.671223	-0.006570727	-30.670372	0.6000898	0.0059887185	0.097	79.0	3249.3455526828766
149	-34.51	17.511116	-4.27	-45.79	815.5	-3.3541017	1.4510896	-1.4330395	-8.201982	600000	1.8626451e-08	5.368783	-0.005640368	-4.1625996	0.5950323	0.0084158	0.075	79.0	3272.032296895981
150	-39.0425	20.395393	-4.69	-55.12	823.25	-3.5761933	1.5678028	-1.1723368	-6.7271047	604000	0.0	4.9488144	-0.006269466	-2.618887	0.577554	0.0055324994	0.064	79.0	3295.1670956611633
151	-35.968	21.006134	-7.96	-55.71	753.0	-3.983466	2.7201233	0.9271122	-7.899642	608000	-4.4703484e-08	11.679405	-0.006660521	-9.522198	0.56697035	0.008917643	0.07425	79.0	3317.3560543060303
152	-57.315	8.975268	-48.04	-70.38	1000.0	-4.104853	1.0879136	-2.4648435	-7.3783917	612000	-1.1920929e-07	3.749738	-0.0094132945	-3.1955447	0.5468675	0.012952352	0.099249996	79.0	3338.9095158576965
153	-37.9325	18.849365	-8.62	-56.15	847.25	-3.0620792	1.7496343	0.11772558	-6.60412	616000	-7.450581e-09	6.911082	-0.0035741962	-4.6430902	0.55479586	0.0040228185	0.05175	79.0	3361.1182763576508
154	-38.628	22.81613	-9.05	-65.17	765.6	-5.592337	1.6241494	-3.2510667	-9.148202	620000	-2.9802322e-08	11.261424	-0.0026329719	-9.214838	0.5614433	0.015876165	0.1675	4.0	3383.540387392044
155	-45.2225	9.395241	-37.95	-61.37	1000.0	-2.455735	2.6484146	2.0572293	-6.6832085	624000	-2.9802322e-08	5.1561375	-0.00012627989	-4.1294894	0.5616822	0.019047435	0.18474999	2.0	3405.312424182892
156	-31.247997	20.258652	-3.56	-52.42	723.6	-3.9695585	3.3044176	3.7096047	-8.87067	628000	2.9802322e-08	20.477438	-0.006635487	-16.263489	0.5618235	0.008190492	0.081750005	79.0	3429.2004017829895
157	-27.824	23.102663	-3.56	-56.2	617.4	-1.859897	2.7989714	4.11113	-7.01532	632000	-2.9802322e-08	18.956638	-0.004007673	-14.7909565	0.5563809	0.005177236	0.07075	79.0	3452.955078601837
158	-44.7075	22.514774	-7.67	-67.08	839.0	-4.3661675	2.0779872	1.0810935	-6.50708	636000	2.2351742e-08	11.686711	-0.0052458523	-9.908993	0.5477269	0.007518126	0.091	79.0	3475.4679102897644
159	-54.870003	3.7428129	-50.06	-60.41	1000.0	-5.2512813	1.0397043	-2.3618119	-7.5918517	640000	-2.9802322e-08	3.5065022	-0.0054127574	-2.0892751	0.52916765	0.0073463046	0.066	79.0	3497.535749197006
160	-37.91	19.265259	-4.71	-51.79	821.0	-3.4119225	1.9442381	0.9970181	-5.83186	644000	0.0	6.580814	-0.008660242	-3.9893053	0.5387688	0.009016795	0.09075	79.0	3520.70738363266
161	-21.27	20.059603	-5.02	-54.2	548.5	-4.0462637	1.1981251	-0.38364547	-6.2635274	648000	2.9802322e-08	8.598253	-0.008667766	-4.6314178	0.5255491	0.005131578	0.0915	79.0	3543.2858560085297
162	-38.45	20.5291	-11.56	-64.95	777.4	-3.594949	1.6604372	3.0305464	-5.5326657	652000	-1.1175871e-08	4.1019773	-0.004930855	-1.940137	0.4981253	0.0054881377	0.04675	79.0	3565.947984933853
163	-44.715	17.386993	-15.12	-58.5	895.5	-0.6022833	5.865306	7.7688594	-8.374879	656000	1.4901161e-08	44.80509	-0.006584011	-39.92117	0.50253123	0.007196002	0.0805	79.0	3588.9788916110992
164	-44.605	8.455604	-34.62	-56.21	1000.0	-3.4079862	1.9350334	-0.41753986	-6.0475903	660000	-8.940697e-08	2.4673803	-0.005601246	-2.073475	0.5045185	0.010204386	0.0705	79.0	3610.9592549800873
165	-41.82	24.846767	-2.95	-72.02	822.25	-4.077758	0.86172974	-1.9544458	-4.82	664000	7.450581e-09	4.0481076	-0.009841625	-2.2604413	0.50582254	0.005544227	0.112	79.0	3633.6466183662415
166	-56.4275	13.030881	-41.8	-77.5	1000.0	-5.2003775	1.1098073	-3.224872	-6.5567646	668000	-2.2351742e-08	1.9361348	-0.007126782	-1.0288308	0.483526	0.0072819986	0.072000004	79.0	3655.4532635211945
167	-51.2575	7.0497923	-39.84	-58.49	1000.0	-3.219197	3.1258519	1.5125655	-7.6593575	672000	7.8231096e-08	8.967689	-0.0012311488	-7.0936923	0.48896086	0.015459428	0.199	2.0	3676.8606016635895
168	-54.585	6.998581	-47.48	-66.19	1000.0	-5.2834444	0.44647866	-4.7339983	-6.0525255	676000	-2.2351742e-08	1.5898502	-0.0077332538	-0.30125648	0.489111	0.0080831675	0.051749997	79.0	3698.9550426006317
169	-44.142498	14.201192	-27.3	-64.13	929.75	-4.6162124	0.6642673	-3.8685806	-6.296209	680000	-7.450581e-09	6.496248	-0.004872849	-3.003644	0.4898958	0.008284508	0.0705	79.0	3722.402455806732
170	-47.8975	6.585365	-39.01	-56.52	1000.0	-3.88151	1.2988628	-2.5610743	-6.1510363	684000	0.0	4.3424463	-0.0060130805	-3.3835895	0.49151036	0.00688795	0.07525	79.0	3745.2948472499847
171	-62.77	15.356359	-41.44	-79.61	1000.0	-4.7671227	0.387562	-4.1846294	-6.244518	688000	-5.2154064e-08	5.253737	-0.0052841306	-3.9165845	0.48905858	0.0060267486	0.06299999	79.0	3768.0980772972107
172	-55.32	10.191326	-40.45	-66.52	1000.0	-6.982272	0.73731244	-5.614569	-7.6001225	692000	0.0	5.6231003	0.004911665	-3.3074708	0.48496485	0.022001153	0.28825	2.0	3789.3304142951965
173	-61.2575	16.365435	-44.21	-83.13	1000.0	-5.214955	1.6741248	-2.3910248	-6.8140783	696000	2.9802322e-08	2.7823849	-0.004453391	-1.7614843	0.4850208	0.0026994855	0.0545	79.0	3811.519502401352
174	-50.0825	8.91153	-36.58	-61.63	1000.0	-5.2373834	1.055252	-4.173804	-7.597208	700000	-2.9802322e-08	1.8203199	-0.004337065	-1.3281821	0.47103873	0.004148871	0.044250004	79.0	3833.5284519195557
175	-47.195	2.5618596	-44.44	-51.21	1000.0	-5.8847384	0.50159657	-4.8158855	-6.393392	704000	-4.0978193e-08	3.8282301	-0.009625318	-2.4730225	0.4836058	0.007343495	0.077	79.0	3855.688622713089
176	-51.48	2.0965574	-48.67	-54.23	1000.0	-4.623746	0.5448611	-3.495375	-6.8288274	708000	-1.6530976e-08	1.1178362	-0.0059699975	-0.62613535	0.4870555	0.0050404947	0.05925	79.0	3877.5807869434357
177	-48.0	22.798971	-11.44	-69.48	872.75	-5.438747	2.0496774	-2.2900321	-8.563255	712000	-1.4901161e-08	4.4746614	-0.007265279	-2.036334	0.47909698	0.010204537	0.085	79.0	3899.964101076126
178	-54.002502	7.9298587	-41.31	-62.48	1000.0	-4.6799455	0.9677383	-3.3020196	-6.6566067	716000	2.2351742e-08	2.5258143	-0.0057499055	-1.7243629	0.47231475	0.008514825	0.078	79.0	3922.1747171878815
179	-37.584	30.209282	-1.68	-81.36	721.0	-5.023305	2.0005066	-2.0728312	-7.5230246	720000	2.9802322e-08	5.6138287	-0.005382875	-3.5084395	0.46511063	0.0031550014	0.059	79.0	3945.7042639255524
180	-50.664997	26.65528	-10.33	-81.99	838.0	-5.8801775	1.5301087	-1.8718369	-7.773219	724000	0.0	4.739837	-0.0049504377	-2.428205	0.44921795	0.008406792	0.063999996	79.0	3968.0270340442657
181	-34.61	21.016909	-7.81	-63.06	785.5	-1.9701492	3.196199	2.6839547	-7.2496424	728000	7.450581e-09	11.210297	-0.0066241883	-8.916916	0.4422643	0.010516254	0.08575	79.0	3990.4889595508575
182	-45.805	19.645578	-16.07	-70.97	924.0	-4.7405705	2.153902	1.5986555	-7.50144	732000	3.7252903e-09	1.9156296	-0.0055946326	-0.92719287	0.44767746	0.008284617	0.096750006	79.0	4012.57635641098
183	-51.0925	14.038493	-39.65	-74.89	1000.0	-4.170277	3.4455466	0.6912169	-9.884377	736000	-2.9802322e-08	4.0665503	-0.006609395	-3.7096763	0.4325479	0.011034448	0.091000006	79.0	4034.4610884189606
184	-69.86	9.617786	-53.46	-77.86	1000.0	-5.625646	1.735933	-3.0668657	-7.757623	740000	2.9802322e-08	4.422065	-0.0046368316	-2.8016315	0.43014306	0.0037621064	0.0515	79.0	4056.626161336899
185	-60.579994	31.311293	-7.75	-88.28	827.25	-7.6761065	1.3825452	-4.7048182	-10.610217	744000	0.0	9.490382	-0.0015871497	-6.712928	0.42663708	0.015409631	0.10175	5.0	4078.7743017673492
186	-21.976667	21.904678	-4.05	-57.43	533.0	-4.785683	1.5487992	-1.2828345	-9.366307	748000	9.778887e-09	9.420201	-0.0067492146	-7.2285986	0.42717418	0.0044755265	0.068749994	79.0	4102.252831220627
187	-52.0875	3.1479309	-48.32	-56.64	1000.0	-2.4358327	3.9286075	5.6132975	-5.1891046	752000	5.9604645e-08	16.02639	-0.0067384094	-14.531428	0.4184343	0.0055630878	0.09025	79.0	4124.22293138504
188	-50.800003	29.58881	-6.92	-79.33	826.5	-3.9269037	1.048444	-2.797165	-6.298789	756000	-8.940697e-08	15.776926	-0.0061872452	-12.266548	0.4118355	0.0031953745	0.06075	79.0	4146.647705554962
189	-65.707504	9.786244	-49.98	-76.36	1000.0	-4.360518	2.5909753	-0.30279154	-8.060691	760000	7.4505806e-08	8.59549	-0.004285368	-7.2301583	0.40590674	0.0055903858	0.04425	79.0	4169.27806019783
190	-66.332504	18.611177	-44.46	-87.22	1000.0	-6.262776	1.6434609	-4.510311	-10.168648	764000	-3.7252903e-09	2.0334558	-0.0060293227	-1.295702	0.39596644	0.0068970527	0.06475	79.0	4191.731706619263
191	-79.02	6.6564918	-73.03	-89.45	1000.0	-8.579462	2.6007876	-4.2284493	-12.893441	768000	-1.1920929e-07	4.0979757	-0.0056670196	-3.2053154	0.3907347	0.008888714	0.066750005	79.0	4213.376317024231
192	-60.010002	11.829626	-46.22	-76.01	1000.0	-6.960778	1.9869313	-3.9745378	-10.611297	772000	0.0	5.063551	-0.004674688	-4.601667	0.38089848	0.009519101	0.0955	79.0	4235.368381500244
193	-58.695	6.936504	-48.02	-67.12	1000.0	-5.7885995	1.1935585	-3.9037375	-8.029292	776000	-1.4901161e-08	1.6139002	-0.004655717	-0.7415775	0.36496386	0.0040932167	0.0365	79.0	4257.66702914238
194	-65.865005	20.188316	-41.22	-90.45	1000.0	-4.832708	0.6358607	-4.2266135	-8.026306	780000	2.2351742e-08	8.936292	-0.0051530227	-8.190321	0.36927426	0.005539242	0.072	79.0	4279.479118585587
195	-59.3025	6.6938114	-48.33	-64.96	1000.0	-7.330296	0.9992032	-5.8946257	-9.484356	784000	2.9802322e-08	4.2801604	0.015508018	-3.2426474	0.34815034	0.025290482	0.3435	11.0	4301.127831459045
196	-45.925003	10.466177	-34.82	-62.96	1000.0	-3.4287665	1.4157084	0.24543896	-7.368182	788000	-6.7055225e-08	4.7870145	-0.005194852	-3.860917	0.34756938	0.0075434684	0.050750002	79.0	4323.412514448166
197	-59.677498	33.095737	-7.99	-92.29	835.0	-7.087326	2.3793962	-4.3834085	-11.454754	792000	7.450581e-09	5.511508	-0.005790672	-2.948719	0.35862675	0.004850892	0.06625	79.0	4346.262088537216
198	-65.76	19.350025	-43.83	-90.73	1000.0	-7.0881767	1.4278668	-5.576865	-9.469134	796000	-4.4703484e-08	1.5955087	-0.004754342	-1.1421942	0.34736285	0.006485178	0.0485	79.0	4368.589898824692
199	-39.6325	19.292356	-6.9	-56.62	837.25	-4.7672176	1.3857691	-3.2494566	-7.8208356	800000	3.7252903e-09	5.359827	-0.0048610326	-2.7788398	0.34132197	0.0052775457	0.052249998	79.0	4391.32267165184
200	-60.475	27.171177	-13.51	-77.7	853.75	-5.723096	2.8336787	1.4521499	-8.239509	804000	-5.9604645e-08	6.15349	-0.004764789	-4.9548616	0.3463272	0.0032682084	0.056	79.0	4413.675989151001
201	-56.65	26.672094	-39.4	-102.79	1000.0	-3.879286	3.3529613	1.5702711	-9.492796	808000	-2.6077032e-08	5.0340867	-0.0047221333	-4.3248425	0.34573278	0.007994648	0.0605	79.0	4435.433952331543
202	-67.36	16.569954	-41.48	-84.82	1000.0	-7.390883	2.2760413	-3.1734746	-10.527388	812000	1.4901161e-08	1.4006224	-0.004533346	-1.0872008	0.34734926	0.0041942913	0.07125	79.0	4457.581369876862
203	-75.1675	9.316067	-65.47	-87.57	1000.0	-5.422166	2.5319886	-0.85954565	-7.965707	816000	0.0	8.593788	-0.0038317358	-7.531737	0.34992677	0.004157683	0.05825	79.0	4479.583896160126
204	-74.74	11.46426	-61.63	-88.09	1000.0	-6.8712196	1.1694112	-5.0813646	-9.017739	820000	0.0	2.6396337	-0.0066996077	-1.8653269	0.3443654	0.0077876747	0.06375	79.0	4502.221619606018
205	-56.3525	30.147057	-11.72	-90.86	877.0	-8.67341	0.68598425	-7.0898666	-10.608904	824000	-1.4901161e-08	12.913903	-0.005979784	-10.330806	0.3446846	0.005347722	0.06025	79.0	4524.295803070068
206	-70.1375	18.231962	-43.47	-91.81	1000.0	-7.130933	1.4302279	-4.7196302	-9.019737	828000	1.4901161e-08	1.4368975	-0.0064394623	-0.84920573	0.32041517	0.0095758755	0.094	79.0	4546.395418405533
207	-50.4075	29.73747	-3.94	-80.84	820.25	-5.662532	2.9229405	-0.73894435	-8.993708	832000	2.9802322e-08	5.30954	-0.003926536	-3.7595744	0.30943406	0.0071329763	0.07125	79.0	4568.7739272117615
208	-78.505005	4.8732424	-74.1	-86.54	1000.0	-5.7991467	0.7811355	-4.9583774	-7.846189	836000	2.9802322e-08	4.3062162	-0.0045532575	-4.038732	0.2948198	0.005972569	0.0505	79.0	4590.837066650391
209	-71.825	26.878876	-27.11	-98.94	999.25	-7.2039256	2.1463623	-3.5937583	-9.833903	840000	-3.7252903e-09	3.8196115	-0.005166188	-2.067069	0.29013476	0.011084418	0.1105	79.0	4613.647057056427
210	-35.42	16.025173	-9.85	-50.14	831.25	-3.7521083	2.3879855	-0.605566	-8.319672	844000	1.4901161e-08	6.007845	-0.0069376826	-4.322792	0.26934555	0.0060396763	0.077	79.0	4635.929925441742
211	-65.9725	13.2547245	-43.79	-76.72	1000.0	-5.8855753	2.477159	-1.3051097	-7.6093607	848000	8.940697e-08	1.7733549	-0.0046278043	-1.570782	0.26373503	0.006279953	0.05425	79.0	4657.923978090286
212	-47.29	29.65122	-4.64	-77.51	818.75	-7.740662	1.8364092	-1.8049057	-10.34552	852000	-3.7252903e-08	7.3658137	-0.0028759837	-6.1653504	0.27582082	0.015871711	0.2035	6.0	4680.157596588135
213	-60.15	18.574532	-44.07	-91.43	1000.0	-2.2480793	3.6220245	3.0589948	-8.651387	856000	2.9802322e-08	15.938147	-0.0073058195	-14.502064	0.27674752	0.0066531664	0.089	79.0	4703.485534191132
214	-54.674	35.563786	-2.8	-86.14	770.6	-7.28917	1.4404131	-3.2147794	-9.617997	860000	-3.7252903e-09	7.764666	-0.0049876403	-4.825599	0.2782869	0.011512104	0.09199999	79.0	4726.957645177841
215	-74.369995	19.78044	-40.34	-88.17	1000.0	-6.8840003	4.260784	0.696831	-12.042975	864000	4.4703484e-08	3.936349	-0.0071521625	-3.541058	0.28336588	0.008708495	0.10225	79.0	4749.519153356552
216	-46.357502	27.807936	-6.52	-73.83	821.0	-5.5675187	2.4320147	-0.93326896	-8.379955	868000	1.4901161e-08	1.9329855	-0.0051618693	-1.2744263	0.275317	0.008028718	0.07175	79.0	4772.762978076935
217	-49.7875	33.314606	1.98	-89.52	799.0	-4.9544654	2.6440887	0.19097492	-9.00228	872000	-9.313226e-09	4.6260443	-0.005898104	-3.236164	0.26480845	0.01518963	0.14375001	75.0	4795.245817184448
218	-48.14	37.29653	-8.56	-95.77	692.0	-6.233433	3.2935107	-1.9317125	-12.206162	876000	5.5879354e-09	6.479383	-0.0061814897	-4.20053	0.2711118	0.0066331965	0.09200001	79.0	4818.1564655303955
219	-71.5225	11.629138	-59.19	-83.64	1000.0	-6.2277784	2.7637582	-1.1383562	-8.924779	880000	0.0	5.575889	-0.0036785323	-4.6272073	0.25072095	0.0055144075	0.0635	79.0	4840.1270253658295
220	-24.675001	29.530052	-1.25	-81.48	514.6667	-3.4605942	3.5418398	3.2528481	-8.144941	884000	2.9802322e-08	10.388437	-0.0070577934	-8.854607	0.24050812	0.0072956644	0.080249995	79.0	4863.9852340221405
221	-53.059998	31.848497	-1.02	-86.93	810.25	-7.5052576	2.477743	-2.7117243	-12.022127	888000	2.9802322e-08	4.2128496	-0.0060333805	-3.700178	0.22764118	0.008590078	0.065	79.0	4886.680157184601
222	-46.519997	34.62528	0.4	-80.36	722.0	-6.107833	4.119322	6.914379	-12.055503	892000	0.0	3.5672255	-0.005007195	-2.9976983	0.23555754	0.005126901	0.0745	79.0	4909.666102170944
223	-50.7675	24.45332	-8.85	-68.29	834.0	-2.60239	2.9800315	1.1205277	-9.347576	896000	-1.4901161e-08	22.337128	-0.005431451	-20.564888	0.22917853	0.0084740715	0.06525	79.0	4932.039654254913
224	-83.205	12.480424	-64.05	-97.78	1000.0	-7.8693895	1.6094791	-5.7334933	-11.796795	900000	5.2154064e-08	0.6963562	-0.0055486187	-0.5043224	0.2329467	0.0047007194	0.052500002	79.0	4954.228882789612
225	-80.075	19.661804	-46.71	-94.89	1000.0	-9.237985	3.1292937	-4.1965103	-13.34267	904000	0.0	2.2935681	0.008972683	-2.0411968	0.22998017	0.020879336	0.30075	15.0	4975.827570438385
226	-59.0075	13.749962	-44.03	-81.15	1000.0	-1.1766404	6.4761944	12.870848	-9.105297	908000	-2.9802322e-08	48.761852	-0.0057523698	-44.73551	0.22864403	0.0046537095	0.06875	79.0	4997.78227686882
227	-80.69	8.787567	-71.89	-95.32	1000.0	-7.7635236	2.0845728	-6.003046	-13.058682	912000	-1.4901161e-08	1.4308836	-0.0076321214	-1.1020644	0.22562157	0.006183435	0.08225	79.0	5019.721706151962
228	-59.54	7.3830643	-52.72	-72.0	1000.0	-5.363501	1.18053	-3.4866993	-7.3960757	916000	-1.4901161e-08	2.1364396	-0.005458569	-0.49299103	0.22120768	0.0070558754	0.063	79.0	5041.903188467026
229	-59.05	19.320421	-32.46	-80.56	1000.0	-5.596579	1.4916804	-4.117475	-8.375366	920000	-5.9604645e-08	2.5893273	-0.0072508696	-2.17199	0.21343671	0.006610639	0.05525	79.0	5063.894170045853
230	-67.229996	11.301661	-49.29	-78.59	1000.0	-6.5673466	0.7360173	-5.5607657	-8.364433	924000	-2.9802322e-08	1.8943892	-0.0063577425	-1.576921	0.21288373	0.008826302	0.06225	79.0	5086.338753461838
231	-67.42	15.12754	-45.42	-85.82	1000.0	-6.941633	1.730754	-3.3266265	-9.147041	928000	7.0780516e-08	2.502744	-0.005389191	-0.9297894	0.23367254	0.009373451	0.078	79.0	5109.691387176514
232	-70.36	13.503713	-50.73	-88.07	1000.0	-7.2321053	1.3228084	-4.219898	-9.829764	932000	1.4901161e-08	0.94765645	-0.0064502526	-0.39387017	0.22740525	0.00656321	0.05925	79.0	5131.713149309158
233	-69.1525	11.84853	-50.36	-81.39	1000.0	-7.741828	1.7181193	-6.501524	-12.90828	936000	0.0	2.0497835	-0.00627869	-1.5903041	0.23064917	0.0067191985	0.068	79.0	5153.674299478531
234	-72.38251	12.547817	-51.86	-82.69	1000.0	-5.743629	2.5480213	-2.4608974	-12.682523	940000	-2.9802322e-08	3.9876468	-0.0077586975	-3.189078	0.23048678	0.010648452	0.0845	79.0	5175.937974452972
235	-66.015	11.750461	-50.37	-79.19	1000.0	-7.01772	1.4499444	-4.815699	-8.936627	944000	7.450581e-09	1.1778408	-0.006354898	-0.7948479	0.22093953	-0.00038866082	0.06325	79.0	5198.098788738251
236	-77.2475	14.392943	-55.67	-92.97	1000.0	-7.2995586	2.165309	-4.2483535	-13.808732	948000	0.0	1.8097886	-0.0022026747	-1.2922733	0.21859229	0.019304626	0.22625001	3.0	5219.800461053848
237	-75.795	13.171495	-58.54	-91.64	1000.0	-7.9449754	2.1518154	-4.0577626	-12.839215	952000	-1.4901161e-08	1.1697018	-0.0010017753	-1.0192639	0.21884198	0.015378301	0.19525	2.0	5241.212834358215
238	-44.814003	37.189823	2.36	-83.52	679.4	-6.997042	1.0715742	-5.154451	-9.902554	956000	1.4901161e-08	8.343643	-0.006706532	-6.862269	0.21905683	0.008923651	0.07725	79.0	5264.36958527565
239	-66.5975	6.330167	-56.0	-72.39	1000.0	-3.2705486	4.3928037	3.1431987	-8.549661	960000	2.9802322e-08	26.036606	-0.005666649	-23.997993	0.2046515	0.00877033	0.07975	79.0	5286.6513459682465
240	-78.05	11.910741	-58.89	-88.63	1000.0	-8.610076	0.9391307	-7.1111774	-10.882867	964000	-8.940697e-08	2.012397	-0.007106388	-1.2342836	0.19061589	0.00883186	0.08125	79.0	5309.092102050781
241	-37.82	31.271276	-0.96	-82.62	694.8	-6.6401377	1.7494404	-4.8206863	-10.929012	968000	-2.9802322e-08	8.303101	-0.0034316182	-5.7026668	0.18226512	0.011245405	0.08225	79.0	5332.523936033249
242	-64.5775	12.041447	-50.96	-82.44	1000.0	-3.77704	2.524887	0.04957699	-8.685517	972000	1.1920929e-07	7.8484697	-0.007981772	-7.2295375	0.1914043	0.006646494	0.073249996	79.0	5356.342792272568
243	-50.23	29.094711	-1.69	-78.77	814.0	-6.367934	1.3267592	-4.378828	-8.816995	976000	1.4901161e-08	8.937952	-0.003687352	-5.505169	0.19914423	0.0072615654	0.0595	79.0	5378.814225435257
244	-46.7975	43.256226	1.01	-92.65	622.25	-7.8325315	1.1098033	-5.385805	-9.711771	980000	1.8626451e-08	15.531536	-0.006162159	-8.387735	0.1902299	0.0089502325	0.0775	79.0	5401.343576192856
245	-53.64	11.969949	-42.28	-73.73	1000.0	-3.0782113	1.653177	-0.461894	-5.4344196	984000	-5.9604645e-08	7.078458	-0.0057461895	-6.300585	0.18940675	0.008131783	0.07975	79.0	5424.379882574081
246	-43.4575	23.82746	-2.41	-60.5	805.25	-6.624317	2.3083603	-3.954845	-12.105169	988000	-1.4901161e-08	4.0115986	-0.0019420383	-2.2821321	0.18345904	0.017079541	0.16075	4.0	5445.842293977737
247	-50.59	30.501036	-0.39	-81.5	804.0	-6.0524426	2.0605478	-3.3214903	-10.450695	992000	-7.450581e-09	6.97782	-0.0063199624	-5.0529165	0.18336819	0.0082211625	0.063	79.0	5464.205404281616
248	-64.255005	7.642684	-52.02	-71.99	1000.0	-5.2719693	1.5069696	-3.1267292	-7.7441216	996000	-4.0978193e-08	5.9483294	-0.0063311695	-4.3423414	0.17284337	0.009506363	0.06375	79.0	5483.2141036987305
249	-59.247498	35.398373	-0.03	-92.63	802.75	-7.8963485	1.7068145	-2.888464	-10.34351	1000000	-1.4901161e-08	4.1752157	-0.005794093	-3.2249882	0.1823798	0.007460893	0.077	79.0	5504.886005401611
