Epoch	AverageEpRet	StdEpRet	MaxEpRet	MinEpRet	EpLen	TotalEnvInteracts	AverageQVals	StdQVals	MaxQVals	MinQVals	LossPi	LossQ	Time
1	-116.345	11.625	-104.72	-127.97	1000.0	1999	-0.8043018	0.24328086	0.9919716	-2.8403332	0.80131066	0.01703277	60.93205523490906
2	-91.854996	0.35499954	-91.5	-92.21	1000.0	3999	-1.5279306	0.3406064	-0.7576613	-2.5880055	1.5273064	0.00034840193	139.92322278022766
3	-106.51	2.4000015	-104.11	-108.91	1000.0	5999	-2.3897362	0.36956325	-1.6051403	-3.4184158	2.3895469	0.00062814873	227.16910982131958
4	-88.884995	15.285	-73.6	-104.17	1000.0	7999	-3.1389787	0.38236067	-2.3265805	-4.299061	3.1392171	0.00048768744	333.52238488197327
5	-118.375	10.794998	-107.58	-129.17	1000.0	9999	-3.8624675	0.53548634	-2.811585	-5.2404795	3.8628662	0.0009974524	454.23512148857117
6	-162.015	35.565002	-126.45	-197.58	1000.0	11999	-4.536047	0.5988972	-3.2175303	-5.9961004	4.5362372	0.0008777133	554.0701746940613
7	-149.625	1.4750061	-148.15	-151.1	1000.0	13999	-5.193587	0.73911625	-3.6069934	-7.663962	5.194714	0.0010644762	655.203147649765
8	-73.77334	74.212685	-19.29	-178.7	542.0	15999	-5.813415	0.9571254	-3.9148023	-9.254883	5.814863	0.0028687315	1072.9874212741852
9	-154.29001	3.0999985	-151.19	-157.39	1000.0	17999	-6.534105	1.2252723	-3.9973834	-10.645154	6.5357056	0.0026336326	1149.3437423706055
10	-106.259995	17.52	-88.74	-123.78	1000.0	19999	-7.044075	1.4676005	-4.0581827	-11.985413	7.0464416	0.0033623308	1223.7975571155548
11	-62.56	55.71167	-22.3	-158.66	569.25	21999	-7.56798	1.6733692	-4.013398	-13.093644	7.569761	0.0042322474	1753.932452917099
12	-162.01001	0.73000336	-161.28	-162.74	1000.0	23999	-8.011836	1.9400795	-3.6735113	-14.1968	8.014383	0.0073836087	1828.5819809436798
13	-120.19499	10.484997	-109.71	-130.68	1000.0	25999	-8.520819	2.138924	-3.4930255	-15.14268	8.5231695	0.006053868	1903.1124351024628
14	-74.82	55.799995	-19.02	-130.62	681.5	27999	-8.889898	2.3135252	-3.265733	-16.152147	8.892237	0.0058087446	2256.6875965595245
15	-111.746666	62.652115	-27.41	-177.44	788.6667	29999	-9.279375	2.5649507	-3.1788757	-16.986065	9.281598	0.0057825805	2511.5901923179626
16	-171.88501	16.025002	-155.86	-187.91	1000.0	31999	-9.698298	2.7734087	-2.959629	-17.69562	9.69984	0.0062894817	2692.4629366397858
17	-81.774994	53.124996	-28.65	-134.9	702.0	33999	-10.048412	3.0154366	-2.816689	-18.352087	10.05075	0.007366068	2807.640673160553
18	-133.63501	26.805	-106.83	-160.44	1000.0	35999	-10.361259	3.1325357	-2.7339752	-19.006367	10.363841	0.005654586	2881.431102514267
19	-146.43	28.579998	-117.85	-175.01	1000.0	37999	-10.736295	3.272119	-2.6268291	-19.549257	10.738907	0.0059422846	2954.9409868717194
20	-108.583336	63.513172	-21.24	-170.4	767.6667	39999	-11.017996	3.3719056	-2.6479273	-20.030226	11.019477	0.0053274804	3209.729899406433
21	-143.45	18.490002	-124.96	-161.94	1000.0	41999	-11.222116	3.4506228	-2.5153942	-20.510645	11.22373	0.005577343	3284.8469812870026
22	-147.975	20.605	-127.37	-168.58	1000.0	43999	-11.502301	3.5162785	-2.4707677	-20.966097	11.504209	0.005252981	3358.0916452407837
23	-149.025	25.685005	-123.34	-174.71	1000.0	45999	-11.746861	3.5949752	-2.4555054	-21.471134	11.748609	0.0059422683	3433.143131017685
24	-108.753334	63.739933	-26.65	-182.03	783.3333	47999	-12.013138	3.7610755	-2.3870676	-21.793545	12.01488	0.0062433695	3649.2419238090515
25	-146.25	11.270004	-134.98	-157.52	1000.0	49999	-12.139611	3.805253	-2.3721128	-22.092596	12.141149	0.005995613	3724.0066289901733
26	-38.112503	37.144943	-15.49	-102.43	455.75	51999	-12.189052	3.9302776	-2.4548612	-22.418848	12.190896	0.0053640567	4311.51002073288
27	-143.3	16.530003	-126.77	-159.83	1000.0	53999	-12.284383	4.018244	-2.3174417	-22.57695	12.286249	0.0065304185	4404.314862728119
28	-73.88	46.040535	-8.77	-106.77	722.0	55999	-12.346163	4.0464997	-2.3121452	-23.081036	12.347313	0.006116598	4583.18078327179
29	-152.495	23.794998	-128.7	-176.29	1000.0	57999	-12.453861	4.1045957	-2.271563	-23.04472	12.455434	0.0055435495	4657.705748796463
30	-144.785	29.835	-114.95	-174.62	1000.0	59999	-12.5938635	4.117663	-2.1453989	-23.261728	12.595162	0.0066243703	4728.25137424469
31	-168.405	1.4850006	-166.92	-169.89	1000.0	61999	-12.779408	4.1659107	-2.2096653	-23.419252	12.7802515	0.005795698	4795.0149829387665
32	-174.95	13.229996	-161.72	-188.18	1000.0	63999	-12.976397	4.224058	-2.0929465	-23.602106	12.977492	0.005767319	4995.2622590065
33	-101.095	75.665	-25.43	-176.76	680.0	65999	-13.124618	4.341068	-2.0165584	-23.871397	13.125787	0.005442224	5112.326815605164
34	-129.60667	41.748535	-94.57	-188.28	973.0	67999	-13.247625	4.3860407	-1.9956691	-23.903461	13.249238	0.0062953397	5390.474952220917
35	-154.1	26.45	-127.65	-180.55	1000.0	69999	-13.288995	4.3709097	-1.9502373	-24.018745	13.291193	0.00977091	5463.114434719086
36	-153.07	13.030006	-140.04	-166.1	1000.0	71999	-13.436036	4.396915	-2.033893	-24.299854	13.438119	0.00899706	5570.739029407501
37	-166.435	6.165001	-160.27	-172.6	1000.0	73999	-13.571822	4.3962197	-2.0712938	-24.219833	13.573343	0.0057421187	5663.754029273987
38	-161.88	0.22000122	-161.66	-162.1	1000.0	75999	-13.698209	4.39366	-1.9976599	-24.308672	13.699608	0.008204324	5762.440351963043
39	-167.99	5.419998	-162.57	-173.41	1000.0	77999	-13.809772	4.3962007	-2.2615225	-24.263021	13.810899	0.005095973	5873.219748020172
40	-66.979996	47.3	-19.68	-114.28	638.0	79999	-13.868168	4.41486	-2.2134237	-24.4085	13.870013	0.007074785	6073.334034442902
41	-111.03333	64.48252	-20.22	-163.63	773.3333	81999	-13.914196	4.4232025	-2.1281955	-24.492931	13.915633	0.0056472644	6316.480236291885
42	-123.30666	71.57688	-22.09	-175.04	782.3333	83999	-13.950077	4.481457	-2.1395917	-24.51745	13.951285	0.0064414185	6590.9815237522125
43	-130.89499	5.084999	-125.81	-135.98	1000.0	85999	-14.0039215	4.4951096	-2.0986114	-24.620394	14.005202	0.007919649	6666.593660354614
44	-47.997498	47.944965	-16.83	-130.87	504.75	87999	-13.941434	4.5637546	-2.0636663	-24.761574	13.942735	0.006913506	7381.638391494751
45	-85.96	64.98	-20.98	-150.94	631.0	89999	-13.918806	4.586306	-2.0916343	-24.664774	13.920211	0.007423645	7493.653982400894
46	-137.08	19.240005	-117.84	-156.32	1000.0	91999	-13.9149685	4.580659	-1.921242	-24.824348	13.915949	0.008303075	7568.901146173477
47	-144.035	7.8150024	-136.22	-151.85	1000.0	93999	-13.98636	4.572051	-2.0804558	-24.709646	13.987331	0.0060054013	7645.290640592575
48	-132.84334	81.472885	-19.15	-205.88	773.0	95999	-14.077308	4.6312127	-2.0372596	-24.756493	14.078247	0.004814885	7972.954349040985
49	-152.3	20.169998	-132.13	-172.47	1000.0	97999	-14.130676	4.6397295	-2.1192293	-24.817646	14.131537	0.008167243	8052.244519710541
50	-144.125	18.345001	-125.78	-162.47	1000.0	99999	-14.145384	4.626536	-2.0767179	-24.92393	14.146851	0.008420374	8128.6001834869385
51	-97.016655	55.008274	-19.58	-142.18	769.3333	101999	-14.14987	4.6194406	-2.0420053	-24.813862	14.150342	0.0070073423	8416.029894590378
52	-60.593334	56.46626	-19.65	-140.44	562.6667	103999	-14.124494	4.653425	-2.0746796	-24.797014	14.125744	0.0051375674	8838.411667346954
53	-172.08499	4.1749954	-167.91	-176.26	1000.0	105999	-14.147306	4.6882625	-1.9253374	-24.917086	14.148232	0.0069230595	8915.101890563965
54	-157.415	43.204998	-114.21	-200.62	1000.0	107999	-14.204855	4.724755	-1.9367042	-25.219208	14.206487	0.0047558337	8992.148074388504
55	-137.89	14.839996	-123.05	-152.73	1000.0	109999	-14.23374	4.695788	-1.9660786	-25.264252	14.235299	0.0053523923	9066.906666755676
56	-112.93667	64.9226	-23.19	-174.59	780.6667	111999	-14.233562	4.6873755	-1.8761106	-25.224533	14.234584	0.006013133	9305.06047463417
57	-60.016663	57.308556	-18.87	-141.06	560.3333	113999	-14.213946	4.7426486	-1.8009826	-25.317682	14.21557	0.008933375	9868.146911859512
58	-111.32334	66.616455	-21.38	-180.57	784.6667	115999	-14.173652	4.767788	-1.7580098	-25.287218	14.17505	0.0054420084	10143.526578187943
59	-141.525	23.005001	-118.52	-164.53	1000.0	117999	-14.220029	4.78261	-1.6440374	-25.300165	14.220928	0.006163954	10220.882585763931
60	-104.285	3.6749992	-100.61	-107.96	1000.0	119999	-14.198072	4.7762065	-1.741052	-25.397427	14.199238	0.0062324833	10297.916395187378
61	-65.70333	52.624935	-21.97	-139.72	607.6667	121999	-14.151894	4.7657337	-1.7773707	-25.351479	14.153245	0.0060246945	10708.659567117691
62	-151.745	26.184998	-125.56	-177.93	1000.0	123999	-14.123222	4.801015	-1.6622059	-25.296412	14.124156	0.0056637097	10784.162516117096
63	-124.185	34.595	-89.59	-158.78	958.0	125999	-14.137108	4.77757	-1.7043687	-25.36804	14.13844	0.0059484453	11175.358386993408
64	-109.863335	65.30798	-20.2	-173.88	780.0	127999	-14.128729	4.7800713	-1.7566224	-25.40776	14.130132	0.0075402195	11514.534687519073
65	-175.7	13.529999	-162.17	-189.23	1000.0	129999	-14.18015	4.790869	-1.6442759	-25.485437	14.180901	0.009192454	11590.59560585022
66	-80.97	53.75	-27.22	-134.72	719.0	131999	-14.176685	4.827445	-1.7417206	-25.42578	14.177258	0.005575474	11979.396550893784
67	-99.723335	49.34893	-33.16	-151.17	812.0	133999	-14.17873	4.8073153	-1.7531329	-25.488409	14.180039	0.007960016	12266.128217220306
68	-94.850006	11.130001	-83.72	-105.98	1000.0	135999	-14.108364	4.816898	-1.7578274	-25.43997	14.108818	0.0063014016	13146.93156671524
69	-62.235	69.22249	-20.62	-182.1	528.75	137999	-14.085244	4.8397	-1.7397684	-25.433224	14.0862055	0.007746918	13974.374229192734
70	-46.239998	41.715206	-19.92	-118.45	495.75	139999	-13.98381	4.950349	-1.715189	-25.588085	13.9844885	0.007310302	14509.326682806015
71	-153.63501	18.575005	-135.06	-172.21	1000.0	141999	-13.952682	4.9209514	-1.7395635	-25.489182	13.953291	0.0070819473	14582.670826911926
72	-73.72	54.18	-19.54	-127.9	687.5	143999	-13.953156	4.9292135	-1.6058382	-25.489073	13.953925	0.005673812	14927.672325372696
73	-155.07	21.719994	-133.35	-176.79	1000.0	145999	-13.953538	4.9093213	-1.4747686	-25.479485	13.954906	0.0071168155	15003.602291345596
74	-148.31	20.619995	-127.69	-168.93	1000.0	147999	-14.00339	4.8928194	-1.6616827	-25.442959	14.004607	0.007998245	15078.332819700241
75	-119.706665	72.66938	-18.0	-183.33	753.0	149999	-14.015556	4.900807	-1.6673844	-25.561483	14.016824	0.0063923476	15325.285685300827
76	-116.93334	68.43417	-23.85	-186.42	775.6667	151999	-14.049993	4.8980594	-1.6426202	-25.516304	14.050872	0.0062672626	15568.75142788887
77	-128.75	41.42	-87.33	-170.17	934.5	153999	-14.045154	4.9178357	-1.6763356	-25.617325	14.046139	0.006681558	15838.699800014496
78	-104.25	33.440002	-70.81	-137.69	859.5	155999	-14.013614	4.9165483	-1.7608591	-25.510574	14.014207	0.0071051097	15954.367070436478
79	-113.35999	64.871414	-25.82	-180.9	802.6667	157999	-14.027805	4.8984056	-1.7555119	-25.504745	14.029149	0.008937923	16145.348591089249
80	-67.5	47.980003	-19.52	-115.48	636.0	159999	-14.026224	4.909908	-1.6958072	-25.522184	14.027029	0.0065717953	16352.4975669384
81	-151.51001	27.840004	-123.67	-179.35	1000.0	161999	-14.014077	4.9030395	-1.7669891	-25.660656	14.015317	0.00707171	16427.993736982346
82	-93.656654	48.353348	-29.21	-145.68	787.3333	163999	-14.01097	4.9018	-1.7352582	-25.519733	14.012391	0.008229531	16532.1542904377
83	-105.37	62.297768	-20.93	-169.36	772.3333	165999	-14.0318165	4.902794	-1.7360741	-25.519848	14.033465	0.0084131295	16782.751118659973
84	-133.14499	1.0849991	-132.06	-134.23	1000.0	167999	-14.016361	4.888955	-1.7546041	-25.455545	14.017841	0.010164679	16858.168121099472
85	-152.7	17.89	-134.81	-170.59	1000.0	169999	-14.012476	4.86655	-1.8103907	-25.478952	14.013901	0.005603042	16934.238992214203
86	-80.03	60.570004	-19.46	-140.6	656.5	171999	-14.025535	4.8615527	-1.7848245	-25.536718	14.026149	0.008632	17232.652259111404
87	-167.235	23.024994	-144.21	-190.26	1000.0	173999	-14.054658	4.8761654	-1.7362494	-25.462154	14.0559225	0.006699444	17310.633047819138
88	-103.83	1.8400002	-101.99	-105.67	1000.0	175999	-14.028238	4.8689003	-1.7150816	-25.686575	14.0289955	0.009651286	17386.903164625168
89	-107.63333	57.88237	-26.28	-156.17	806.0	177999	-14.011525	4.865574	-1.7461525	-25.490213	14.012404	0.0058258865	17710.8917222023
90	-107.54001	65.22937	-19.35	-175.07	788.0	179999	-14.040273	4.856966	-1.7166119	-25.423174	14.041233	0.007858601	18117.38108062744
91	-126.4	47.32	-79.08	-173.72	907.0	181999	-13.992102	4.883924	-1.5594367	-25.60263	13.992892	0.008388241	18337.950714826584
92	-157.24	21.36	-135.88	-178.6	1000.0	183999	-14.011386	4.873953	-1.6413125	-25.480711	14.01149	0.005828844	18414.41231250763
93	-157.17499	12.584999	-144.59	-169.76	1000.0	185999	-14.046735	4.8592544	-1.6919624	-25.487059	14.047951	0.0073681916	18640.76904296875
94	-59.4525	63.12704	-16.73	-168.49	530.0	187999	-14.041943	4.8750124	-1.6994898	-25.38995	14.042791	0.0067095207	19118.19376206398
95	-161.54001	27.950005	-133.59	-189.49	1000.0	189999	-14.043356	4.8778186	-1.6771616	-25.424051	14.043519	0.007546857	19194.590773820877
96	-157.05	15.979996	-141.07	-173.03	1000.0	191999	-14.047958	4.885846	-1.6699982	-25.451077	14.049253	0.009577595	19304.584905147552
97	-45.690002	36.21929	-14.25	-96.43	542.3333	193999	-14.026009	4.8996563	-1.6593827	-25.49436	14.027022	0.007655674	19675.052102804184
98	-146.64499	3.4749985	-143.17	-150.12	1000.0	195999	-14.036276	4.8874393	-1.7162421	-25.405973	14.037387	0.007052004	19750.276329040527
99	-153.33499	26.055	-127.28	-179.39	1000.0	197999	-14.064641	4.891767	-1.7651461	-25.498737	14.065614	0.0064115315	19825.221650362015
100	-151.12	43.850002	-107.27	-194.97	1000.0	199999	-14.05631	4.8963675	-1.8032827	-25.546984	14.056978	0.0070400676	19898.26515340805
101	-170.215	0.17500305	-170.04	-170.39	1000.0	201999	-14.089157	4.899204	-1.7556572	-25.510181	14.090019	0.008831766	19974.5691614151
102	-116.946655	66.894585	-22.86	-172.54	786.0	203999	-14.113157	4.9022317	-1.7208296	-25.515127	14.114139	0.009819098	20252.634120225906
103	-127.3	17.810001	-109.49	-145.11	1000.0	205999	-14.080431	4.909476	-1.8157011	-25.568956	14.0815525	0.006586835	20357.354702711105
104	-72.475	41.114998	-31.36	-113.59	719.5	207999	-14.075611	4.8906803	-1.8255556	-25.545322	14.076386	0.006723566	20560.158176898956
105	-165.20499	10.945	-154.26	-176.15	1000.0	209999	-14.0938635	4.88934	-1.8627049	-25.5666	14.094536	0.006956648	20653.971353292465
106	-139.4	21.260002	-118.14	-160.66	1000.0	211999	-14.097207	4.892334	-1.8483859	-25.560415	14.097925	0.009788464	20742.76370215416
107	-107.56	52.71478	-38.86	-166.98	827.3333	213999	-14.100984	4.8907423	-1.8418139	-25.546206	14.101789	0.0083638495	20942.85950088501
108	-93.96	12.32	-81.64	-106.28	1000.0	215999	-14.057035	4.895277	-1.8342388	-25.531942	14.057665	0.006747367	21049.167673826218
109	-170.145	6.095001	-164.05	-176.24	1000.0	217999	-14.062249	4.909146	-1.8469524	-25.584614	14.062979	0.0073347576	21156.93586039543
110	-157.725	36.775	-120.95	-194.5	1000.0	219999	-14.07493	4.8814545	-1.8872964	-25.521563	14.076972	0.0077214674	21233.540711164474
111	-154.70499	22.224998	-132.48	-176.93	1000.0	221999	-14.152988	4.8860145	-1.8846492	-25.588139	14.154383	0.0066435365	21311.44524693489
112	-56.63	27.02	-29.61	-83.65	677.5	223999	-14.106175	4.8767033	-1.7633122	-25.644682	14.106982	0.007056189	21726.819508314133
113	-116.67999	10.84	-105.84	-127.52	1000.0	225999	-14.100689	4.874532	-1.860605	-25.601025	14.102078	0.009457153	21805.85787343979
114	-165.37	0.8600006	-164.51	-166.23	1000.0	227999	-14.111172	4.8743305	-1.9116478	-25.615677	14.11224	0.004933343	21882.384704589844
115	-99.91334	49.523357	-30.42	-142.2	793.6667	229999	-14.12495	4.8653865	-1.8715688	-25.680721	14.125715	0.008609945	22058.801586151123
116	-105.4	59.70103	-22.11	-159.02	771.6667	231999	-14.111664	4.857821	-1.8890655	-25.628416	14.112396	0.006425413	22331.245878458023
117	-168.01999	6.8199997	-161.2	-174.84	1000.0	233999	-14.093363	4.860413	-1.9429266	-25.62187	14.094109	0.005624245	22405.752013206482
118	-145.37	21.05	-124.32	-166.42	1000.0	235999	-14.121535	4.8527117	-1.8831708	-25.609388	14.12248	0.0074906433	22480.978756904602
119	-145.41501	16.185005	-129.23	-161.6	1000.0	237999	-14.130157	4.839245	-1.9290493	-25.601376	14.131452	0.0073390035	22556.932901382446
120	-121.985	15.715	-106.27	-137.7	1000.0	239999	-14.127803	4.825756	-1.9129624	-25.60356	14.128591	0.0072118617	22697.780955314636
121	-63.686665	56.73538	-18.62	-143.71	607.6667	241999	-14.122209	4.827784	-1.9836926	-25.739092	14.12309	0.008663676	23227.60555267334
122	-76.54666	77.01614	-19.75	-185.43	557.3333	243999	-14.114127	4.855132	-1.9784474	-25.566095	14.1150255	0.008305341	23703.553039073944
123	-86.884995	64.612595	-21.49	-158.2	656.5	245999	-14.081352	4.854925	-1.8730655	-25.655212	14.081998	0.007970428	24081.63926100731
124	-112.28	91.65	-20.63	-203.93	666.5	247999	-14.104128	4.8846626	-1.8737314	-25.587097	14.104338	0.0068030646	24373.858448266983
125	-123.815	45.645004	-78.17	-169.46	903.0	249999	-14.0889225	4.8880615	-1.8864285	-25.583033	14.089244	0.0076260446	24501.543098926544
126	-186.525	5.295006	-181.23	-191.82	1000.0	251999	-14.1482315	4.90773	-1.8041924	-25.577349	14.149367	0.007673834	24578.424756526947
127	-166.215	30.684998	-135.53	-196.9	1000.0	253999	-14.186183	4.910929	-1.8308163	-25.620573	14.187141	0.0073705246	24661.2978181839
128	-101.07	57.74379	-21.09	-155.34	758.0	255999	-14.17603	4.9059825	-1.8002819	-25.589834	14.177142	0.0058619846	24840.91104388237
129	-173.505	32.275	-141.23	-205.78	1000.0	257999	-14.188409	4.9057717	-1.8023652	-25.73392	14.189492	0.008304072	24916.90705013275
130	-136.495	12.564999	-123.93	-149.06	1000.0	259999	-14.2238865	4.8955045	-1.7577659	-25.601084	14.224908	0.007754368	24993.10776090622
131	-142.95	33.64	-109.31	-176.59	1000.0	261999	-14.216176	4.899836	-1.6967845	-25.556107	14.216625	0.0067698336	25079.092492103577
132	-71.23	61.482044	-22.21	-173.39	573.75	263999	-14.207667	4.9008703	-1.6813499	-25.637844	14.208793	0.0082751075	25449.543554782867
133	-124.32001	4.170002	-120.15	-128.49	1000.0	265999	-14.185375	4.8970904	-1.6557709	-25.507713	14.186182	0.0071223853	25561.34470653534
134	-113.405	3.9449997	-109.46	-117.35	1000.0	267999	-14.176127	4.885548	-1.6604042	-25.622025	14.17698	0.0069741253	25660.745959043503
135	-58.2425	57.251472	-23.58	-157.39	519.25	269999	-14.150013	4.885659	-1.6706412	-25.581104	14.151126	0.0063458085	26262.062525987625
136	-108.46	81.9	-26.56	-190.36	670.0	271999	-14.154055	4.920493	-1.6517054	-25.514711	14.155156	0.007990009	26439.4190261364
137	-166.58	11.360001	-155.22	-177.94	1000.0	273999	-14.202224	4.91355	-1.6882476	-25.510513	14.203172	0.0074789934	26532.37384033203
138	-128.05	66.868095	-33.5	-176.82	844.0	275999	-14.201465	4.933989	-1.7282095	-25.491917	14.20255	0.0071106222	26873.66117477417
139	-161.585	27.265	-134.32	-188.85	1000.0	277999	-14.23249	4.942297	-1.7549424	-25.525976	14.23369	0.0069189533	27118.749860048294
140	-106.049995	63.209995	-42.84	-169.26	810.0	279999	-14.211593	4.943929	-1.8797452	-25.484316	14.212854	0.00681357	27475.27604842186
141	-102.329994	58.229706	-20.77	-152.96	773.0	281999	-14.241609	4.935759	-1.8823626	-25.518265	14.242773	0.006193597	27732.39777302742
142	-169.045	15.074997	-153.97	-184.12	1000.0	283999	-14.251053	4.9393086	-1.8518591	-25.563543	14.252119	0.006351181	27806.913017749786
143	-153.765	11.095001	-142.67	-164.86	1000.0	285999	-14.26482	4.9256	-1.8289766	-25.525686	14.265898	0.005469983	27902.53580379486
144	-168.375	9.595001	-158.78	-177.97	1000.0	287999	-14.289667	4.941386	-1.9147302	-25.527267	14.290782	0.005907959	27978.923713445663
145	-117.27667	70.658	-17.37	-168.91	776.3333	289999	-14.315333	4.9264374	-1.9172696	-25.509174	14.316055	0.0059966412	28279.794989347458
146	-49.715	32.525	-17.19	-82.24	627.5	291999	-14.309418	4.95394	-1.847408	-25.544191	14.310813	0.0066373786	28551.002444028854
147	-88.6375	63.91511	-22.18	-167.7	691.5	293999	-14.287357	4.9628234	-1.7945284	-25.590479	14.28847	0.005377146	29009.21760058403
148	-147.785	20.164997	-127.62	-167.95	1000.0	295999	-14.29353	4.9612136	-1.8746513	-25.555742	14.294756	0.0060522864	29084.060214996338
149	-66.18	39.370003	-26.81	-105.55	680.0	297999	-14.279371	4.9691534	-1.9490329	-25.665148	14.280068	0.009407011	29384.66580605507
150	-129.245	11.954998	-117.29	-141.2	1000.0	299999	-14.2558	4.9651847	-1.9010572	-25.55063	14.2567215	0.007989081	29474.87427663803
151	-87.247505	59.65272	-28.6	-164.22	682.5	301999	-14.263042	4.9547777	-1.8460872	-25.523838	14.2642145	0.0062202252	29640.450425624847
152	-150.09	26.309998	-123.78	-176.4	1000.0	303999	-14.249225	4.946089	-1.9037902	-25.535948	14.250483	0.0070978976	29716.534393787384
153	-102.034996	60.394997	-41.64	-162.43	772.5	305999	-14.248745	4.9770155	-1.8431832	-25.556189	14.249393	0.006395403	30032.219179153442
154	-122.705	51.185	-71.52	-173.89	867.0	307999	-14.263943	4.9580293	-1.7651879	-25.591099	14.264843	0.0069355643	30151.38796019554
155	-184.19	8.089996	-176.1	-192.28	1000.0	309999	-14.28199	4.9469953	-1.8672767	-25.51469	14.2833185	0.005988319	30191.996205568314
156	-92.69333	48.371647	-25.77	-138.43	808.0	311999	-14.268092	4.952025	-1.7537668	-25.573895	14.268605	0.0068451604	30451.899441242218
157	-193.58	14.190002	-179.39	-207.77	1000.0	313999	-14.29701	4.9393973	-1.9210503	-25.563879	14.298039	0.0060659014	30524.76796412468
158	-120.479996	86.64	-33.84	-207.12	711.0	315999	-14.315553	4.992765	-1.9076245	-25.92997	14.316713	0.006826301	30674.564944028854
159	-137.53	13.240002	-124.29	-150.77	1000.0	317999	-14.312102	4.979215	-1.8836142	-25.908531	14.3127985	0.005932171	30714.302220582962
160	-155.265	19.085007	-136.18	-174.35	1000.0	319999	-14.346313	4.9517684	-1.7959598	-25.948751	14.347653	0.00810487	30753.30078482628
161	-105.14333	63.262432	-16.04	-156.67	762.0	321999	-14.344922	4.978128	-1.7359322	-25.920265	14.34661	0.009487769	30934.368685007095
162	-109.286674	60.39186	-29.3	-175.21	786.0	323999	-14.349608	4.966749	-1.7806295	-25.99341	14.350418	0.007649881	31024.846279621124
163	-123.295	0.34500122	-122.95	-123.64	1000.0	325999	-14.337394	4.9659195	-1.7838001	-25.907936	14.338471	0.0066556977	31080.621633052826
164	-70.31333	62.350327	-26.19	-158.49	579.3333	327999	-14.299816	4.961356	-1.7882396	-25.946125	14.300536	0.00764332	31380.669421434402
165	-148.82	1.2800064	-147.54	-150.1	1000.0	329999	-14.311676	4.970185	-1.6779258	-25.944578	14.31251	0.0072257984	31420.000244617462
166	-150.825	13.815002	-137.01	-164.64	1000.0	331999	-14.32523	4.9657044	-1.80598	-25.917011	14.325875	0.0055155694	31459.606753349304
167	-93.009995	51.8	-41.21	-144.81	780.5	333999	-14.330347	4.9546847	-1.7700274	-25.877785	14.331177	0.007823317	31790.989468574524
168	-129.04332	75.192	-22.71	-183.03	769.0	335999	-14.341104	4.9795113	-1.6922204	-25.913961	14.342121	0.006521249	31981.78122472763
169	-192.02	6.5	-185.52	-198.52	1000.0	337999	-14.3519535	4.9752874	-1.6442747	-25.927744	14.352809	0.008528395	32056.403339385986
170	-101.59667	68.541176	-22.95	-189.99	763.3333	339999	-14.333158	4.9965515	-1.7202437	-25.910769	14.333275	0.007996384	32626.08845448494
171	-112.515	6.834999	-105.68	-119.35	1000.0	341999	-14.326009	5.0017633	-1.6384239	-26.007723	14.327013	0.007094293	32667.411349773407
172	-170.98	1.1100006	-169.87	-172.09	1000.0	343999	-14.331505	4.9926133	-1.7010652	-25.873365	14.333039	0.008410711	32708.383311748505
173	-154.495	10.525002	-143.97	-165.02	1000.0	345999	-14.36214	4.9632215	-1.6786386	-25.901814	14.363091	0.0059429193	32747.905239105225
174	-124.833336	70.97418	-24.84	-182.38	782.3333	347999	-14.37287	4.9910684	-1.6258142	-25.894632	14.373828	0.0069658747	32941.40855503082
175	-71.375	53.265	-18.11	-124.64	652.5	349999	-14.363585	4.996071	-1.5989323	-25.990757	14.364318	0.0067606336	33191.08767604828
176	-153.8	15.660004	-138.14	-169.46	1000.0	351999	-14.388794	4.979224	-1.6704675	-25.93367	14.389267	0.0063722427	33231.602014541626
177	-113.77334	66.623695	-24.09	-183.63	786.6667	353999	-14.377498	4.988924	-1.6692188	-26.005058	14.378381	0.009081434	33341.91157197952
178	-149.09	29.02	-120.07	-178.11	1000.0	355999	-14.384435	4.9963155	-1.7284385	-25.8828	14.385318	0.005859165	33397.343302726746
179	-127.325	36.214996	-91.11	-163.54	1000.0	357999	-14.388466	4.9777617	-1.6643448	-25.867937	14.388785	0.006649662	33437.085205078125
180	-92.85666	51.479042	-20.08	-130.92	759.6667	359999	-14.349423	4.9726367	-1.6072235	-25.828989	14.349891	0.010092009	33599.81134080887
181	-148.595	0.035003662	-148.56	-148.63	1000.0	361999	-14.356732	4.974363	-1.4978693	-25.944649	14.357172	0.0065919035	33639.9820458889
182	-150.6	26.310001	-124.29	-176.91	1000.0	363999	-14.367175	4.975264	-1.5352623	-25.829187	14.368668	0.009021559	33679.89925312996
183	-169.94	1.2399979	-168.7	-171.18	1000.0	365999	-14.388276	4.9719234	-1.6005695	-25.808716	14.389278	0.0054917466	33719.54788517952
184	-108.195	3.2050018	-104.99	-111.4	1000.0	367999	-14.391747	4.9664073	-1.5284508	-25.848782	14.392664	0.007655729	34034.29713892937
185	-150.565	30.965	-119.6	-181.53	1000.0	369999	-14.401049	4.9668875	-1.6327798	-25.83531	14.401889	0.008992048	34073.466713905334
186	-139.375	11.964996	-127.41	-151.34	1000.0	371999	-14.385135	4.9414	-1.625923	-25.815453	14.386136	0.006479469	34113.7704076767
187	-128.925	37.845	-91.08	-166.77	956.5	373999	-14.392903	4.9467034	-1.543898	-25.895277	14.393959	0.008814526	34418.434096097946
188	-168.86	1.6600037	-167.2	-170.52	1000.0	375999	-14.39939	4.9371567	-1.626812	-25.89903	14.40029	0.006285501	34457.5710747242
189	-168.935	13.934998	-155.0	-182.87	1000.0	377999	-14.443192	4.92703	-1.6538764	-25.984028	14.444196	0.005507846	34497.31040644646
190	-90.355	62.725002	-27.63	-153.08	727.5	379999	-14.432511	4.9374557	-1.6999487	-25.929901	14.433529	0.0070774937	34704.0503923893
191	-136.05667	83.64216	-17.79	-197.13	771.0	381999	-14.462529	4.941476	-1.7098192	-25.872429	14.463068	0.006175135	34977.56315946579
192	-72.98333	81.50207	-13.3	-188.22	515.3333	383999	-14.482127	4.9620123	-1.6388012	-25.883703	14.483026	0.006599803	35341.237971544266
193	-85.29	42.78411	-24.79	-116.27	793.6667	385999	-14.436249	4.977259	-1.7110248	-25.849068	14.436994	0.006866092	35555.47354507446
194	-146.81	39.94	-106.87	-186.75	1000.0	387999	-14.427926	4.9750896	-1.6997118	-25.843523	14.429012	0.0074103316	35598.876346349716
195	-121.990005	30.259998	-91.73	-152.25	935.5	389999	-14.420387	4.9736304	-1.7285275	-25.851673	14.421703	0.007982245	35737.640706539154
196	-75.22666	69.55237	-24.4	-173.57	577.0	391999	-14.410135	4.992328	-1.7375842	-25.818924	14.410633	0.007321749	36050.16372323036
197	-150.715	15.635002	-135.08	-166.35	1000.0	393999	-14.456487	4.974409	-1.811943	-25.907253	14.457289	0.007470563	36089.73719954491
198	-110.54	68.11576	-18.06	-180.13	760.0	395999	-14.444509	4.99559	-1.7491877	-25.876198	14.444807	0.0055168523	36286.36906003952
199	-128.585	5.9850044	-122.6	-134.57	1000.0	397999	-14.418367	4.991159	-1.7643934	-25.800243	14.418696	0.0050020586	36325.989272117615
200	-95.17999	52.450954	-22.79	-145.39	788.3333	399999	-14.4214525	4.97315	-1.8579755	-25.88773	14.421872	0.0068075997	36558.96212768555
201	-148.83	0.75	-148.08	-149.58	1000.0	401999	-14.422826	4.970612	-1.692455	-25.867006	14.423694	0.008873382	36601.1102809906
202	-177.605	3.074997	-174.53	-180.68	1000.0	403999	-14.432097	4.9722357	-1.6817058	-25.889103	14.432754	0.009338791	36640.740280628204
203	-58.756668	49.245895	-19.35	-128.19	556.3333	405999	-14.419755	4.988188	-1.6949558	-25.816553	14.4200115	0.007892149	37036.680968761444
204	-113.850006	59.918507	-33.47	-177.27	806.3333	407999	-14.401389	4.9812026	-1.6048226	-25.788752	14.401973	0.0075746225	37175.765999794006
205	-155.87	4.840004	-151.03	-160.71	1000.0	409999	-14.398837	4.9896073	-1.5230998	-25.862991	14.398952	0.0052578887	37215.911434173584
206	-134.275	5.654999	-128.62	-139.93	1000.0	411999	-14.43636	4.97708	-1.5876256	-25.767788	14.437665	0.009040878	37255.16890192032
207	-104.79	77.3	-27.49	-182.09	694.5	413999	-14.42187	4.97285	-1.636189	-25.79712	14.421922	0.00763522	37453.70810008049
208	-165.82	6.090004	-159.73	-171.91	1000.0	415999	-14.422237	4.979592	-1.5786091	-25.861004	14.422461	0.005885876	37494.05886101723
209	-105.70334	55.336823	-33.71	-168.27	817.3333	417999	-14.389859	4.9861317	-1.6451759	-25.980827	14.3899555	0.0063927164	37624.34002876282
210	-81.07	55.66	-25.41	-136.73	692.5	419999	-14.420323	4.9864187	-1.5697128	-25.84413	14.421381	0.004923331	37857.722628593445
211	-82.91333	45.301914	-22.96	-132.45	767.0	421999	-14.389036	4.986556	-1.5207068	-25.816141	14.390278	0.0076470394	38008.43968153
212	-119.100006	35.98	-83.12	-155.08	926.0	423999	-14.355682	4.9930296	-1.4955194	-25.786476	14.35634	0.0091350265	38267.22702097893
213	-108.72666	52.018555	-35.3	-149.35	813.0	425999	-14.374956	4.9857373	-1.5985086	-25.82046	14.375623	0.006945841	38375.26811671257
214	-124.285	41.095	-83.19	-165.38	1000.0	427999	-14.359535	4.996386	-1.6577723	-25.860266	14.359998	0.0063728183	38643.61508631706
215	-73.32333	70.10478	-20.21	-172.38	604.3333	429999	-14.345053	5.004024	-1.6401281	-25.828058	14.345677	0.0075713466	39053.01776099205
216	-100.253334	54.833687	-23.16	-146.05	797.3333	431999	-14.352015	5.0078945	-1.6119379	-25.858871	14.352433	0.0068867924	39308.36312317848
217	-158.54	15.889999	-142.65	-174.43	1000.0	433999	-14.344849	4.995145	-1.5907842	-25.875149	14.345488	0.006133719	39347.91208434105
218	-73.49	68.33162	-19.82	-169.92	600.3333	435999	-14.33778	5.0164413	-1.6130145	-25.882727	14.338484	0.009124144	39702.69315576553
219	-102.01001	59.77802	-17.57	-147.77	745.3333	437999	-14.343077	5.015302	-1.5564357	-25.79972	14.343722	0.0053415517	39843.9907002449
220	-148.045	31.945004	-116.1	-179.99	1000.0	439999	-14.360975	5.023003	-1.5480419	-25.833069	14.361618	0.007944266	39883.71358537674
221	-132.605	5.904999	-126.7	-138.51	1000.0	441999	-14.339255	5.000219	-1.6027445	-25.82076	14.340041	0.00605387	39923.83851456642
222	-166.065	5.1849976	-160.88	-171.25	1000.0	443999	-14.329573	4.9922857	-1.6233708	-25.803192	14.329998	0.0101808915	39963.9553232193
223	-178.875	24.794998	-154.08	-203.67	1000.0	445999	-14.373933	5.0053654	-1.5899949	-25.863182	14.374844	0.007019885	40003.92662239075
224	-120.825	50.505	-70.32	-171.33	861.5	447999	-14.391444	4.99407	-1.5864359	-25.783361	14.392148	0.006093972	40098.02565193176
225	-85.845	56.795002	-29.05	-142.64	679.5	449999	-14.37212	4.9898005	-1.6840957	-25.87431	14.372551	0.007922886	40155.76872372627
226	-159.12	26.620003	-132.5	-185.74	1000.0	451999	-14.384683	4.998698	-1.5558313	-25.855862	14.384842	0.008257505	40196.990815877914
227	-145.59	27.449997	-118.14	-173.04	1000.0	453999	-14.370179	5.003654	-1.5883474	-25.881594	14.370857	0.0061828955	40236.62065577507
228	-194.36	15.470001	-178.89	-209.83	1000.0	455999	-14.428416	5.0016346	-1.5430692	-25.975437	14.429257	0.007831895	40277.04319357872
229	-170.74	0.27999878	-170.46	-171.02	1000.0	457999	-14.443487	5.0179305	-1.5770061	-26.098396	14.444243	0.0069387485	40317.05612945557
230	-164.91	37.940002	-126.97	-202.85	1000.0	459999	-14.44165	5.0112643	-1.5385653	-26.039995	14.442047	0.007583306	40356.09058403969
231	-120.223335	77.27218	-12.0	-187.46	730.0	461999	-14.469695	5.009775	-1.4681001	-26.026201	14.470146	0.0059448206	40479.49820184708
232	-130.705	21.955002	-108.75	-152.66	1000.0	463999	-14.446133	5.013983	-1.5244248	-26.061796	14.446466	0.005664609	40519.185272693634
233	-107.19334	62.571533	-19.39	-160.62	775.3333	465999	-14.456429	5.0075684	-1.5349717	-26.007101	14.456808	0.009015499	40805.37119746208
234	-119.35999	65.67819	-27.74	-178.39	785.0	467999	-14.466921	5.016825	-1.6263856	-26.019943	14.467078	0.0063980105	40902.90901184082
235	-134.58	7.330002	-127.25	-141.91	1000.0	469999	-14.439902	5.0017014	-1.5687476	-25.98332	14.440566	0.0062795496	40942.40309500694
236	-136.79001	30.629997	-106.16	-167.42	1000.0	471999	-14.433026	5.0092897	-1.6140832	-25.972065	14.433326	0.0073729716	40982.48524212837
237	-142.74	34.250004	-108.49	-176.99	1000.0	473999	-14.471541	4.987692	-1.6106243	-26.03224	14.47217	0.007510889	41022.36780667305
238	-150.78	27.02	-123.76	-177.8	1000.0	475999	-14.449429	4.9972324	-1.5866263	-26.06718	14.449655	0.0073236255	41063.15126824379
239	-79.05	47.57	-31.48	-126.62	704.0	477999	-14.425869	4.9959455	-1.6094887	-26.016083	14.426249	0.0061044106	41287.833600759506
240	-69.915	49.890568	-16.45	-121.37	666.25	479999	-14.438366	5.0039845	-1.5363221	-26.087547	14.438723	0.007051065	41663.06613469124
241	-164.225	29.235	-134.99	-193.46	1000.0	481999	-14.405545	4.9868774	-1.5284247	-25.978777	14.406123	0.006737131	41703.30840373039
242	-153.265	2.755005	-150.51	-156.02	1000.0	483999	-14.412276	5.002561	-1.5039207	-25.982956	14.412734	0.007010454	41744.569979429245
243	-134.2	2.1900024	-132.01	-136.39	1000.0	485999	-14.431726	5.0016685	-1.4607948	-26.14678	14.432003	0.007215711	41783.83305120468
244	-160.83	4.9900055	-155.84	-165.82	1000.0	487999	-14.445951	4.975151	-1.5962042	-26.029066	14.446299	0.0063328086	41824.224081754684
245	-70.815	42.935	-27.88	-113.75	679.0	489999	-14.41707	4.983119	-1.657024	-26.142881	14.417125	0.008025192	41936.95368671417
246	-190.28	6.1100006	-184.17	-196.39	1000.0	491999	-14.435331	4.9833074	-1.6345148	-26.01633	14.435463	0.006523701	41978.60661625862
247	-140.34	28.919998	-111.42	-169.26	1000.0	493999	-14.429028	4.9754143	-1.6479032	-25.964994	14.429231	0.0044492804	42018.59564828873
248	-135.13501	21.085	-114.05	-156.22	1000.0	495999	-14.464257	4.9689274	-1.5507064	-25.999111	14.464482	0.006616783	42059.14491534233
249	-65.34333	61.88073	-20.15	-152.84	567.6667	497999	-14.42359	4.975218	-1.5228522	-26.041105	14.423946	0.0070499484	42440.45731639862
250	-70.6625	45.003967	-24.95	-125.39	677.0	499999	-14.433715	4.9848766	-1.5321391	-26.039425	14.434785	0.0072914325	42737.51614308357
251	-117.97	13.669998	-104.3	-131.64	1000.0	501999	-14.421633	4.969955	-1.4919688	-26.116821	14.4218855	0.0057268688	42779.7918138504
252	-110.9	73.71569	-12.98	-190.84	740.6667	503999	-14.40461	4.9890933	-1.5005722	-25.990623	14.404881	0.0052128965	42971.24385166168
253	-144.18	29.340004	-114.84	-173.52	1000.0	505999	-14.406303	4.990799	-1.5474354	-26.00045	14.406369	0.006490513	43010.45688843727
254	-157.01001	40.950005	-116.06	-197.96	1000.0	507999	-14.424625	4.9863424	-1.5333822	-25.999352	14.424767	0.007315157	43051.07423043251
255	-64.93	41.64	-23.29	-106.57	699.5	509999	-14.385362	4.9842772	-1.5747795	-26.073204	14.385811	0.0076849707	43283.66314077377
256	-164.44	2.119995	-162.32	-166.56	1000.0	511999	-14.401861	4.986512	-1.5471921	-26.049505	14.401933	0.0073886085	43327.99171233177
257	-58.336666	50.59855	-17.47	-129.64	563.6667	513999	-14.405585	4.97656	-1.506248	-26.038416	14.405551	0.006899637	43809.830263614655
258	-124.56	9.75	-114.81	-134.31	1000.0	515999	-14.400455	4.9923434	-1.5218874	-26.122221	14.400997	0.0051632756	43849.302513837814
259	-167.68	39.510002	-128.17	-207.19	1000.0	517999	-14.400003	4.982149	-1.5488163	-26.043503	14.400605	0.009116753	43891.61414527893
260	-150.275	43.014996	-107.26	-193.29	1000.0	519999	-14.412458	4.9763584	-1.5917326	-26.004822	14.412683	0.0075850557	43931.78596782684
261	-111.42334	56.463963	-32.8	-162.82	800.3333	521999	-14.403719	4.992922	-1.509505	-26.118793	14.403404	0.005765728	43975.66917681694
262	-119.899994	73.292015	-18.33	-188.58	766.6667	523999	-14.405441	4.9889965	-1.5054528	-25.969645	14.405693	0.0060610524	44191.71314072609
263	-151.91	0.5299988	-151.38	-152.44	1000.0	525999	-14.405188	4.9957175	-1.5708201	-25.973461	14.405427	0.006946786	44232.29634428024
264	-172.995	13.784996	-159.21	-186.78	1000.0	527999	-14.455765	4.964639	-1.616828	-26.022556	14.455928	0.0053148502	44272.09539055824
265	-135.95	26.86	-109.09	-162.81	1000.0	529999	-14.440645	4.9657507	-1.5907081	-25.99234	14.441315	0.00875589	44311.811885118484
266	-152.49	39.48	-113.01	-191.97	1000.0	531999	-14.437793	4.9906154	-1.5342041	-25.989744	14.438033	0.0061058425	44351.14864373207
267	-153.10501	14.915001	-138.19	-168.02	1000.0	533999	-14.451002	4.966567	-1.5444539	-25.980167	14.451502	0.0067650503	44392.63464331627
268	-67.155	34.265	-32.89	-101.42	737.5	535999	-14.442798	4.9722114	-1.5761147	-25.901972	14.442996	0.0072240266	44949.448538303375
269	-101.22666	55.08487	-25.49	-154.89	785.0	537999	-14.418041	4.9914813	-1.523478	-26.049868	14.418834	0.006635492	45178.9530172348
270	-115.095	11.915001	-103.18	-127.01	995.5	539999	-14.412614	4.9802723	-1.5151026	-25.991138	14.412642	0.007149248	45295.14714503288
271	-155.98999	4.959999	-151.03	-160.95	1000.0	541999	-14.424188	4.977878	-1.5073943	-25.937843	14.425098	0.0064034956	45335.18279314041
272	-128.315	6.845001	-121.47	-135.16	1000.0	543999	-14.405836	4.9627433	-1.4281356	-26.000132	14.406129	0.006520845	45375.34859061241
273	-110.37	59.827766	-26.57	-162.38	791.6667	545999	-14.411576	4.9672055	-1.5455797	-26.07934	14.41227	0.0068333936	45668.60462808609
274	-149.54501	11.025002	-138.52	-160.57	1000.0	547999	-14.429704	4.969259	-1.6055651	-25.969048	14.430209	0.006550321	45708.54421043396
275	-134.965	26.594997	-108.37	-161.56	1000.0	549999	-14.453213	4.9609475	-1.5749159	-26.053165	14.45345	0.007320628	45749.30382871628
276	-144.19	8.119995	-136.07	-152.31	1000.0	551999	-14.453908	4.9436145	-1.6443937	-25.990927	14.454575	0.0063424343	45794.50735759735
277	-103.33	77.92	-25.41	-181.25	672.5	553999	-14.434961	4.9478316	-1.572195	-26.000868	14.435334	0.0067376723	46030.341894865036
278	-169.39001	5.6800003	-163.71	-175.07	1000.0	555999	-14.439568	4.9523997	-1.6645013	-26.031542	14.439988	0.0046874476	46070.2948718071
279	-103.035	12.935001	-90.1	-115.97	1000.0	557999	-14.425837	4.946792	-1.6415427	-25.933615	14.42594	0.0066913753	46110.48439979553
280	-107.386665	64.39135	-20.73	-174.95	775.6667	559999	-14.431966	4.943394	-1.627567	-25.982569	14.432254	0.0070192697	46353.44380736351
281	-166.35	10.860001	-155.49	-177.21	1000.0	561999	-14.454818	4.9362006	-1.5361911	-26.021145	14.455303	0.0061441194	46393.014456510544
282	-174.76001	3.7000046	-171.06	-178.46	1000.0	563999	-14.4643	4.9437785	-1.6073104	-25.970312	14.465045	0.0065608234	46632.52245402336
283	-81.665	47.925	-33.74	-129.59	774.0	565999	-14.460459	4.946118	-1.5493197	-25.935352	14.460988	0.0075977733	46846.72068190575
284	-103.28666	48.07937	-37.11	-149.9	818.3333	567999	-14.435999	4.9619255	-1.5981538	-25.996523	14.43648	0.00841256	46993.32499694824
285	-98.27	51.60786	-25.95	-142.94	794.6667	569999	-14.459167	4.9417167	-1.6667321	-25.910362	14.459104	0.0060193003	47089.84292078018
286	-81.97	61.64	-20.33	-143.61	648.0	571999	-14.429329	4.9611287	-1.6329732	-25.962702	14.430246	0.0073673264	47295.68527317047
287	-88.75751	64.59199	-23.13	-168.6	666.5	573999	-14.423974	4.965441	-1.6674783	-25.957811	14.424091	0.006545186	47381.27055478096
288	-161.935	8.684998	-153.25	-170.62	1000.0	575999	-14.416397	4.9609947	-1.61788	-25.949581	14.416332	0.006344104	47420.691702365875
289	-135.525	9.624996	-125.9	-145.15	1000.0	577999	-14.419566	4.964053	-1.4550953	-25.972115	14.41992	0.007514991	47467.66899061203
290	-141.045	11.044998	-130.0	-152.09	1000.0	579999	-14.417721	4.957571	-1.5111039	-25.91839	14.41752	0.0051881364	47516.92211174965
291	-109.91	20.300003	-89.61	-130.21	969.0	581999	-14.415752	4.9407883	-1.5116062	-25.966263	14.416326	0.0071079587	47843.11681962013
292	-150.36	13.660004	-136.7	-164.02	1000.0	583999	-14.427222	4.94621	-1.4861711	-25.94984	14.427677	0.005000677	47882.93499708176
293	-92.03	75.74	-16.29	-167.77	618.0	585999	-14.438276	4.957838	-1.4818827	-26.130732	14.43832	0.0074244337	48062.10080075264
294	-144.515	3.4850006	-141.03	-148.0	1000.0	587999	-14.442706	4.9438643	-1.4176642	-25.908127	14.442724	0.0056276387	48101.53480243683
295	-179.94	12.290001	-167.65	-192.23	1000.0	589999	-14.446514	4.9405456	-1.4627689	-25.90792	14.446518	0.0071542645	48141.26026201248
296	-145.185	24.895	-120.29	-170.08	1000.0	591999	-14.464658	4.9449053	-1.4031186	-25.93063	14.465317	0.005199108	48181.22015976906
297	-162.11	37.98	-124.13	-200.09	1000.0	593999	-14.453699	4.9455566	-1.382469	-25.924217	14.453649	0.0055177305	48221.00630235672
298	-65.793335	51.24486	-19.74	-137.28	640.3333	595999	-14.438255	4.960361	-1.455529	-26.049307	14.438268	0.00692718	48881.47196102142
299	-180.315	10.044998	-170.27	-190.36	1000.0	597999	-14.435825	4.9527493	-1.4907541	-25.934525	14.436312	0.007276354	48922.33970737457
300	-159.615	36.215	-123.4	-195.83	1000.0	599999	-14.453824	4.964992	-1.4959762	-25.945295	14.453809	0.008695312	48961.938613176346
301	-94.743324	48.9329	-26.05	-136.34	787.3333	601999	-14.451963	4.9611096	-1.5668464	-25.90382	14.452371	0.004513169	49225.27978014946
302	-159.06	25.599998	-133.46	-184.66	1000.0	603999	-14.449264	4.956479	-1.5398211	-25.868704	14.449495	0.007472254	49273.61894130707
303	-118.15	9.010002	-109.14	-127.16	1000.0	605999	-14.465307	4.9534473	-1.530575	-25.91866	14.46545	0.007089218	49313.82164812088
304	-167.79001	16.599998	-151.19	-184.39	1000.0	607999	-14.471791	4.946004	-1.5264599	-25.869617	14.472397	0.006482621	49354.50909972191
305	-108.16333	60.850723	-24.02	-165.86	772.0	609999	-14.45252	4.9586463	-1.5414548	-25.892776	14.45274	0.0075747594	49503.83954167366
306	-153.88	24.25	-129.63	-178.13	1000.0	611999	-14.461211	4.9415364	-1.5872927	-25.871527	14.46164	0.0054068174	49544.941875219345
307	-131.9	12.029995	-119.87	-143.93	1000.0	613999	-14.471028	4.932083	-1.5308561	-25.879707	14.471131	0.0050631166	49584.065522909164
308	-104.365	31.335	-73.03	-135.7	877.5	615999	-14.452959	4.932378	-1.5565507	-25.894695	14.453056	0.0073764706	49698.47174549103
309	-125.729996	39.059998	-86.67	-164.79	945.5	617999	-14.45163	4.9367213	-1.5562495	-25.900822	14.452013	0.0066511473	50009.05857825279
310	-66.19333	63.646908	-17.87	-156.12	558.3333	619999	-14.4480915	4.934289	-1.5490983	-25.878124	14.448348	0.0062408284	50472.2953953743
311	-137.665	11.814999	-125.85	-149.48	1000.0	621999	-14.445389	4.922899	-1.5236287	-25.847342	14.445293	0.0065046856	50518.59699344635
312	-137.225	6.204994	-131.02	-143.43	1000.0	623999	-14.444182	4.924452	-1.4641085	-26.006174	14.444217	0.006036421	50560.223061561584
313	-141.205	37.185	-104.02	-178.39	1000.0	625999	-14.447192	4.9168835	-1.5153883	-25.863422	14.447228	0.0073402137	50643.8279838562
314	-110.32	58.246437	-29.32	-163.79	810.3333	627999	-14.434189	4.9308314	-1.472571	-25.89125	14.434473	0.005989273	50934.47875881195
315	-162.28	3.9799957	-158.3	-166.26	1000.0	629999	-14.449596	4.9187465	-1.5287182	-25.9895	14.45002	0.0071289344	50974.155248880386
316	-140.495	16.865002	-123.63	-157.36	1000.0	631999	-14.461568	4.9212594	-1.4683932	-25.805655	14.461607	0.006723917	51014.266397714615
317	-89.81333	47.93474	-29.34	-146.58	795.0	633999	-14.4409	4.9250526	-1.4776374	-25.878801	14.441431	0.007019924	51167.58382105827
318	-98.774994	72.875	-25.9	-171.65	665.5	635999	-14.464549	4.9204793	-1.4914439	-25.838173	14.464879	0.0069181863	51274.8693523407
319	-170.005	15.184998	-154.82	-185.19	1000.0	637999	-14.450795	4.91057	-1.5361226	-25.883995	14.45098	0.006538308	51316.62584424019
320	-143.1	9.25	-133.85	-152.35	1000.0	639999	-14.465032	4.910927	-1.5616862	-25.820911	14.465181	0.0057157604	51356.57244634628
321	-108.215	22.814999	-85.4	-131.03	1000.0	641999	-14.434977	4.921551	-1.5473866	-25.846373	14.435275	0.006678937	51397.59403729439
322	-123.520004	17.539997	-105.98	-141.06	1000.0	643999	-14.422909	4.922733	-1.5353206	-25.88708	14.423635	0.009271625	51438.209877729416
323	-151.85	6.1500015	-145.7	-158.0	1000.0	645999	-14.469966	4.9075603	-1.5027113	-25.889692	14.469954	0.006605804	51477.54917407036
324	-105.77334	59.463955	-23.22	-160.93	806.3333	647999	-14.44744	4.9102526	-1.5342722	-25.923721	14.44815	0.004742427	51825.77004981041
325	-139.42	53.88	-85.54	-193.3	942.0	649999	-14.450981	4.923584	-1.4388032	-25.956276	14.451271	0.008139155	52065.87184715271
326	-102.66	13.700001	-88.96	-116.36	1000.0	651999	-14.423067	4.9254766	-1.4839482	-25.859753	14.423412	0.008022411	52105.07970356941
327	-134.155	1.2350006	-132.92	-135.39	1000.0	653999	-14.448045	4.9020767	-1.5756258	-26.032043	14.44841	0.007076352	52144.506269693375
328	-104.67667	59.014103	-21.22	-146.89	794.0	655999	-14.444138	4.90333	-1.5394943	-25.909107	14.444569	0.0042177523	52409.579441547394
329	-75.636665	65.354645	-22.62	-167.71	607.6667	657999	-14.416136	4.909335	-1.5774908	-25.879465	14.416032	0.005611815	52835.104373931885
330	-56.72333	52.115765	-19.05	-130.42	548.6667	659999	-14.423823	4.915898	-1.644402	-25.865187	14.42428	0.0056499317	53258.22311592102
331	-138.67	6.830002	-131.84	-145.5	1000.0	661999	-14.415184	4.9129453	-1.6632528	-25.869675	14.415534	0.0062515447	53298.05950021744
332	-107.57333	63.99967	-28.78	-185.54	814.3333	663999	-14.422792	4.9137177	-1.587614	-25.878038	14.423107	0.007844774	53590.62270784378
333	-119.205	8.505001	-110.7	-127.71	1000.0	665999	-14.410351	4.9264603	-1.5777962	-25.941263	14.410266	0.0072223665	53630.26926994324
334	-119.82001	5.09	-114.73	-124.91	1000.0	667999	-14.392085	4.922223	-1.5083647	-25.905561	14.3919735	0.0057663205	53763.70729470253
335	-104.32	86.45	-17.87	-190.77	631.5	669999	-14.376388	4.905792	-1.6349385	-25.861094	14.376716	0.006128337	53868.25331759453
336	-164.35	7.8600006	-156.49	-172.21	1000.0	671999	-14.390573	4.905156	-1.5999123	-25.858011	14.390834	0.005089506	53907.86988353729
337	-119.65333	28.187937	-80.1	-143.73	946.6667	673999	-14.4049225	4.895847	-1.7007699	-25.870531	14.405026	0.007013074	54226.99370312691
338	-159.67499	14.254997	-145.42	-173.93	1000.0	675999	-14.403997	4.897342	-1.6341223	-25.855421	14.404248	0.007123126	54266.58671402931
339	-135.93001	20.810001	-115.12	-156.74	1000.0	677999	-14.399242	4.891188	-1.6033278	-25.825424	14.399627	0.005202816	54306.4469537735
340	-159.81	11.520004	-148.29	-171.33	1000.0	679999	-14.425811	4.882317	-1.6140825	-25.815304	14.42644	0.00476882	54345.812187194824
341	-83.8	59.59	-24.21	-143.39	666.5	681999	-14.403045	4.886636	-1.6680433	-25.848885	14.40324	0.006367008	54549.00720667839
342	-93.7	7.799999	-85.9	-101.5	1000.0	683999	-14.423493	4.8740444	-1.680924	-25.816153	14.42378	0.0048043937	54588.86985731125
343	-73.5825	51.20709	-21.97	-130.72	659.75	685999	-14.389978	4.893772	-1.707835	-25.786419	14.390109	0.0053180517	54876.86389350891
344	-73.525	49.875	-23.65	-123.4	686.0	687999	-14.397256	4.8654714	-1.689791	-25.84517	14.397457	0.0064387806	55046.87140870094
345	-162.01	34.329998	-127.68	-196.34	1000.0	689999	-14.383351	4.8723936	-1.6617056	-25.800404	14.383754	0.0060643186	55086.81527209282
346	-108.85667	62.682167	-20.3	-156.58	765.3333	691999	-14.38103	4.8875465	-1.642112	-25.694633	14.381106	0.006191267	55270.44146037102
347	-103.869995	55.13573	-27.28	-154.83	794.3333	693999	-14.396542	4.872973	-1.7218754	-25.81483	14.397121	0.0076662903	55386.42037200928
348	-147.69	28.470001	-119.22	-176.16	1000.0	695999	-14.406615	4.881625	-1.7542882	-25.82803	14.406643	0.006732406	55428.45020151138
349	-111.675	89.145004	-22.53	-200.82	670.0	697999	-14.391928	4.877296	-1.8066833	-27.37859	14.392406	0.008118318	55718.768746614456
350	-144.91501	52.775	-92.14	-197.69	969.5	699999	-14.422973	4.871424	-1.8441834	-25.796831	14.423778	0.0056845285	56126.46894788742
351	-180.65	13.170006	-167.48	-193.82	1000.0	701999	-14.40599	4.8873105	-1.7267118	-25.741667	14.406344	0.006731269	56167.503907203674
352	-86.26666	40.531853	-29.57	-121.92	793.0	703999	-14.396813	4.9039545	-1.6788495	-25.85451	14.397344	0.0057455623	56366.4102473259
353	-132.92499	17.585	-115.34	-150.51	1000.0	705999	-14.412056	4.8844633	-1.7644235	-25.899359	14.4126425	0.0063022347	56411.012677669525
