Epoch	AverageEpRet	StdEpRet	MaxEpRet	MinEpRet	EpLen	TotalEnvInteracts	AverageQVals	StdQVals	MaxQVals	MinQVals	LossPi	LossQ	Time
1	-103.10934	12.355826	-92.53	-120.443	1000.0	2999	1.1458627	0.574577	2.346219	0.20747736	-1.1460187	0.0002467283	63.65596008300781
2	-99.64468	5.319473	-92.123	-103.522	1000.0	5999	-0.35573408	0.4610658	0.81266636	-1.2358662	0.3557451	5.7679576e-05	140.24343848228455
3	-95.28167	4.304481	-91.02	-101.177	1000.0	8999	-1.7369183	0.3760085	-0.90759623	-2.7018032	1.7367756	8.014273e-05	230.153333902359
4	-111.783	33.72588	-72.507	-154.856	1000.0	11999	-2.8620734	0.3965308	-1.6536295	-3.9919817	2.8619652	9.650576e-05	1472.2404308319092
5	-140.29199	27.299059	-109.745	-176.011	1000.0	14999	-3.7908614	0.5182422	-2.3404438	-5.5306196	3.790856	0.00014108763	1531.75177693367
6	-144.26334	26.493616	-107.011	-166.363	1000.0	17999	-4.843461	0.7527684	-2.940514	-7.7890406	4.843982	0.00026268486	1592.5497844219208
7	-90.3143	70.173294	-21.106857	-187.563	684.5	20999	-5.850411	1.1324857	-3.3890975	-9.707167	5.850173	0.001381601	2051.667345762253
8	-78.75534	20.375492	-61.428	-107.358	1000.0	23999	-6.4524083	1.4961298	-1.7880667	-11.148261	6.4417634	0.0024235917	4218.340220451355
9	-105.622505	64.02865	-27.204496	-184.042	821.0	26999	-6.7397594	1.7834727	-2.3113961	-12.374867	6.7303543	0.0024895887	5488.069019317627
10	-145.03534	41.27279	-86.848	-178.109	1000.0	29999	-7.1694403	1.9675115	-2.6394768	-13.50235	7.1609244	0.002311118	5828.960347652435
11	-147.658	20.254805	-119.05	-163.216	1000.0	32999	-7.7675166	2.0938928	-3.0658026	-14.339374	7.7596526	0.0028646174	5888.924674987793
12	-84.29675	58.67298	-12.009323	-151.376	709.2	35999	-8.246542	2.301497	-3.2230618	-14.965986	8.239639	0.004027462	6321.959496021271
13	-150.641	45.406048	-87.26	-191.259	1000.0	38999	-8.6535	2.4647858	-3.3965628	-15.899651	8.647227	0.0034230028	6383.4717400074005
14	-147.28667	39.592075	-92.556	-184.885	1000.0	41999	-9.09926	2.660609	-3.4270496	-17.158543	9.093325	0.0034051605	6446.874211549759
15	-144.69667	45.829365	-81.46	-188.617	1000.0	44999	-9.47301	2.862469	-3.2303245	-18.413033	9.468257	0.003729357	6725.72212433815
16	-75.39733	41.177193	-17.568985	-110.249	781.0	47999	-9.7711525	3.0750887	-3.0372245	-19.416603	9.766107	0.0040502166	6917.668361663818
17	-61.808044	53.039326	-8.999541	-163.386	647.8333	50999	-9.959	3.2154717	-3.0690122	-19.999289	9.948066	0.0035668844	8529.78783082962
18	-108.194664	25.240032	-78.206	-139.955	1000.0	53999	-9.997516	3.3201978	-2.9211907	-20.212734	9.985183	0.005827387	8592.00894498825
19	-80.742	7.4914093	-70.17	-86.625	1000.0	56999	-10.057625	3.3780844	-3.0265765	-20.497524	10.046483	0.004975787	9789.227402687073
20	-58.09993	42.637325	-9.458787	-109.742	631.75	59999	-10.094613	3.4079578	-2.9413457	-20.662415	10.082804	0.004242927	10185.694912195206
21	-80.07946	38.981777	-16.167843	-114.981	812.75	62999	-10.150752	3.428331	-2.7369058	-20.961052	10.139256	0.0045082574	11469.058026313782
22	-39.99793	32.24028	-11.592224	-89.283	541.0	65999	-10.116798	3.480336	-2.4484537	-21.122387	10.104558	0.0070105377	12658.056779146194
23	-59.154663	45.20683	-15.028332	-129.554	680.25	68999	-10.091996	3.5317464	-2.5507698	-21.280827	10.077503	0.007872326	15184.198615550995
24	-51.250256	24.80749	-13.431493	-77.36	753.8	71999	-9.935121	3.569825	-2.4323585	-21.382343	9.916663	0.00907348	18184.941772937775
25	-37.534817	32.13412	-8.4734955	-95.079	506.33334	74999	-9.756485	3.565415	-2.371487	-21.282682	9.735444	0.008135016	19892.396171092987
26	-69.37867	14.063817	-52.614	-87.029	1000.0	77999	-9.541608	3.5706205	-2.1055317	-21.431107	9.520289	0.008710795	22810.202490091324
27	-35.51081	23.695953	-6.175149	-69.78	585.2	80999	-9.355558	3.592727	-2.0782022	-21.513304	9.33613	0.008481611	24498.904470682144
28	-26.688812	19.172531	-12.741816	-68.416	428.33334	83999	-9.163845	3.611731	-1.8736453	-21.651869	9.14282	0.009207792	26980.62112569809
29	-59.687305	26.675833	-16.448233	-89.057	807.75	86999	-8.962799	3.6248405	-1.8167832	-21.749716	8.939979	0.011156775	28955.774617910385
30	-47.340183	20.284761	-23.202108	-70.141	733.25	89999	-8.76534	3.6421669	-1.5108304	-21.917234	8.74376	0.009576731	31534.97172188759
31	-43.152206	19.916014	-22.221968	-74.982	751.75	92999	-8.55702	3.6486926	-1.4548074	-21.91597	8.531791	0.010854041	33170.46961545944
32	-63.107677	28.3969	-15.585712	-90.819	807.25	95999	-8.36638	3.6553888	-1.6681987	-21.827362	8.342415	0.008009684	34340.46598100662
33	-36.916035	23.64666	-11.647779	-68.352	578.8	98999	-8.242156	3.6314855	-1.4397415	-21.952478	8.221366	0.008748626	35892.798025131226
34	-52.21678	11.451292	-36.252346	-62.555	867.0	101999	-8.112326	3.6028461	-1.3282081	-22.013178	8.09274	0.009253704	38291.29188537598
35	-31.004028	27.572788	-8.627498	-78.162	461.0	104999	-8.027375	3.605233	-1.3584492	-22.114204	8.00847	0.007555573	40538.335753917694
36	-25.124693	15.016387	-15.170001	-61.06	442.42856	107999	-7.917121	3.611639	-1.3105237	-22.077448	7.8978043	0.0093083875	42783.20238876343
37	-44.113834	19.963856	-19.998882	-65.435	721.0	110999	-7.787505	3.6196752	-1.2276472	-22.193003	7.768525	0.008774991	45701.32949399948
38	-58.0089	19.69904	-24.221601	-72.766	849.0	113999	-7.686157	3.603706	-1.286396	-22.09496	7.665956	0.008784471	48847.2716088295
39	-34.286404	18.146093	-13.259544	-62.796	584.75	116999	-7.5796676	3.5707247	-1.1128762	-22.067305	7.5605817	0.007839014	51608.056391239166
40	-40.67869	27.206964	-8.978599	-71.482	610.3333	119999	-7.500011	3.54869	-1.1730051	-22.136162	7.480364	0.008831504	53987.67098784447
41	-52.01739	21.317625	-22.150177	-70.504	800.0	122999	-7.389727	3.5097954	-1.0739176	-22.083504	7.3703537	0.008122114	56862.031795978546
42	-51.025288	25.58888	-6.8441534	-69.072	790.5	125999	-7.282343	3.4898336	-1.0188681	-22.087202	7.2635665	0.008182348	59757.71885418892
43	-41.744194	17.65422	-20.823542	-61.883	675.0	128999	-7.221536	3.4632623	-1.0128764	-22.05918	7.2038016	0.008350409	62275.81645965576
44	-50.33347	20.33256	-21.681974	-71.03	753.5	131999	-7.176033	3.426076	-1.0483364	-22.072886	7.1583667	0.008645019	64882.71527218819
45	-27.927277	17.445137	-6.112127	-59.632	481.0	134999	-7.124891	3.407709	-0.99162817	-22.02521	7.1082973	0.0081297625	67437.87091445923
46	-50.886604	17.370228	-21.269419	-65.497	841.75	137999	-7.054693	3.3977418	-1.006662	-22.14414	7.0375724	0.0067974217	70246.12212991714
47	-64.70467	3.630296	-60.381	-69.264	1000.0	140999	-7.0005445	3.366587	-0.9955296	-22.192213	6.98502	0.006804751	73235.00174975395
48	-53.901928	26.21373	-17.094782	-76.135	767.6667	143999	-7.0009127	3.354431	-0.99121326	-22.199614	6.985541	0.0076211453	76480.37305569649
49	-49.452423	15.274838	-31.938126	-66.556	786.5	146999	-6.9596915	3.3231225	-0.9934652	-22.224476	6.944205	0.008206641	78961.80951666832
50	-47.237335	22.130615	-13.522286	-70.776	755.8	149999	-6.9048467	3.3195546	-0.97742164	-22.324623	6.88724	0.008529256	81656.41882801056
51	-16.902561	6.4762917	-8.907553	-27.846827	261.18182	152999	-6.828595	3.3046885	-0.73777586	-22.198772	6.808647	0.0073470026	82696.177464962
52	-21.806969	15.58986	-8.527349	-63.707	352.55554	155999	-6.671272	3.301317	-0.5633052	-22.054657	6.642699	0.007866243	84740.68087005615
53	-11.06636	3.056978	-6.6667233	-16.118574	193.73334	158999	-6.465037	3.311238	-0.25138736	-21.95595	6.4363823	0.008185709	85797.58942389488
54	-11.489587	3.4816334	-4.447433	-17.76463	198.61539	161999	-6.2238803	3.3301167	-0.2775268	-21.629065	6.188086	0.009089103	87079.7336268425
55	-20.399303	16.782196	-7.64036	-68.049	315.54544	164999	-5.9717765	3.414533	-0.24456218	-21.739143	5.939849	0.0067300242	88732.51784205437
56	-28.457928	30.324163	-7.857431	-92.478	414.85715	167999	-5.8103766	3.5334694	-0.22668874	-22.231836	5.7799106	0.007132163	91249.09683537483
57	-22.377567	22.529753	-10.396646	-89.179	314.1	170999	-5.7024307	3.5955822	-0.19429412	-22.376019	5.6748214	0.006546689	93025.06588554382
58	-40.00403	27.519926	-10.617443	-76.286	568.8	173999	-5.6208863	3.6411817	-0.41861686	-22.52403	5.593329	0.006878318	95792.33284378052
59	-25.40158	23.53141	-12.144845	-91.265	328.55554	176999	-5.54372	3.6069093	-0.52521086	-22.42075	5.5176244	0.006716266	97451.80657696724
60	-31.734251	27.196728	-10.920677	-90.33	456.7143	179999	-5.5179553	3.5970085	-0.39856318	-22.569525	5.4925175	0.0071184286	100005.75434541702
61	-13.264364	6.1002936	-5.9855275	-25.793123	206.92857	182999	-5.466035	3.5693054	-0.39305627	-22.84686	5.443339	0.0065988624	101094.33793449402
62	-18.394604	19.057463	-5.222826	-74.172	273.5	185999	-5.485785	3.5491998	-0.5600048	-22.98935	5.464429	0.0070266067	102811.08060789108
63	-17.314552	13.443828	-4.8379765	-58.477	279.41666	188999	-5.4877124	3.5163903	-0.508174	-22.948362	5.464953	0.0075781452	104327.78866505623
64	-12.755556	5.8504653	-4.550429	-22.218884	204.61539	191999	-5.4454136	3.4807985	-0.53360873	-22.821161	5.4224424	0.0065905103	105484.8258368969
65	-47.41717	67.95397	-7.745761	-214.881	406.125	194999	-5.452614	3.471711	-0.49283496	-23.165731	5.4301724	0.007380744	106847.75410079956
66	-19.537474	18.072994	-8.145503	-69.138	300.44446	197999	-5.481471	3.5574408	-0.43427247	-23.970785	5.4566884	0.008753046	108721.07404184341
67	-16.068678	10.111818	-6.188487	-45.747	291.72726	200999	-5.392202	3.540683	-0.4789064	-24.387415	5.36607	0.008863381	110378.24841833115
68	-12.467247	6.6450706	-5.020806	-29.922375	226.5	203999	-5.3171096	3.5452223	-0.4790396	-24.828745	5.2916694	0.008567173	112030.90247368813
69	-14.6557045	6.592707	-6.1030846	-31.343979	266.0	206999	-5.2189436	3.5471268	-0.349306	-25.13892	5.191508	0.008136719	113770.83893537521
70	-15.150406	5.8587246	-4.645904	-21.251717	239.3077	209999	-5.1266203	3.5304074	-0.2673455	-25.49088	5.09882	0.00706839	114940.67272615433
71	-16.468397	8.534966	-5.43682	-38.448124	268.63635	212999	-5.0346923	3.5075505	-0.23815502	-25.668262	5.008254	0.007197124	116576.3178563118
72	-15.758429	4.073477	-8.146681	-23.012878	269.0909	215999	-4.9766912	3.489261	-0.07022433	-25.74836	4.9510255	0.00672848	118038.66922688484
73	-14.806433	8.549479	-5.1630883	-29.064053	274.72726	218999	-4.9308453	3.4979289	-0.040632218	-25.830736	4.905412	0.007017306	119906.82263684273
74	-15.317449	3.5309663	-10.326202	-22.88547	239.33333	221999	-4.893379	3.4737997	0.027787253	-25.952076	4.868235	0.006150266	120944.80395078659
75	-16.641455	8.31581	-3.3100066	-32.682552	289.7	224999	-4.838688	3.4571922	0.007232204	-25.943256	4.813467	0.007199284	122656.14750599861
76	-20.540365	13.111777	-5.6202006	-48.33	378.2857	227999	-4.7917485	3.4407706	0.0474398	-25.92346	4.7668505	0.006546019	124939.35063195229
77	-16.419615	12.888002	-6.789333	-58.089	274.53845	230999	-4.7418213	3.4300175	-0.0859772	-25.906305	4.7169795	0.0062088314	126276.06870341301
78	-12.055225	4.732	-4.7167416	-22.266754	198.06667	233999	-4.6977043	3.4305885	-0.025662541	-25.930977	4.6724954	0.0062267366	127202.45333170891
79	-15.158849	5.8488703	-6.0316157	-24.981113	236.38461	236999	-4.6723304	3.4145598	-0.018300027	-26.027437	4.6491947	0.006072764	128124.19668602943
80	-16.878008	4.700368	-7.557349	-26.516512	264.63635	239999	-4.65465	3.3922477	-0.0032450259	-26.017666	4.6319947	0.0059246416	129163.9562933445
81	-16.784857	9.488371	-7.379682	-39.712	303.9	242999	-4.654149	3.3875015	0.02987513	-26.085413	4.6315393	0.0064393533	130902.16034436226
82	-13.1073475	2.119787	-9.626392	-16.712923	206.92857	245999	-4.6346097	3.398763	0.052839562	-26.039753	4.6122537	0.005983512	131882.20377516747
83	-13.96247	4.358373	-5.8361135	-22.939604	220.35715	248999	-4.5969706	3.373649	0.09670895	-25.959267	4.573966	0.0055304766	132843.30535125732
84	-16.422808	12.209503	-6.6517453	-47.251	301.0	251999	-4.587683	3.3892539	0.108539104	-25.985098	4.5645733	0.005701015	134778.89132761955
85	-13.663741	6.7718096	-6.2096534	-30.991905	234.6923	254999	-4.5503616	3.3733358	0.09661567	-26.078205	4.527805	0.005724713	136106.7490530014
86	-13.516273	4.757985	-6.24018	-22.75969	215.42857	257999	-4.5366893	3.3880503	0.13074972	-26.042265	4.515136	0.0054038493	137023.49561810493
87	-12.399496	4.733827	-6.116294	-21.535938	195.35715	260999	-4.517169	3.3636663	0.1536308	-25.998644	4.4956956	0.0059953765	137881.05415320396
88	-13.227747	4.398874	-7.885086	-21.898987	210.0	263999	-4.5068574	3.3398147	0.13642265	-25.912458	4.4854064	0.0050541973	138827.31283521652
89	-14.04943	4.6671853	-4.5989804	-21.42747	219.23077	266999	-4.4970317	3.3396282	0.11609778	-25.856365	4.4755726	0.0052586184	139737.69402718544
90	-18.002174	6.166112	-7.4033265	-29.194283	271.0	269999	-4.470593	3.3215425	0.047880113	-25.825989	4.44847	0.0056347847	141026.7621421814
91	-15.760455	4.203877	-8.753837	-23.730017	238.41667	272999	-4.4449983	3.2841256	0.035577774	-25.842014	4.424007	0.005790531	141817.50103259087
92	-16.11868	7.1177955	-5.055731	-29.488142	241.46153	275999	-4.438096	3.2943275	0.11104496	-25.94865	4.416193	0.005924888	142738.9793498516
93	-15.98367	9.001316	-6.983468	-37.965	288.8	278999	-4.409315	3.273761	0.11738853	-26.024221	4.3888583	0.005472058	144508.86908006668
94	-18.9668	10.504488	-6.477935	-40.695	342.77777	281999	-4.3919272	3.2714317	0.15053582	-26.017262	4.3711696	0.0052978517	146692.80783438683
95	-13.614591	5.0286064	-4.8813777	-20.963434	217.57143	284999	-4.3855705	3.2651572	0.11805266	-26.04093	4.3649955	0.005179168	147711.21595168114
96	-13.099359	5.849939	-4.7228003	-26.050745	212.57143	287999	-4.363382	3.2618566	0.09397814	-25.855864	4.3425612	0.005929247	148884.74532914162
97	-15.865207	5.7473793	-4.223108	-25.183662	249.41667	290999	-4.345236	3.2433538	0.14182441	-25.863884	4.325042	0.005061103	149861.87092614174
98	-14.408431	4.4136124	-8.893488	-23.194004	226.6923	293999	-4.3471146	3.2469966	0.14707376	-25.898438	4.3277903	0.0055193333	150912.87360978127
99	-14.386989	4.836809	-7.920008	-23.220543	233.0	296999	-4.345746	3.2308404	0.17556518	-26.035883	4.3266726	0.0058157025	151753.70128273964
100	-13.39895	5.5153117	-3.0085208	-26.246712	218.92308	299999	-4.3503823	3.2270129	0.12386769	-26.109318	4.331419	0.005267278	152757.28504276276
101	-16.30997	9.497378	-5.6929255	-39.845	297.8	302999	-4.346442	3.2375624	0.18766877	-26.047232	4.3276935	0.005636152	154410.8729507923
102	-22.525715	12.788099	-7.749764	-56.03	353.55554	305999	-4.3385153	3.2169447	0.14685363	-26.071444	4.319874	0.0064504296	156320.72642803192
103	-15.764086	5.4155846	-8.765892	-27.074636	270.625	308999	-4.3384666	3.2183707	0.07649693	-25.980646	4.3204174	0.0057353918	158686.24500274658
104	-20.78405	14.030656	-7.4302797	-46.022	428.125	311999	-4.334241	3.2431726	0.016349673	-25.960016	4.3154297	0.006195433	160890.0516629219
105	-15.660534	8.622098	-3.6576078	-39.911915	255.15384	314999	-4.3093286	3.215929	0.11999068	-25.991884	4.291334	0.0059593036	162047.27112579346
106	-14.432399	4.502069	-5.674475	-21.850643	229.53847	317999	-4.316855	3.2272446	0.05323872	-25.979116	4.2982244	0.005760023	163088.17466425896
107	-19.597513	9.794931	-9.339709	-44.219	345.55554	320999	-4.304028	3.2200449	0.12398955	-25.92671	4.2858095	0.006349619	164850.64717817307
108	-13.936915	6.3148556	-5.6928344	-31.016533	223.07692	323999	-4.299564	3.2278628	0.15122646	-25.957388	4.282709	0.0062468904	165910.6629304886
109	-13.924943	5.8771806	-6.4999514	-27.262878	226.41667	326999	-4.3070064	3.2440376	0.22487378	-25.929632	4.289766	0.005743551	167035.89105153084
110	-16.102854	5.6620746	-9.479511	-29.542711	258.84616	329999	-4.3038797	3.23532	0.2210842	-26.001968	4.2857842	0.006201353	167971.0296704769
111	-14.883934	5.1656466	-6.523702	-22.868526	236.66667	332999	-4.3022614	3.2600174	0.35345286	-26.102226	4.2854958	0.00598757	168952.0524289608
112	-19.776257	3.3836708	-14.587312	-24.364168	317.875	335999	-4.29496	3.241163	0.26142582	-26.215693	4.2778816	0.0062242835	170707.03679442406
113	-17.727665	8.4547205	-8.58372	-40.114	299.25	338999	-4.294831	3.2631428	0.28423354	-26.318588	4.2784495	0.00581699	171766.70118021965
114	-15.751609	6.529515	-5.6418724	-25.77294	252.5	341999	-4.2826767	3.2481112	0.24693236	-26.3277	4.26534	0.0063475035	173021.68478894234
115	-14.5034075	5.8459873	-7.775351	-28.395021	232.92308	344999	-4.2724957	3.263616	0.25053367	-26.289762	4.254665	0.006199768	174154.34628987312
116	-13.52124	4.1564417	-7.2350593	-24.21738	232.3077	347999	-4.2498794	3.2557354	0.23688817	-26.388956	4.232986	0.0060477722	175352.77039432526
117	-15.398334	7.517967	-8.314387	-38.639385	240.91667	350999	-4.2499676	3.2597542	0.2961735	-26.325487	4.233732	0.0059729954	176387.44363212585
118	-15.251966	4.57364	-7.8511815	-21.241043	236.61539	353999	-4.2424116	3.2357461	0.26965505	-26.39002	4.2256584	0.006077902	177336.3879649639
119	-16.573174	4.5490985	-7.293099	-21.767254	269.27274	356999	-4.2258425	3.218519	0.26354948	-26.491194	4.208668	0.0060493783	178585.26891827583
120	-13.69585	5.5565114	-5.8830485	-25.644182	228.92308	359999	-4.2133803	3.2151256	0.38402462	-26.560923	4.1967506	0.0059544034	179794.62648749352
121	-16.254892	5.749429	-9.1158495	-26.407103	269.18182	362999	-4.2110434	3.2180178	0.34474325	-26.49445	4.1946135	0.0057162168	181287.8970901966
122	-13.885269	3.450079	-8.535006	-18.697933	221.35715	365999	-4.2042956	3.22209	0.31939334	-26.471367	4.1878676	0.0057479846	182215.46214962006
123	-14.806258	6.206118	-7.3649235	-29.67346	249.0	368999	-4.1896324	3.2085607	0.37434745	-26.540699	4.173573	0.0056903306	183373.6971001625
124	-13.293057	6.100718	-5.413832	-26.418432	212.14285	371999	-4.1913404	3.2008748	0.36922798	-26.663498	4.1758842	0.0060828608	184375.0067398548
125	-15.073467	5.6936226	-7.0308895	-29.203074	243.25	374999	-4.192622	3.2108736	0.36685508	-26.709185	4.1768274	0.006199868	185559.4666287899
126	-33.655605	9.889019	-18.140219	-42.577	758.75	377999	-4.1834006	3.2103662	0.4083675	-26.78729	4.1673098	0.005721505	187965.0005788803
127	-17.53563	13.931074	-6.3681326	-57.689	284.8	380999	-4.1605563	3.1840675	0.42106596	-26.93214	4.1450768	0.0056525446	189615.60804486275
128	-17.74775	7.5143166	-6.561972	-33.701237	271.0	383999	-4.16083	3.1829875	0.39575034	-27.033451	4.145129	0.006088205	190834.218064785
129	-19.89267	12.770604	-9.847291	-42.635	352.5	386999	-4.1644187	3.1798544	0.35559517	-27.205208	4.1491623	0.0057327044	192922.61759233475
130	-13.209695	4.7763324	-5.365215	-21.380669	207.86667	389999	-4.1655784	3.180127	0.35118407	-27.432573	4.1510463	0.006392712	193725.80651330948
131	-15.963973	5.5145655	-5.9275956	-24.789309	253.91667	392999	-4.1614614	3.1621718	0.2963799	-27.524214	4.147023	0.0061048972	194905.98325705528
132	-15.770669	4.234973	-10.310376	-26.589542	245.83333	395999	-4.1588373	3.1507874	0.25844207	-27.554523	4.144719	0.005600283	195848.01515626907
133	-15.29202	4.147891	-6.678233	-22.765778	247.83333	398999	-4.1663485	3.1494298	0.3928139	-27.641232	4.150826	0.0058700033	196856.4521944523
134	-15.083673	7.9180923	-4.767946	-28.221992	241.92308	401999	-4.1645713	3.1676898	0.41281646	-27.789528	4.1498675	0.0061610397	198060.77880620956
135	-15.761028	6.2621713	-4.8722634	-27.56088	236.5	404999	-4.155283	3.1643794	0.29422972	-27.763834	4.140543	0.005974779	198961.25013804436
136	-15.472714	9.32091	-7.930672	-38.129	288.6	407999	-4.158485	3.1737006	0.26293966	-27.809025	4.1439776	0.0059990804	200956.9701974392
137	-17.367796	7.0356393	-7.105405	-28.865894	269.6	410999	-4.144086	3.165225	0.33603135	-27.841232	4.1298995	0.006247611	202484.01566696167
138	-15.777055	10.058166	-6.6258955	-44.015	295.0	413999	-4.1408715	3.163148	0.3112648	-27.699123	4.126671	0.005634411	204194.94858145714
139	-16.438433	6.0234437	-5.600239	-25.580854	252.53847	416999	-4.1460886	3.1613839	0.2948654	-27.792747	4.132279	0.0060926983	205170.76742219925
140	-14.870552	5.295462	-6.898803	-25.801268	238.0	419999	-4.1488085	3.1586654	0.2828184	-28.051243	4.135335	0.0060265064	206007.47134518623
141	-13.848657	10.483705	-5.4720755	-45.653	256.16666	422999	-4.1456265	3.1329222	0.21634099	-28.004623	4.131303	0.0061428975	207794.9266166687
142	-13.141433	6.6506977	-4.642985	-31.123486	235.07692	425999	-4.1258183	3.1045647	0.24718887	-27.994732	4.1119633	0.005938668	209161.38879919052
143	-12.692765	5.4624057	-7.038716	-25.0322	209.0	428999	-4.131718	3.1165357	0.19978637	-27.943117	4.1180053	0.005795087	210301.3216600418
144	-15.471309	6.2363057	-6.575051	-28.127651	245.5	431999	-4.124563	3.0913363	0.24078366	-27.838076	4.1110597	0.006139307	211398.74563002586
145	-16.98269	9.388896	-7.4968014	-41.245	299.8	434999	-4.122149	3.0913699	0.17457858	-27.886898	4.108658	0.0056785615	213077.06468701363
146	-14.685642	8.052435	-6.3674245	-30.92085	234.16667	437999	-4.119836	3.0953343	0.15035668	-27.806095	4.1062055	0.0059306286	214520.25607800484
147	-15.557838	8.367875	-6.2031717	-31.201962	268.16666	440999	-4.111678	3.0722377	0.12918782	-27.969091	4.098087	0.0064071007	216085.72441887856
148	-14.325893	4.638679	-7.986464	-23.261442	227.84616	443999	-4.1149154	3.0954015	0.07087076	-28.02976	4.1019173	0.0057121613	216896.53796172142
149	-17.377872	5.7176843	-8.119229	-26.568909	261.5	446999	-4.0993977	3.0707784	0.10620615	-27.99035	4.085634	0.005856279	217938.28831791878
150	-14.750622	4.943582	-6.952662	-24.799786	236.91667	449999	-4.0942807	3.0785723	0.14437589	-28.260551	4.081237	0.0058289175	218968.3198685646
151	-17.356297	6.1657124	-8.17595	-31.945517	259.08334	452999	-4.109021	3.0821192	0.20016193	-28.347935	4.095601	0.0060830456	220110.23716711998
152	-14.784591	5.004152	-6.736394	-24.60068	231.38461	455999	-4.0911794	3.0634315	0.20945105	-28.440353	4.077621	0.0059737903	221090.3661224842
153	-14.020371	6.488726	-4.3370333	-26.96567	222.07143	458999	-4.090676	3.064629	0.28774634	-28.5363	4.0776296	0.0054581547	222252.49181818962
154	-14.931607	3.047494	-9.450664	-21.28757	232.33333	461999	-4.083701	3.0468304	0.22574362	-28.575396	4.070625	0.0062125553	223295.98028564453
155	-13.129923	6.7459984	-4.341607	-29.617867	220.14285	464999	-4.065889	3.0120544	0.57608175	-28.744692	4.052157	0.0054253545	224520.64989972115
156	-14.187977	6.8504696	-6.442561	-30.78819	231.6923	467999	-4.0585217	3.0162106	0.60137725	-28.845057	4.0451546	0.0059824777	225708.3985493183
157	-15.811583	4.14505	-10.836659	-27.119066	238.46153	470999	-4.0515213	3.0022488	0.6426813	-29.031761	4.038334	0.0056305295	226841.12081933022
158	-14.52451	6.2688136	-5.0644393	-25.273737	239.66667	473999	-4.0534306	2.9982593	0.64057165	-29.306505	4.040646	0.0057055745	228087.34249091148
159	-17.614109	5.7052107	-10.132321	-27.160616	304.2	476999	-4.0327845	3.0010397	0.63438976	-29.227549	4.019588	0.005291168	229547.41429662704
160	-13.418259	5.7877765	-7.086772	-26.855278	216.35715	479999	-4.020834	2.9929204	0.61266005	-29.201963	4.0072403	0.005530173	230674.01005601883
161	-18.157475	5.5220704	-8.61517	-27.674984	289.1	482999	-4.01568	2.9971082	0.61060643	-29.2637	4.0020647	0.005416346	231700.74805760384
162	-12.391015	4.567502	-5.2904015	-23.336016	198.2	485999	-3.9954958	2.9805322	0.6225786	-29.23681	3.9821727	0.005165246	232588.4045665264
163	-16.249462	5.301978	-6.227534	-27.08492	249.83333	488999	-4.0057096	2.9993021	0.5955737	-29.305803	3.9920738	0.005217099	233486.2615597248
164	-15.526834	4.7996774	-8.553683	-26.423603	245.41667	491999	-3.9786754	2.9776194	0.59381115	-29.48143	3.965547	0.0052860854	234674.67544341087
165	-15.149901	5.771909	-6.5333924	-23.902786	236.15384	494999	-3.9838245	2.950841	0.5119581	-29.342022	3.9706132	0.004658271	235529.60413336754
166	-16.106287	3.4713182	-11.157036	-24.974487	250.16667	497999	-3.9613092	2.9262035	0.4290343	-29.397617	3.9478886	0.005258661	236469.73901104927
167	-12.265814	4.0598726	-5.045869	-18.838665	200.2	500999	-3.9628794	2.9257305	0.37290847	-29.437462	3.9493399	0.0050941356	237346.06625413895
168	-18.546215	5.0825534	-7.688876	-25.660786	275.72726	503999	-3.9548345	2.9146273	0.34907657	-29.416723	3.9414206	0.005154742	238427.97469949722
169	-14.292273	4.3077116	-4.769254	-22.58325	231.61539	506999	-3.952633	2.9071944	0.34881902	-29.214901	3.9395115	0.0050848345	239519.93047618866
170	-18.039509	7.9863825	-4.4089737	-31.766989	279.18182	509999	-3.9355295	2.8848696	0.33824265	-29.270384	3.9227064	0.005338645	240777.07292175293
171	-14.239768	4.3416896	-7.931037	-23.230162	223.92308	512999	-3.9312665	2.880836	0.33295554	-29.216791	3.9182053	0.0057199816	241695.94442939758
172	-16.919186	5.199574	-9.021157	-28.348026	259.83334	515999	-3.923448	2.8823967	0.3297503	-29.199192	3.9104862	0.005720506	242659.77573633194
173	-16.236343	9.413463	-5.7701964	-39.484	302.0	518999	-3.9322462	2.8848042	0.301118	-29.068373	3.919425	0.0051400294	244402.40217351913
174	-12.920381	5.8015547	-3.9305332	-25.24578	207.64285	521999	-3.9213772	2.865606	0.24682793	-29.109049	3.9082515	0.0051397113	245424.87635302544
175	-16.701765	8.182985	-5.112665	-36.270966	257.0	524999	-3.9162364	2.865006	0.33005336	-28.973911	3.903215	0.005330574	246775.88776993752
176	-17.437248	2.9125922	-11.52785	-22.205845	266.54544	527999	-3.9090075	2.8584204	0.29827765	-28.940643	3.8962703	0.00527978	247675.13011670113
177	-13.017814	4.6004863	-6.516432	-20.93752	213.78572	530999	-3.9154334	2.8507388	0.19514787	-28.80017	3.9024568	0.0053569633	248533.3738219738
178	-13.642634	5.1694303	-5.203107	-23.87796	212.7	533999	-3.8976462	2.8325145	0.22755477	-28.710567	3.8851883	0.00526005	250347.9867222309
179	-16.5286	8.178194	-5.3719654	-40.267	283.35715	536999	-3.9036255	2.8461895	0.21181756	-28.665083	3.8914454	0.0053250664	251291.54907536507
180	-12.8932	11.2234125	-3.665048	-50.07079	225.38461	539999	-3.8969038	2.829725	0.22060472	-28.690487	3.8846238	0.0053233407	253039.31040787697
181	-12.732825	2.7063754	-9.362419	-18.26103	210.5	542999	-3.8907237	2.829519	0.17682883	-28.799686	3.8780851	0.0057462556	254093.98619651794
182	-18.416122	6.8387504	-7.829044	-33.391247	278.36365	545999	-3.896181	2.8468945	0.18778595	-28.774796	3.883677	0.005276375	255185.04508948326
183	-15.795535	7.50813	-5.054463	-33.0751	241.16667	548999	-3.8857381	2.836693	0.27710158	-28.772831	3.8731587	0.0054084715	256429.02195358276
184	-13.532532	4.655323	-3.7651038	-22.570263	220.07143	551999	-3.8818526	2.833859	0.2858138	-28.757597	3.868628	0.005428638	257369.3139412403
185	-13.038085	4.9888115	-5.5899806	-23.109337	202.5	554999	-3.8788893	2.8224642	0.28670394	-28.690964	3.8667629	0.0053924373	258265.75940966606
186	-19.442198	13.04019	-6.264075	-55.588	312.9	557999	-3.8814645	2.8162642	0.27962524	-28.40155	3.8690846	0.0054714414	260012.17504405975
187	-14.078538	4.686267	-5.987462	-22.23053	224.76923	560999	-3.8875291	2.831019	0.2917436	-28.394003	3.875367	0.0056279143	261065.3489613533
188	-18.202637	11.488848	-7.114955	-48.269	315.1	563999	-3.866495	2.8322203	0.30231094	-28.474888	3.853588	0.0059050303	262960.3890488148
189	-16.599272	7.5272827	-6.1875167	-34.685497	255.72728	566999	-3.860375	2.8141944	0.28500524	-28.454529	3.8483536	0.005339254	264175.2291481495
190	-15.308248	6.6243258	-4.112035	-30.042265	242.15384	569999	-3.8545115	2.8098912	0.27790496	-28.388252	3.842207	0.0051548784	265229.6840341091
191	-15.004287	7.6464663	-4.293149	-33.502758	234.3077	572999	-3.8590548	2.8035927	0.24038509	-28.619753	3.8470807	0.0054564746	266409.5196275711
192	-18.699701	10.685065	-6.6677303	-39.68396	297.6	575999	-3.861087	2.8298745	0.21365061	-28.550026	3.8489003	0.0054999064	267918.1992571354
193	-13.694605	6.686231	-3.7381544	-30.259747	216.78572	578999	-3.8576665	2.8268728	0.26282167	-28.609877	3.8455174	0.0052028187	268952.0209329128
194	-14.149764	5.2070084	-5.411092	-24.160873	236.0	581999	-3.852961	2.8219142	0.2619819	-28.540487	3.8413165	0.0054253032	269994.77021074295
195	-18.088644	4.822741	-10.858402	-24.381823	282.0909	584999	-3.8620987	2.826452	0.25596327	-28.789303	3.8504326	0.0053897356	271317.63035678864
196	-16.931063	7.371989	-5.240552	-30.306627	258.16666	587999	-3.8552694	2.814012	0.18241647	-28.776915	3.843682	0.005043874	272360.9607408047
197	-14.870304	4.149269	-7.4541736	-22.004719	223.23077	590999	-3.865181	2.8222003	0.14977446	-28.822351	3.8534222	0.0049563735	273184.76329374313
198	-14.421322	5.3792415	-7.6640096	-24.56128	231.23077	593999	-3.8634925	2.8144813	0.2586005	-28.804842	3.8518915	0.00587294	274541.06748461723
199	-14.423166	4.736312	-5.8782344	-20.235008	232.53847	596999	-3.86406	2.8177962	0.27358302	-29.302166	3.852961	0.0054393806	275534.23669815063
200	-13.076169	5.582267	-4.319458	-22.669453	206.35715	599999	-3.8583083	2.8052952	0.26004508	-28.88848	3.8465269	0.005592131	276419.2232427597
201	-13.488456	4.455913	-5.431236	-20.982317	219.71428	602999	-3.8500986	2.8013518	0.27330884	-28.838161	3.83866	0.005449235	277232.2411773205
202	-13.942124	5.30212	-6.798298	-25.300102	224.92308	605999	-3.8657897	2.819005	0.33939746	-28.785173	3.8543556	0.005332715	278302.8307657242
203	-16.092182	7.5601907	-8.789297	-36.057682	259.3	608999	-3.8486965	2.8048692	0.3021567	-28.795784	3.8372	0.0053768507	279948.1853392124
204	-14.561158	8.399022	-5.5820494	-37.90035	244.85715	611999	-3.850895	2.8201683	0.42523614	-28.738533	3.8396566	0.005817876	281066.35537934303
205	-17.046165	10.562196	-5.2785087	-40.609	304.0	614999	-3.8398597	2.8130262	0.36799875	-28.728893	3.8284638	0.0052272812	282764.41082549095
206	-15.255113	8.297456	-7.073276	-35.50798	252.0	617999	-3.8415506	2.8439069	0.36931756	-28.857676	3.829725	0.0050569456	284129.3752448559
207	-14.330449	6.305031	-5.9487853	-26.47281	230.15384	620999	-3.845285	2.8503277	0.36289296	-28.673534	3.8337455	0.0053571286	285354.79864931107
208	-12.323666	3.7193277	-7.1170616	-19.673462	205.53334	623999	-3.8262036	2.8194704	0.3416618	-28.646482	3.8147178	0.004884411	286446.29873013496
209	-14.819827	7.6571817	-4.3225117	-34.270584	243.81818	626999	-3.8255723	2.8225868	0.31501105	-28.538525	3.814256	0.0051701325	287885.75018906593
210	-13.283738	6.293261	-4.929655	-24.573929	217.21428	629999	-3.823886	2.812757	0.35384881	-28.50716	3.8126616	0.005034857	289037.8604707718
211	-15.538579	8.883862	-3.759741	-40.134026	236.15384	632999	-3.8141353	2.800688	0.4058525	-28.36723	3.8032746	0.0050979727	290125.8207683563
212	-13.141405	3.720704	-7.1962385	-21.403746	213.93333	635999	-3.8278754	2.8313515	0.36697856	-28.496775	3.8166544	0.0050893235	291287.57417583466
213	-19.169449	6.4308763	-9.277667	-27.85089	330.33334	638999	-3.820312	2.8252845	0.34540337	-28.368488	3.809005	0.0051892125	292815.0773410797
214	-12.624956	4.5674124	-4.8593736	-23.94258	200.46666	641999	-3.8186107	2.803332	0.3055894	-28.631866	3.807527	0.00512886	293747.90337371826
215	-13.794113	6.314549	-3.4573286	-25.214113	220.23077	644999	-3.821431	2.8256164	0.28801933	-28.586422	3.810398	0.0051987693	294775.1601333618
