Epoch	AverageEpRet	StdEpRet	MaxEpRet	MinEpRet	EpLen	TotalEnvInteracts	AverageQVals	StdQVals	MaxQVals	MinQVals	LossPi	LossQ	Time
1	-112.158005	10.426998	-101.731	-122.585	1000.0	1999	-0.96080023	0.21937229	1.0032904	-2.8529305	0.95831877	0.01725892	62.801811933517456
2	-87.5885	1.4424973	-86.146	-89.031	1000.0	3999	-1.6951741	0.25558043	-1.1606038	-2.3543882	1.6947916	8.84356e-05	153.67051768302917
3	-103.446	4.921997	-98.524	-108.368	1000.0	5999	-2.460407	0.3183513	-1.7324445	-3.3365111	2.4603028	0.00038033014	244.03909182548523
4	-78.547	11.791	-66.756	-90.338	1000.0	7999	-3.160785	0.3526306	-2.4142904	-4.257391	3.1617212	0.00028005146	334.98875975608826
5	-114.14	14.8619995	-99.278	-129.002	1000.0	9999	-3.8475888	0.4999772	-2.959991	-5.1700735	3.848436	0.00029229876	430.42500042915344
6	-92.516495	17.5835	-74.933	-110.1	1000.0	11999	-4.424489	0.5704869	-3.2924569	-5.9105206	4.424976	0.0002969956	525.2277507781982
7	-149.776	1.7070007	-148.069	-151.483	1000.0	13999	-4.8677225	0.642669	-3.587348	-6.5949	4.8677735	0.00034119844	619.8169345855713
8	-137.5455	64.457504	-73.088	-202.003	1000.0	15999	-5.429823	0.75774294	-3.8448715	-7.729158	5.4304023	0.0003884548	713.4784243106842
9	-130.187	11.626999	-118.56	-141.814	1000.0	17999	-6.0010567	0.9241537	-4.092459	-9.215171	6.0009303	0.00048353057	806.1102924346924
10	-169.4515	19.789497	-149.662	-189.241	1000.0	19999	-6.5417485	1.1262954	-4.302924	-10.545386	6.541407	0.00062760804	897.4297404289246
11	-115.657	37.496	-78.161	-153.153	1000.0	21999	-7.1453094	1.4577163	-4.385552	-11.721655	7.145546	0.0006437682	989.1680407524109
12	-114.04401	47.773	-66.271	-161.817	1000.0	23999	-7.6029806	1.7629372	-4.4160743	-12.8108425	7.603237	0.00080899824	1083.73601603508
13	-147.032	41.503998	-105.528	-188.536	1000.0	25999	-8.119941	2.135751	-4.4121437	-14.882414	8.12053	0.0009092679	1178.2875244617462
14	-121.5745	68.3195	-53.255	-189.894	1000.0	27999	-8.654013	2.4909573	-4.3543215	-15.709215	8.655176	0.0009918645	1269.8803625106812
15	-142.475	29.739002	-112.736	-172.214	1000.0	29999	-8.997116	2.694367	-4.3374157	-16.414658	8.999155	0.0009905407	1362.1666719913483
16	-129.073	5.587002	-123.486	-134.66	1000.0	31999	-9.396092	2.8471107	-4.304533	-17.169228	9.398014	0.0012446604	1458.7060475349426
17	-131.683	22.966995	-108.716	-154.65	1000.0	33999	-9.695658	2.9258463	-4.2185807	-17.756172	9.697914	0.0010702872	1552.6241476535797
18	-169.0315	25.1465	-143.885	-194.178	1000.0	35999	-10.023696	3.0289876	-4.2096276	-18.368528	10.026068	0.001187376	1647.1483194828033
19	-203.77551	12.078499	-191.697	-215.854	1000.0	37999	-10.56229	3.3377726	-4.2286263	-19.941137	10.564231	0.0012466538	1743.5196797847748
20	-138.1715	6.5625	-131.609	-144.734	1000.0	39999	-11.011141	3.6219475	-4.0728893	-20.47041	11.012943	0.0014802128	1833.9622902870178
21	-156.887	23.532005	-133.355	-180.419	1000.0	41999	-11.3260765	3.6998835	-4.151435	-20.942274	11.327598	0.0011904623	1925.1173512935638
22	-112.712006	22.599003	-90.113	-135.311	1000.0	43999	-11.522031	3.7852366	-4.1623096	-21.251396	11.522994	0.0013180901	2020.9168407917023
23	-107.912	35.439	-72.473	-143.351	1000.0	45999	-11.666608	3.8295813	-4.0485425	-21.620792	11.667649	0.0013944736	2116.5256400108337
24	-93.736496	16.447498	-77.289	-110.184	1000.0	47999	-11.6958275	3.935198	-4.104951	-21.864231	11.696915	0.0013470297	2213.4081494808197
25	-170.669	22.905998	-147.763	-193.575	1000.0	49999	-11.878559	4.0207806	-4.0819445	-22.224041	11.879736	0.001885275	2305.9918229579926
26	-110.0005	12.6395	-97.361	-122.64	1000.0	51999	-12.035558	4.072628	-4.0959425	-22.383091	12.036321	0.0014001599	2398.78196310997
27	-156.863	23.68	-133.183	-180.543	1000.0	53999	-12.163611	4.0689483	-4.0906034	-22.604368	12.164404	0.0014667804	2494.668579339981
28	-165.1405	23.2565	-141.884	-188.397	1000.0	55999	-12.431107	4.190277	-3.939503	-22.79331	12.432176	0.0015233844	2590.7873282432556
29	-178.9575	12.627502	-166.33	-191.585	1000.0	57999	-12.6610775	4.2489805	-3.960111	-23.00773	12.662235	0.0013636911	2683.9179096221924
30	-101.072	40.547997	-60.524	-141.62	1000.0	59999	-12.834094	4.304229	-3.9593778	-23.184124	12.835406	0.0013957473	2779.562394618988
31	-177.814	14.848	-162.966	-192.662	1000.0	61999	-12.92328	4.4151196	-3.906268	-23.344967	12.924773	0.0013789096	2874.393124103546
32	-197.4875	34.1445	-163.343	-231.632	1000.0	63999	-13.14104	4.4857554	-3.819913	-24.752234	13.142103	0.0014204752	2967.8584010601044
33	-137.88751	64.9065	-72.981	-202.794	1000.0	65999	-13.40919	4.6551204	-3.7907104	-25.053371	13.410695	0.0013949587	3064.618488550186
34	-148.29001	30.534004	-117.756	-178.824	1000.0	67999	-13.431322	4.6875978	-3.8277588	-25.159336	13.432675	0.0016906138	3156.5329043865204
35	-135.9605	61.032497	-74.928	-196.993	1000.0	69999	-13.491604	4.739662	-3.7838259	-25.24634	13.492913	0.0014393089	3250.72549700737
36	-67.901	4.4309998	-63.47	-72.332	1000.0	71999	-13.504562	4.836429	-3.7815883	-25.371769	13.505967	0.0013915134	3342.8562026023865
37	-176.66751	7.278496	-169.389	-183.946	1000.0	73999	-13.528089	4.8748255	-3.7060091	-25.560238	13.529946	0.0014392895	3435.602659225464
38	-138.9155	6.4365005	-132.479	-145.352	1000.0	75999	-13.65468	4.883638	-3.6825845	-25.512316	13.656197	0.0014659987	3532.6938049793243
39	-207.7875	17.928505	-189.859	-225.716	1000.0	77999	-13.795636	4.930811	-3.6532345	-25.660555	13.797171	0.0015062969	3625.797094345093
40	-139.948	88.479996	-51.468	-228.428	1000.0	79999	-14.02006	5.0548882	-3.6462524	-25.676369	14.021186	0.0015197904	3718.6255362033844
41	-144.517	77.381996	-67.135	-221.899	1000.0	81999	-13.944286	5.1981153	-3.5543606	-25.740332	13.945376	0.0012613832	3811.98805975914
42	-146.59949	12.453499	-134.146	-159.053	1000.0	83999	-14.034931	5.2396607	-3.5042224	-25.832085	14.036132	0.001620329	3904.516387939453
43	-147.1565	39.941505	-107.215	-187.098	1000.0	85999	-14.067966	5.204695	-3.3518436	-25.872688	14.069178	0.0012477498	4005.2246384620667
44	-142.001	72.279	-69.722	-214.28	1000.0	87999	-14.196141	5.2741475	-3.3800917	-25.88136	14.197147	0.0014799852	4100.887718677521
45	-190.69449	1.3414993	-189.353	-192.036	1000.0	89999	-14.241887	5.3232827	-3.374128	-25.884357	14.2427635	0.0013218591	4194.572667598724
46	-67.5465	3.7815018	-63.765	-71.328	1000.0	91999	-14.243897	5.365522	-3.346258	-26.074095	14.244959	0.0013184828	4289.033958673477
47	-128.946	19.867996	-109.078	-148.814	1000.0	93999	-14.135101	5.378374	-3.3165743	-25.992296	14.1357565	0.0014420383	4389.433946847916
48	-214.0715	3.5984955	-210.473	-217.67	1000.0	95999	-14.200841	5.408818	-3.3248227	-26.017183	14.201607	0.0015694792	4483.042418956757
49	-150.1405	39.9485	-110.192	-190.089	1000.0	97999	-14.334245	5.454731	-3.3318837	-26.105442	14.335272	0.0014326769	4577.630726099014
50	-145.509	35.752	-109.757	-181.261	1000.0	99999	-14.403479	5.450585	-3.3385777	-26.00469	14.404392	0.0012311544	4678.543416023254
