Epoch	AverageEpRet	StdEpRet	MaxEpRet	MinEpRet	EpLen	TotalEnvInteracts	AverageQVals	StdQVals	MaxQVals	MinQVals	LossPi	LossQ	Time
1	-103.30499	10.6668215	-94.097	-118.257	1000.0	2999	1.1420827	0.5854232	2.3492994	0.19281085	-1.1420828	0.00024088759	64.0693907737732
2	-97.908	6.9463406	-88.159	-103.829	1000.0	5999	-0.32270378	0.4572994	0.83184737	-1.2064438	0.32272276	7.680968e-05	134.06359696388245
3	-97.788666	5.6775126	-90.83	-104.737	1000.0	8999	-1.6968663	0.37830225	-0.8783289	-2.5718915	1.6968656	6.235326e-05	218.97321820259094
4	-127.52966	38.788963	-98.03	-182.332	1000.0	11999	-2.8514855	0.37813097	-1.8948927	-3.889459	2.8511887	8.800547e-05	304.5135033130646
5	-89.86404	57.107006	-10.865122	-143.896	739.6667	14999	-3.7717779	0.5156993	-2.255517	-6.0532618	3.7688842	0.0005709246	1189.2168991565704
6	-89.754	25.35056	-64.9	-124.557	1000.0	17999	-4.6092105	0.6681292	-2.8856359	-8.209322	4.605494	0.0008822513	1548.814445734024
7	-108.59832	67.094315	-7.1092973	-188.018	785.5	20999	-5.4772573	1.0017349	-2.6171215	-10.171597	5.4735556	0.001164166	1699.1984527111053
8	-163.50667	15.098091	-143.012	-178.941	1000.0	23999	-6.5034037	1.5509173	-2.4117303	-11.83056	6.501838	0.0009869765	1759.3815293312073
9	-137.54333	34.384872	-89.199	-166.254	1000.0	26999	-7.3618684	1.8897581	-2.2803247	-13.226236	7.3607583	0.0010557309	1818.824360370636
10	-102.11029	40.76855	-35.40814	-143.58	896.0	29999	-8.008969	2.1371644	-2.0519414	-14.358276	8.008102	0.00087935146	2319.9838931560516
11	-137.54668	32.12179	-93.803	-170.029	1000.0	32999	-8.549843	2.424144	-1.8472588	-15.449132	8.549402	0.00245751	2379.3695945739746
12	-94.40588	58.634537	-20.075663	-163.403	780.0	35999	-9.136531	2.7161772	-1.797263	-16.289982	9.136461	0.0022032186	2573.3011889457703
13	-112.35633	12.75164	-95.121	-125.569	1000.0	38999	-9.51972	2.8558424	-1.6499679	-17.211195	9.519653	0.001860583	2633.3027119636536
14	-113.036	38.53477	-74.646	-165.728	1000.0	41999	-9.896299	3.04692	-1.5745596	-17.847448	9.896029	0.0021328586	3700.8118255138397
15	-106.43458	59.852608	-21.849314	-175.209	845.25	44999	-10.252121	3.2484019	-1.3872395	-18.357634	10.251655	0.0021214443	4036.8594694137573
16	-113.937096	64.09307	-9.876362	-169.972	790.5	47999	-10.630428	3.440881	-1.3664712	-18.873686	10.630358	0.0028205058	4154.772544622421
17	-147.49968	3.9946167	-142.764	-152.535	1000.0	50999	-10.948378	3.539542	-1.3199071	-19.333376	10.948168	0.0028972556	4216.8723266124725
18	-63.581097	18.26077	-41.296276	-86.025	898.3333	53999	-11.057614	3.7374847	-1.3277491	-19.761631	11.057596	0.0028446494	6813.092863559723
19	-161.54066	19.280136	-134.527	-178.254	1000.0	56999	-11.329505	3.9115229	-1.2558769	-19.993488	11.329325	0.0029927825	6871.600922822952
20	-90.777214	60.12694	-9.877829	-164.977	788.5	59999	-11.560547	3.9789457	-1.3992131	-20.24352	11.560375	0.0014840881	7987.472184419632
21	-110.292	23.078465	-86.032	-141.33	1000.0	62999	-11.623606	4.064382	-1.2366713	-20.457287	11.622985	0.0019409995	9071.674663543701
22	-127.28933	14.101163	-114.234	-146.872	1000.0	65999	-11.702664	4.039617	-1.5120314	-20.629787	11.70219	0.0024511865	9130.386340618134
23	-133.17601	13.101003	-123.782	-151.703	1000.0	68999	-11.863513	4.0359282	-1.4970742	-20.838297	11.863348	0.0026386776	9355.333127260208
24	-74.551346	43.071423	-8.332353	-128.955	786.0	71999	-11.9063015	4.0546546	-1.4181255	-20.890926	11.906099	0.0017782917	11461.585580348969
25	-133.61732	34.05047	-86.154	-164.39	1000.0	74999	-11.9794035	4.089797	-1.2720549	-21.07564	11.979245	0.002731947	11548.393507957458
26	-142.30867	10.27234	-128.535	-153.195	1000.0	77999	-12.103034	4.1070237	-1.3411715	-21.267721	12.102877	0.0024933682	11606.931938409805
27	-121.76934	33.56117	-75.301	-153.373	1000.0	80999	-12.197949	4.1146984	-1.2267691	-21.263956	12.197966	0.0021006712	11676.83569431305
28	-140.803	41.101093	-82.682	-170.505	1000.0	83999	-12.35114	4.1499734	-1.267352	-21.355427	12.351185	0.0026332468	12689.760637044907
29	-101.114746	64.90439	-6.038011	-167.98	784.75	86999	-12.39511	4.1903453	-0.9034644	-21.435715	12.3950615	0.00226498	13877.673189878464
30	-97.376	27.873486	-67.553	-134.611	1000.0	89999	-12.448929	4.2229667	-0.87432843	-21.546892	12.448819	0.0025019173	16104.363273143768
31	-59.75116	32.412514	-14.090488	-86.072	738.3333	92999	-12.35964	4.254278	-1.0765885	-21.498537	12.359239	0.0024459043	18027.143929719925
32	-128.67467	45.20886	-66.684	-173.221	1000.0	95999	-12.3548765	4.28548	-1.1740932	-21.575426	12.354636	0.0024774307	19089.47878932953
33	-118.042	39.756943	-86.762	-174.143	1000.0	98999	-12.379244	4.292556	-1.1105311	-21.597172	12.37924	0.0022208814	19151.35829091072
34	-152.52333	4.782619	-148.304	-159.211	1000.0	101999	-12.485774	4.303975	-1.1291399	-21.725273	12.4858465	0.0021596756	19210.876357793808
35	-139.084	37.1335	-87.977	-175.097	1000.0	104999	-12.585048	4.32744	-1.0526949	-21.87471	12.584771	0.002680286	19990.373607635498
36	-73.49501	50.867813	-12.543022	-150.574	721.6	107999	-12.518529	4.3434896	-0.9564756	-21.811657	12.518526	0.002049895	20720.95496916771
37	-146.41466	29.218494	-109.236	-180.621	1000.0	110999	-12.565551	4.3616076	-0.8987208	-21.830544	12.565574	0.0027495152	20781.321554899216
38	-132.72667	43.470837	-71.36	-166.599	1000.0	113999	-12.631016	4.373052	-0.98094684	-21.85302	12.631086	0.0024081296	21833.110882282257
39	-137.33234	35.928318	-98.674	-185.217	1000.0	116999	-12.699176	4.399104	-0.9370767	-22.171871	12.699044	0.0021873321	21894.520866155624
40	-157.229	24.31367	-130.01	-189.034	1000.0	119999	-12.7283	4.3895516	-0.87972945	-22.234451	12.728546	0.002954126	22026.431869983673
41	-59.140457	29.772566	-17.22337	-83.538	785.3333	122999	-12.746841	4.430037	-0.9069106	-22.243504	12.747042	0.002650188	23306.066391706467
42	-123.55454	71.38892	-8.122178	-189.396	784.5	125999	-12.7994585	4.4742107	-0.95861626	-22.319937	12.799464	0.0025938163	23416.196501731873
43	-93.252266	47.083202	-18.862026	-140.798	823.75	128999	-12.813179	4.4550614	-0.78564405	-22.293032	12.813346	0.002221122	23641.771029233932
44	-76.641136	46.942146	-9.094542	-141.731	790.0	131999	-12.759481	4.4658737	-0.6545156	-22.372133	12.759618	0.0025798224	24634.32516026497
45	-125.72699	32.64291	-80.61	-156.752	1000.0	134999	-12.759537	4.471373	-0.71919173	-22.342953	12.75969	0.00239411	25950.86447429657
46	-81.01667	5.158353	-73.736	-85.053	1000.0	137999	-12.649205	4.5222187	-0.5495271	-22.35896	12.649555	0.002470703	28217.419404268265
47	-116.36133	27.997812	-77.591	-142.708	1000.0	140999	-12.607493	4.511321	-0.49710712	-22.417755	12.607814	0.0017166814	29095.955993890762
48	-99.684875	77.90419	-17.900309	-179.76	707.5	143999	-12.628535	4.551631	-0.5929132	-22.792738	12.629112	0.0022116841	29737.68616437912
49	-82.92167	6.793711	-74.431	-91.061	1000.0	146999	-12.638992	4.5632095	-0.6153533	-22.835514	12.639509	0.0020669298	30734.121694803238
50	-99.63447	55.38226	-13.579861	-156.11	807.25	149999	-12.625325	4.5610976	-0.78087455	-23.191757	12.625584	0.0034476065	30943.247221946716
51	-163.14333	26.041393	-137.658	-198.91	1000.0	152999	-12.653073	4.562668	-0.73932356	-23.248041	12.65349	0.0032334817	31003.245222091675
52	-149.296	8.804166	-140.878	-161.45	1000.0	155999	-12.725739	4.5681715	-0.6052465	-23.265665	12.726046	0.0028753073	31062.334858179092
53	-127.005005	46.071392	-61.897	-161.697	1000.0	158999	-12.800211	4.57317	-0.27733523	-23.294624	12.800423	0.0028003661	31832.12731409073
54	-140.41167	24.549755	-107.344	-166.107	1000.0	161999	-12.794592	4.585015	-0.2957546	-23.346884	12.794814	0.0027834603	31892.508466243744
55	-146.64099	13.801414	-128.842	-162.477	1000.0	164999	-12.843498	4.5707455	-0.43375704	-23.375605	12.843836	0.0023377412	31964.80858874321
56	-144.39467	37.454124	-93.66	-182.942	1000.0	167999	-12.899403	4.5670633	-0.21902399	-23.3851	12.899888	0.003535698	32025.358933210373
57	-107.32467	25.77164	-71.222	-129.702	1000.0	170999	-12.890111	4.5675774	-0.37818444	-23.344995	12.890445	0.0024691478	33140.53502225876
58	-78.11151	50.55652	-7.1430535	-147.233	788.75	173999	-12.848967	4.5666833	-0.33758157	-23.366388	12.849153	0.0028437173	34192.345732450485
59	-143.42767	29.736664	-103.565	-174.962	1000.0	176999	-12.850228	4.574897	-0.43914384	-23.431293	12.8503895	0.002809951	34254.04543328285
60	-105.47567	31.955582	-73.681	-149.186	1000.0	179999	-12.83467	4.575656	-0.48785496	-23.454943	12.834699	0.0030751682	35305.43075990677
61	-83.304756	67.65459	-6.53528	-171.142	705.0	182999	-12.826844	4.586546	-0.3205729	-23.429674	12.827023	0.0024020358	37444.11286067963
62	-74.18335	40.111115	-13.521404	-126.291	803.5	185999	-12.769498	4.594083	-0.34282222	-23.540104	12.76956	0.0032388037	38478.05066990852
63	-111.677	29.566956	-82.607	-152.241	1000.0	188999	-12.735749	4.572374	-0.36267066	-23.41765	12.7358885	0.0030612089	38913.905697107315
64	-100.514175	51.00753	-20.106735	-154.109	842.75	191999	-12.737937	4.5815296	-0.5086192	-23.420345	12.738189	0.0029563864	39235.358298778534
65	-149.05598	19.3878	-122.562	-168.417	1000.0	194999	-12.771541	4.5522823	-0.50574446	-23.535625	12.771891	0.0028591752	39296.70543217659
66	-135.84833	33.955128	-105.847	-183.32	1000.0	197999	-12.811249	4.574473	-0.64748013	-23.526451	12.811613	0.002302351	39575.70196866989
67	-74.79334	42.602673	-23.035048	-127.38	793.6667	200999	-12.796899	4.5617394	-0.7753437	-23.518723	12.797116	0.0026290147	39673.91618156433
68	-108.644325	27.19569	-75.257	-141.872	1000.0	203999	-12.756045	4.5599537	-0.63252187	-23.481075	12.756312	0.0016402998	40713.345366716385
69	-150.90666	21.917612	-130.347	-181.275	1000.0	206999	-12.8034525	4.559977	-0.6355264	-23.512812	12.803743	0.0024334525	40774.393298625946
70	-111.14266	44.596966	-62.42	-170.187	1000.0	209999	-12.783616	4.5567546	-0.3676008	-23.474306	12.783966	0.0027717098	41730.86482954025
71	-142.07233	4.919488	-135.333	-146.938	1000.0	212999	-12.804991	4.5525775	-0.60229385	-23.573353	12.805291	0.00219403	41793.33321118355
72	-119.71033	34.183792	-91.715	-167.84	1000.0	215999	-12.823755	4.531133	-0.668954	-23.508205	12.823943	0.0017399037	41855.46853208542
73	-134.55034	22.225441	-115.657	-165.751	1000.0	218999	-12.818214	4.5177336	-0.66110474	-23.504108	12.818522	0.0026481692	41915.10065817833
74	-120.828674	15.923202	-105.745	-142.851	1000.0	221999	-12.820139	4.5121856	-0.5202365	-23.57451	12.820375	0.0030708744	41975.354664325714
75	-163.47267	29.541082	-121.927	-188.051	1000.0	224999	-12.873899	4.523993	-0.2778737	-23.636839	12.874298	0.0020814235	42037.70136761665
76	-174.12733	10.195306	-159.828	-182.878	1000.0	227999	-12.945036	4.5406117	-0.28943288	-23.583725	12.94558	0.0025500963	42097.33914399147
77	-119.37538	57.46519	-25.082506	-179.622	856.0	230999	-12.9668045	4.5499954	-0.1016324	-23.566212	12.967111	0.0026664394	42512.1789188385
78	-140.37067	5.8546762	-135.068	-148.529	1000.0	233999	-12.990388	4.552926	-0.012510091	-23.571405	12.990706	0.0021114002	42573.29799056053
79	-136.26834	26.033764	-100.108	-160.345	1000.0	236999	-13.02557	4.5481896	-0.09293924	-23.526602	13.02602	0.0017973791	42635.70271706581
80	-109.22733	35.678658	-74.581	-158.318	1000.0	239999	-13.004968	4.535753	-0.19404401	-23.59945	13.00522	0.0018166039	43816.253073215485
81	-125.37033	20.419577	-97.662	-146.269	1000.0	242999	-12.985768	4.5293856	-0.047915295	-23.52836	12.986025	0.0029006205	43877.80277609825
82	-97.42611	53.050823	-19.685452	-156.318	841.25	245999	-12.975092	4.543803	-0.08032484	-23.593323	12.975249	0.0021301315	44191.25724196434
83	-151.31866	15.740701	-135.828	-172.909	1000.0	248999	-13.01861	4.5409045	-0.10473393	-23.596933	13.018884	0.002020843	44251.0606443882
84	-119.800995	38.406067	-84.569	-173.216	1000.0	251999	-13.0424385	4.5311484	-0.22080612	-23.564465	13.042787	0.002130028	44312.22630214691
85	-122.45334	32.032444	-98.833	-167.74	1000.0	254999	-13.005407	4.532718	-0.23599912	-23.52908	13.005685	0.0028314465	44373.47650551796
86	-136.33134	45.871555	-71.568	-171.966	1000.0	257999	-13.001462	4.5397086	-0.14096498	-23.580292	13.001699	0.0015184578	45396.558987379074
87	-92.93433	4.5828176	-86.456	-96.337	1000.0	260999	-12.9932165	4.544578	-0.1656299	-23.54335	12.993497	0.0020870361	45460.35402774811
88	-114.281006	27.106682	-82.034	-148.356	1000.0	263999	-12.9632	4.5246277	-0.44904608	-23.58988	12.963421	0.0016976959	45523.44605588913
89	-138.976	41.427937	-105.251	-197.328	1000.0	266999	-12.956475	4.523479	-0.42368707	-23.666641	12.956706	0.002425641	45637.231905937195
90	-110.72715	66.9961	-16.052454	-161.265	770.0	269999	-12.986084	4.529087	-0.6631067	-23.570536	12.986386	0.0024185728	45870.37841320038
91	-120.31366	33.39549	-86.878	-165.918	1000.0	272999	-12.997147	4.5291343	-0.57334363	-23.579021	12.997471	0.0019065992	46851.821027994156
92	-129.32	35.895496	-80.079	-164.628	1000.0	275999	-13.014592	4.5222993	-0.5292021	-23.69479	13.014844	0.0027113296	46913.08458566666
93	-119.908325	27.360111	-81.753	-144.553	1000.0	278999	-13.007507	4.5271177	-0.5105392	-23.63293	13.007723	0.0027564105	48196.19621396065
94	-125.11367	13.2668705	-109.577	-141.991	1000.0	281999	-12.998301	4.5046897	-0.52671784	-23.580969	12.998643	0.0022353772	48258.282722473145
95	-107.756996	22.122536	-86.207	-138.174	1000.0	284999	-12.995285	4.499605	-0.5519135	-23.587084	12.995603	0.00198565	48320.497354745865
96	-83.244705	56.113125	-6.259804	-160.891	782.0	287999	-12.958689	4.5005445	-0.6455043	-23.64053	12.959013	0.0024442805	49471.51954507828
97	-98.70693	68.98058	-10.587105	-172.366	706.6	290999	-12.967669	4.513609	-0.25624117	-23.57214	12.967984	0.002871389	49746.56556272507
98	-130.76234	39.445564	-91.048	-184.546	1000.0	293999	-12.985663	4.5144367	-0.4921378	-23.622059	12.985998	0.0016667234	49806.603747844696
99	-83.932	24.08661	-55.83	-114.655	1000.0	296999	-12.957058	4.5377235	-0.22927307	-23.613895	12.95753	0.003567755	51853.66728568077
100	-158.85966	12.527522	-144.244	-174.839	1000.0	299999	-12.956525	4.529246	-0.46412253	-23.583792	12.956677	0.00222003	51918.39782619476
101	-110.171	41.472622	-63.698	-164.394	1000.0	302999	-12.992982	4.5298967	-0.44526082	-23.64019	12.993282	0.0021711264	52874.38293671608
102	-136.15	32.114674	-110.436	-181.428	1000.0	305999	-12.996956	4.5324707	-0.43714923	-23.784204	12.997147	0.002000499	52936.791564941406
103	-136.08	33.67479	-97.788	-179.747	1000.0	308999	-13.008234	4.5236273	-0.4725958	-23.60547	13.008568	0.0017796195	52998.796429395676
104	-120.108665	25.995977	-83.726	-142.873	1000.0	311999	-12.989383	4.513406	-0.49390715	-23.587284	12.989632	0.0021289217	53061.546855688095
105	-149.50267	43.13849	-88.498	-180.471	1000.0	314999	-13.000539	4.514863	-0.4863666	-23.653551	13.000843	0.0022535922	53123.53208017349
106	-95.58933	43.840694	-62.367	-157.535	1000.0	317999	-13.004227	4.5316834	-0.49648446	-23.61497	13.004394	0.00212252	55158.30183815956
107	-135.76134	28.537619	-97.399	-165.798	1000.0	320999	-12.990741	4.5335894	-0.3929112	-23.600534	12.991055	0.002699936	55220.461651563644
108	-114.07633	30.120195	-73.51	-145.612	1000.0	323999	-12.991142	4.5262747	-0.094803706	-23.555885	12.991512	0.0029118364	56158.27766227722
109	-102.19123	64.322334	-19.161703	-175.887	780.3333	326999	-12.986718	4.537488	-0.16411377	-23.569445	12.98715	0.0022606077	56360.89217090607
110	-99.241	27.879068	-74.451	-138.187	1000.0	329999	-12.986675	4.53514	-0.19916888	-23.592154	12.987055	0.0021522362	58348.210721969604
111	-76.804665	6.00249	-68.553	-82.656	1000.0	332999	-12.945584	4.5368195	-0.3732536	-23.64312	12.945824	0.0019389178	60413.45176386833
112	-121.01833	52.701138	-82.094	-195.524	1000.0	335999	-12.954855	4.5610986	-0.43304023	-23.850487	12.955081	0.0027425329	61545.01181983948
113	-152.50934	23.857256	-123.07	-181.503	1000.0	338999	-12.963935	4.547854	-0.30861613	-23.93487	12.964234	0.0020035368	61606.37513542175
114	-120.01678	66.35506	-9.729106	-186.612	792.75	341999	-12.997097	4.5537825	-0.16795427	-23.97516	12.997611	0.0029008845	62486.536831855774
115	-104.173004	44.255077	-63.973	-165.815	1000.0	344999	-12.975382	4.559916	0.35978928	-24.011652	12.975696	0.0022721523	63856.15920448303
116	-100.266	34.610584	-58.201	-142.972	1000.0	347999	-12.955369	4.5585012	0.012514487	-23.913	12.955677	0.0019361943	65570.17265367508
117	-74.069664	9.26777	-64.06	-86.402	1000.0	350999	-12.924362	4.562556	0.09251629	-24.040873	12.924674	0.0029977735	68164.87925052643
118	-159.53835	3.7962432	-156.837	-164.907	1000.0	353999	-12.930648	4.5695543	0.44894665	-23.936796	12.931112	0.0026484565	68225.07295894623
119	-156.19566	6.230425	-149.292	-164.389	1000.0	356999	-12.9591875	4.565678	0.3935166	-23.985771	12.959527	0.0015039524	68284.81823062897
120	-122.411995	31.437143	-80.02	-155.211	1000.0	359999	-12.981787	4.5682273	0.1710467	-23.915878	12.98205	0.0028751886	68345.42776155472
121	-130.589	21.110622	-110.55	-159.774	1000.0	362999	-12.98023	4.5504723	0.24887863	-24.023167	12.980464	0.0022017504	68966.84437680244
122	-99.84345	58.519592	-17.058811	-162.742	812.5	365999	-12.981061	4.5519094	0.04147674	-23.982924	12.981365	0.0022245445	69519.2522456646
123	-88.55607	58.932323	-9.601263	-166.324	798.75	368999	-12.995476	4.5566196	0.394256	-24.087254	12.995794	0.0021516392	70579.06406974792
124	-155.25667	34.74697	-110.044	-194.533	1000.0	371999	-12.984585	4.566802	0.47813284	-23.974123	12.9849825	0.0016039391	70639.1129078865
125	-103.83829	57.310474	-6.504165	-148.641	785.5	374999	-12.980818	4.5597324	0.53058326	-23.992628	12.981112	0.0022830197	70778.78595280647
126	-154.787	3.2996333	-150.138	-157.46	1000.0	377999	-13.015532	4.570619	0.1368874	-24.035776	13.01587	0.0020041976	70840.88069868088
127	-165.79266	19.343737	-142.743	-190.077	1000.0	380999	-13.050984	4.5670633	0.48018342	-23.980171	13.051361	0.0022840814	70901.5496995449
128	-98.5828	66.76333	-22.688398	-185.172	801.0	383999	-13.041051	4.587595	0.61530024	-24.091167	13.041381	0.0022417007	71263.8399913311
129	-93.36163	52.77482	-16.499538	-156.461	838.25	386999	-13.0336275	4.5923657	0.6205404	-23.988388	13.033791	0.0030798644	72524.41509151459
130	-144.55234	9.896757	-132.59	-156.826	1000.0	389999	-13.047751	4.5861535	0.5216915	-23.969563	13.0480995	0.0014736052	72585.5542333126
131	-93.21433	18.3371	-67.647	-109.754	1000.0	392999	-13.064641	4.590975	0.24719174	-23.990812	13.064852	0.0019797555	73709.11474823952
132	-144.51	25.267418	-108.777	-162.545	1000.0	395999	-13.03838	4.5798693	0.19450217	-23.982847	13.03857	0.002412906	73769.38307619095
133	-158.29466	25.80142	-135.75	-194.414	1000.0	398999	-13.059143	4.5720353	0.10312389	-24.005781	13.059381	0.002290541	73829.16380524635
134	-155.269	8.533107	-144.548	-165.427	1000.0	401999	-13.097812	4.5851912	0.13707857	-24.016666	13.098031	0.0018993343	73890.67298007011
135	-93.73333	12.511207	-76.421	-105.553	1000.0	404999	-13.090549	4.57603	0.31066996	-23.956617	13.090702	0.0025135505	74991.37067103386
136	-147.39134	10.562519	-132.921	-157.837	1000.0	407999	-13.089744	4.5648265	0.34364468	-23.946096	13.089931	0.002509757	75053.19625544548
137	-74.394615	45.804497	-8.389484	-136.189	786.5	410999	-13.062085	4.5720806	0.108385056	-23.961012	13.062233	0.0012204081	77160.46538162231
138	-92.766136	71.814896	-13.129212	-169.012	664.5	413999	-13.066922	4.5733285	0.08004111	-23.928583	13.067219	0.0020107836	77607.91600370407
139	-112.75666	22.590412	-85.97	-141.228	1000.0	416999	-13.055416	4.568783	0.14941278	-24.09974	13.055716	0.0017750815	77670.58665919304
140	-108.27334	16.54628	-87.767	-128.288	1000.0	419999	-13.036322	4.557931	0.072910145	-23.935009	13.036548	0.0022858682	78303.54655456543
141	-110.439	26.47255	-85.803	-147.17	1000.0	422999	-13.041151	4.5537086	0.17981566	-24.02275	13.041305	0.0026635448	78965.06863451004
142	-121.289	27.866392	-81.955	-143.061	1000.0	425999	-13.043938	4.5450845	0.21445571	-23.979683	13.044056	0.0026057668	79028.11368179321
143	-156.596	29.067654	-122.761	-193.732	1000.0	428999	-13.037441	4.5469804	0.268806	-23.87818	13.037835	0.0020048015	79629.1412050724
144	-89.45866	20.78398	-65.236	-115.989	1000.0	431999	-13.030806	4.5457315	0.022447973	-23.878368	13.031153	0.0029243636	81914.5094614029
145	-87.95322	47.357544	-15.462872	-147.967	819.0	434999	-13.011346	4.5472555	-0.12483275	-23.877844	13.011578	0.0021147549	82711.54111528397
146	-93.30989	70.64244	-6.76916	-157.512	653.2	437999	-13.018842	4.541191	-0.13299085	-23.870256	13.019053	0.0021880458	82928.52155089378
147	-145.60333	22.06179	-115.178	-166.8	1000.0	440999	-13.023596	4.5393686	-0.15866283	-23.875843	13.023604	0.0016466917	82989.63507199287
148	-80.758675	39.447937	-25.175018	-112.68	796.0	443999	-13.028157	4.5349336	0.0217202	-23.975885	13.028175	0.0020808678	83252.47792577744
149	-117.51804	66.99381	-9.6461525	-191.537	798.0	446999	-13.027477	4.5290027	-0.15582842	-23.859407	13.027739	0.001924452	83413.75930023193
150	-105.2005	57.860714	-13.659999	-158.438	804.75	449999	-13.035841	4.549013	0.020046532	-23.846706	13.036009	0.0027002438	83547.55348038673
151	-146.94	12.367043	-130.51	-160.347	1000.0	452999	-13.043836	4.547795	0.12789169	-23.834452	13.043994	0.002593125	83608.66171121597
152	-136.02501	31.943195	-106.142	-180.306	1000.0	455999	-13.064453	4.5455785	-0.04248801	-23.830027	13.06456	0.0020762633	83669.2829208374
153	-103.04266	37.354053	-71.32	-155.486	1000.0	458999	-13.040755	4.5512433	-0.06260884	-23.951338	13.04096	0.0019995496	84806.79590582848
154	-94.57867	24.721565	-65.889	-126.227	1000.0	461999	-13.020158	4.5422363	-0.24327213	-23.85941	13.020256	0.0021089981	85789.20368862152
155	-146.43567	34.546425	-98.205	-177.299	1000.0	464999	-13.049064	4.5396886	-0.3651571	-23.868242	13.049177	0.002124566	85852.05550026894
156	-129.21133	33.35216	-82.159	-155.585	1000.0	467999	-13.043685	4.542998	-0.39575848	-23.854584	13.043848	0.0025934156	86888.84605789185
157	-83.65133	1.4806234	-81.631	-85.138	1000.0	470999	-13.017838	4.542013	-0.3626113	-23.811708	13.017985	0.002314762	87927.39257311821
158	-105.87228	63.706856	-16.80481	-162.157	770.3333	473999	-13.016679	4.5448008	-0.380639	-23.817137	13.016766	0.0019014	88174.98911547661
159	-160.40068	21.319756	-130.738	-179.911	1000.0	476999	-13.033221	4.5372095	-0.24931201	-23.754269	13.033296	0.0019096989	88235.49441933632
160	-121.15366	40.87273	-73.29	-173.151	1000.0	479999	-13.036413	4.5515723	0.051047176	-23.815294	13.036608	0.002552069	89456.46721029282
161	-124.001335	34.87379	-91.825	-172.459	1000.0	482999	-13.028228	4.5565615	-0.24832717	-23.757936	13.028451	0.0017786609	89519.93531322479
162	-128.855	9.183504	-116.2	-137.711	1000.0	485999	-13.039615	4.538381	-0.054875672	-23.778748	13.039824	0.0016988624	89584.66893076897
163	-104.02866	18.596708	-86.715	-129.83	1000.0	488999	-13.046592	4.5260105	-0.18544608	-23.790253	13.04688	0.0018176736	89649.4820113182
164	-123.53567	6.9369345	-113.734	-128.793	1000.0	491999	-13.03307	4.5289655	0.0585455	-23.800995	13.033248	0.0028338819	89710.29692196846
165	-152.85	16.73365	-133.108	-174.022	1000.0	494999	-13.044036	4.525362	0.0015237033	-23.808636	13.044246	0.0024096828	89769.9284632206
166	-160.30334	15.458659	-142.218	-179.983	1000.0	497999	-13.067687	4.521564	-0.0709286	-23.801645	13.067892	0.0024898206	90651.99870967865
167	-76.79252	40.815323	-13.909079	-123.326	802.5	500999	-13.060884	4.539669	-0.17650554	-23.796465	13.061007	0.002311777	90935.92956185341
168	-143.485	34.273205	-95.151	-170.79	1000.0	503999	-13.058945	4.5232167	-0.19127396	-23.745445	13.059358	0.0016593372	90997.60772275925
169	-141.24	21.800661	-113.496	-166.757	1000.0	506999	-13.070623	4.5168777	-0.28239286	-23.727133	13.070798	0.0020761068	91644.3220076561
170	-80.86633	8.81551	-72.521	-93.06	1000.0	509999	-13.064128	4.512582	-0.38432583	-23.783247	13.064364	0.0011961728	92129.7403755188
171	-123.99767	37.02935	-87.002	-174.593	1000.0	512999	-13.052727	4.5062275	-0.39017463	-23.739422	13.052972	0.0021498308	92827.80904054642
172	-105.673	36.68937	-71.221	-156.499	1000.0	515999	-13.044008	4.5063286	-0.5422094	-23.846024	13.04427	0.0014862075	93307.96359944344
173	-81.21396	42.33534	-12.760852	-124.836	802.75	518999	-13.019628	4.513712	-0.38648733	-23.742609	13.019704	0.0019794304	93458.55176472664
174	-127.83401	42.244175	-68.728	-164.918	1000.0	521999	-13.005239	4.5156093	-0.40782437	-23.750044	13.005381	0.0015167841	94869.58382749557
175	-112.35967	33.57892	-70.865	-153.106	1000.0	524999	-13.02068	4.5038805	-0.3479835	-23.757874	13.020908	0.0020777427	95636.79038786888
176	-105.385	25.485888	-82.049	-140.841	1000.0	527999	-13.013345	4.5098653	-0.23606515	-23.768429	13.013615	0.0025225633	96708.45350217819
177	-135.354	9.830002	-127.148	-149.175	1000.0	530999	-13.000325	4.5000305	-0.09162387	-23.729332	13.000467	0.0017663584	96769.3823685646
178	-130.20966	36.7762	-89.084	-178.345	1000.0	533999	-13.0122	4.496946	-0.19879985	-23.761105	13.012323	0.0016666726	97290.04584860802
179	-92.44633	29.367283	-63.305	-132.644	1000.0	536999	-13.007003	4.502418	-0.21988419	-23.767937	13.007203	0.0019294313	99209.66303491592
180	-136.49666	44.816128	-73.162	-170.23	1000.0	539999	-12.997095	4.50334	-0.20571315	-23.74791	12.997152	0.0026402473	100296.69549298286
181	-85.92034	53.270405	-13.461381	-155.679	816.5	542999	-13.014508	4.508674	-0.5052647	-23.780638	13.014774	0.002051289	101369.55885767937
182	-132.70366	42.308353	-73.078	-166.827	1000.0	545999	-12.996785	4.510513	-0.29669482	-23.83043	12.99692	0.002277568	101430.23567795753
183	-117.277336	31.377684	-85.711	-160.07	1000.0	548999	-12.984906	4.513268	-0.48955378	-23.799301	12.984984	0.002239884	101498.64714002609
184	-104.82633	40.11868	-65.327	-159.848	1000.0	551999	-12.966059	4.5162616	-0.70006466	-23.781929	12.966261	0.0017602314	102598.91605043411
185	-132.761	33.155052	-86.096	-160.052	1000.0	554999	-12.988081	4.518863	-0.685693	-23.804728	12.9882145	0.0018860437	102662.29594874382
186	-85.20903	54.63144	-14.202101	-147.083	742.3333	557999	-12.97402	4.5097613	-0.6659529	-23.815224	12.974066	0.0029908651	102823.98343658447
187	-151.38567	15.506399	-129.645	-164.742	1000.0	560999	-12.983226	4.5139728	-0.40508136	-23.861385	12.983167	0.0030232978	102884.11543703079
188	-137.045	48.79959	-68.148	-174.958	1000.0	563999	-13.014636	4.5165377	-0.2753507	-23.826468	13.014762	0.002016738	103910.84598851204
189	-114.45212	68.26325	-7.1294847	-191.547	784.25	566999	-12.986047	4.516375	-0.35465282	-23.821901	12.986276	0.002511576	104670.24051952362
190	-88.87933	43.356106	-23.816301	-145.779	854.25	569999	-12.985935	4.5306897	-0.4661055	-23.887478	12.986211	0.0012660347	105238.47811722755
191	-106.874	33.241867	-80.003	-153.716	1000.0	572999	-12.992418	4.5297084	-0.4652262	-23.824509	12.992537	0.002987093	105301.8525121212
192	-92.99967	23.441484	-72.985	-125.894	1000.0	575999	-12.983008	4.5163746	-0.74568653	-23.850973	12.983203	0.0020109308	106492.03581809998
193	-103.58032	58.100086	-13.272281	-161.539	808.25	578999	-12.988793	4.517345	-0.54531944	-23.832676	12.988932	0.0018406529	106681.12989974022
194	-122.39733	33.625435	-80.142	-162.416	1000.0	581999	-12.974447	4.51932	-0.49258015	-23.855486	12.974662	0.0020392393	106743.5425555706
195	-79.05561	56.151276	-16.908825	-152.94	757.0	584999	-12.955358	4.5227013	-0.4037864	-23.944036	12.955587	0.0027091433	107979.8075208664
196	-114.54733	19.319841	-88.431	-134.558	1000.0	587999	-12.973622	4.5230346	-0.5396595	-23.896877	12.973901	0.0025590784	108041.82472634315
197	-131.782	26.675526	-94.156	-152.959	1000.0	590999	-12.962763	4.509818	-0.19321418	-23.863138	12.963106	0.0021886765	108102.62993860245
198	-123.39847	49.60261	-38.61488	-158.988	931.25	593999	-12.988172	4.505002	-0.03421405	-23.875257	12.988297	0.002016438	108846.44771051407
199	-69.64483	41.484516	-14.213494	-114.003	745.0	596999	-12.95026	4.515497	0.027618736	-23.875006	12.95041	0.0019371549	110061.12871289253
200	-149.717	14.495919	-136.527	-169.903	1000.0	599999	-12.978569	4.5047097	-0.20913884	-23.935675	12.978807	0.0019643372	111208.85972499847
201	-109.62865	59.18155	-26.016611	-183.555	872.0	602999	-12.964768	4.5145955	-0.2653683	-23.888992	12.9649515	0.0033195226	111683.43936395645
202	-155.58134	26.750328	-118.385	-180.154	1000.0	605999	-12.970475	4.5137296	-0.12817001	-23.87913	12.970584	0.0021594127	111743.24048995972
203	-127.82333	20.26299	-104.156	-153.649	1000.0	608999	-12.990492	4.5125246	-0.1599575	-23.879614	12.99055	0.0017968812	111804.49511241913
204	-134.33667	31.302702	-90.487	-161.524	1000.0	611999	-12.983427	4.509002	-0.2349154	-23.96376	12.983415	0.0024945114	111865.8943054676
205	-133.972	31.010283	-92.679	-167.41	1000.0	614999	-12.990248	4.511112	-0.20418641	-23.88219	12.990265	0.0021832203	111926.43272662163
206	-121.30234	26.964144	-84.41	-148.104	1000.0	617999	-12.976875	4.5198445	-0.16781786	-23.89951	12.976921	0.0014588492	111989.07181048393
207	-160.092	20.833492	-135.756	-186.643	1000.0	620999	-13.010271	4.5079684	-0.3171374	-23.893942	13.010405	0.002126104	112048.50230884552
208	-117.284	28.92751	-76.658	-141.762	1000.0	623999	-13.007643	4.508994	-0.26292595	-23.912277	13.007755	0.0020029375	112111.90719223022
209	-91.0114	61.38598	-8.63257	-167.664	796.75	626999	-13.017144	4.5079885	-0.22499576	-23.91178	13.017308	0.0024551698	113292.75647616386
210	-164.31667	18.95259	-145.158	-190.129	1000.0	629999	-13.024405	4.512301	-0.44154224	-23.980524	13.024662	0.0024989138	113352.0487484932
211	-83.86466	14.341774	-67.097	-102.131	1000.0	632999	-13.018932	4.518737	-0.45282695	-23.914667	13.019131	0.00203562	114621.19645857811
212	-114.698	38.631226	-78.565	-168.252	1000.0	635999	-12.978466	4.51943	-0.3823544	-24.049513	12.978446	0.002262238	115807.4662668705
213	-110.330666	24.792822	-81.009	-141.641	1000.0	638999	-12.989111	4.5195713	-0.21429148	-23.92993	12.989094	0.002339039	116826.80331897736
214	-125.424675	28.389051	-92.982	-162.128	1000.0	641999	-12.980982	4.5059853	-0.059346378	-23.987356	12.980997	0.0019229827	116888.95553278923
215	-152.96068	22.01766	-121.827	-168.96	1000.0	644999	-12.982891	4.5140057	0.21397763	-23.934946	12.982972	0.0014405246	117008.92487740517
216	-71.41761	33.835575	-35.33983	-116.679	883.6667	647999	-12.984195	4.5199285	0.17792925	-23.993946	12.984335	0.0026538558	119319.6109931469
217	-88.01461	49.57171	-27.690449	-163.529	864.25	650999	-12.973187	4.5176153	0.1095494	-23.958473	12.973218	0.0025999388	120151.77909016609
218	-129.56767	49.16797	-63.852	-182.106	1000.0	653999	-12.953688	4.531758	0.026450217	-23.939238	12.953713	0.0018047056	121258.83095026016
219	-168.61133	5.228958	-161.961	-174.737	1000.0	656999	-12.988483	4.53265	-0.109835	-23.943262	12.988592	0.0011807838	121319.28629112244
220	-120.83866	35.290695	-72.327	-155.249	1000.0	659999	-12.980907	4.532798	-0.2476129	-24.008268	12.980838	0.0022504996	122588.3635776043
221	-107.87258	58.18384	-25.591724	-149.673	832.3333	662999	-12.9845295	4.5349984	-0.3162802	-23.991407	12.984607	0.0026235003	122985.54241776466
222	-102.041306	53.90005	-22.034214	-170.713	846.5	665999	-12.978393	4.550171	-0.10694516	-23.950352	12.978429	0.0022719412	123357.40403103828
223	-114.139336	12.523325	-100.145	-130.537	1000.0	668999	-12.973978	4.540613	0.2713693	-24.089098	12.974041	0.0025285117	123419.93046212196
224	-125.611664	12.815289	-115.659	-143.705	1000.0	671999	-12.974846	4.5390215	0.15926528	-24.02908	12.974868	0.0022985644	123481.52034831047
225	-79.736534	44.24077	-21.078596	-127.915	807.0	674999	-12.967093	4.5377855	0.017015666	-24.062386	12.967223	0.001838586	123907.27646541595
226	-165.52367	30.092737	-123.01	-188.454	1000.0	677999	-12.969582	4.5378294	0.03148079	-23.980768	12.969729	0.0028996316	123966.99314761162
227	-148.55667	9.704078	-140.675	-162.227	1000.0	680999	-13.010719	4.5372815	-0.18488032	-24.017351	13.010901	0.00246468	124026.7161090374
228	-79.73369	58.367653	-14.951478	-167.611	698.4	683999	-13.000349	4.5383315	-0.04946941	-24.007084	13.000609	0.0027180677	124363.21142458916
229	-105.813805	61.15455	-10.799217	-175.246	797.75	686999	-13.004809	4.53717	-0.18466946	-24.079819	13.005037	0.002830479	124467.99457240105
230	-79.199615	67.00147	-21.071236	-184.519	699.0	689999	-12.97838	4.5448685	-0.04424894	-24.006794	12.978695	0.0024834157	124998.94738078117
231	-109.29686	65.47702	-6.2804403	-168.582	782.0	692999	-12.990564	4.544001	-0.09252298	-23.998798	12.990686	0.0016699949	125120.3711104393
232	-119.264336	30.874836	-84.024	-159.211	1000.0	695999	-13.013172	4.539222	-0.1547232	-23.989197	13.013468	0.0020718037	125181.77465105057
233	-140.051	19.219248	-121.022	-166.373	1000.0	698999	-13.010648	4.5386925	-0.37427515	-23.980455	13.010793	0.002395109	125243.39267659187
234	-103.326996	16.044144	-81.832	-120.367	1000.0	701999	-12.996616	4.537401	-0.27369305	-23.929966	12.996746	0.002100053	125306.58026409149
235	-116.34481	63.12104	-8.966253	-167.498	789.5	704999	-12.999324	4.53287	-0.28980368	-23.991507	12.999586	0.0019892466	125400.7613363266
236	-147.73366	20.622772	-118.885	-165.868	1000.0	707999	-13.0232115	4.527336	-0.21129549	-24.058681	13.023572	0.0028153448	125460.54165792465
237	-53.044796	33.15667	-13.75698	-95.503	676.25	710999	-13.00431	4.533769	-0.12388992	-23.9693	13.004482	0.0020477274	126952.34158563614
238	-130.6646	62.894905	-23.801403	-185.823	839.5	713999	-12.992985	4.5237803	-0.0030840337	-24.021706	12.993082	0.0030460465	127205.22530984879
239	-142.38834	24.848375	-112.611	-173.437	1000.0	716999	-13.014286	4.541019	-0.13225684	-23.973738	13.014474	0.0017155454	127265.03805541992
240	-123.28766	24.768599	-88.464	-143.972	1000.0	719999	-13.002664	4.5339646	-0.08400658	-24.01078	13.002957	0.0023124183	127330.46930718422
241	-51.149067	24.105982	-20.275192	-79.106	796.0	722999	-13.018305	4.533645	-0.05960223	-24.002731	13.018503	0.0027893719	129812.94153380394
242	-93.10355	47.382717	-25.012209	-158.751	867.5	725999	-12.997064	4.5578237	-0.16372424	-24.005354	12.997283	0.0022786593	130229.64309883118
243	-77.97782	48.666996	-12.556473	-129.202	737.0	728999	-12.9824915	4.544579	-0.12936246	-24.104464	12.9826765	0.0022525343	130370.11408734322
244	-87.18646	53.107327	-7.605854	-156.587	791.75	731999	-12.983851	4.538744	0.015381575	-23.993631	12.98397	0.0025974908	131546.00930905342
245	-129.99582	61.03574	-27.424301	-184.097	872.25	734999	-12.991407	4.544793	0.0024932027	-23.992502	12.991552	0.0025495887	132033.29207396507
246	-83.6388	44.686024	-32.078415	-141.064	842.0	737999	-12.97715	4.562971	-0.17557096	-23.973963	12.977288	0.0026724539	133512.3199315071
247	-149.08533	17.783995	-130.96	-173.248	1000.0	740999	-12.96369	4.568469	-0.14222202	-23.990356	12.963907	0.0028131914	133573.82565236092
248	-120.796	35.077614	-77.59	-163.508	1000.0	743999	-12.974759	4.566395	-0.045514226	-24.033905	12.974837	0.002184455	133635.48200392723
249	-61.683495	47.80194	-5.633575	-126.873	676.0	746999	-12.9595585	4.561155	-0.034222394	-23.99185	12.959721	0.0024121695	134897.24237704277
250	-99.781334	20.686363	-77.744	-127.463	1000.0	749999	-12.957902	4.5593395	-0.06563288	-24.013794	12.958053	0.0027758335	136183.78432154655
251	-124.51467	31.715607	-79.831	-150.225	1000.0	752999	-12.947012	4.565229	0.034135133	-23.986292	12.947176	0.0019230192	136247.9720146656
252	-103.58626	52.45089	-19.544031	-151.299	845.5	755999	-12.92312	4.5635242	0.024061859	-24.060423	12.923254	0.0028229996	136655.90931987762
253	-127.424	38.061665	-73.692	-157.063	1000.0	758999	-12.954629	4.5474834	-0.0738883	-23.975327	12.954808	0.0026767482	137914.94728827477
254	-122.30667	31.49598	-80.332	-156.201	1000.0	761999	-12.967955	4.5488944	-0.114380926	-23.963646	12.968077	0.002866892	138787.36513972282
255	-94.27648	61.258293	-23.592453	-172.997	785.3333	764999	-12.954305	4.5455413	-0.31938672	-23.981848	12.9545355	0.0018048855	139046.75732254982
256	-114.56333	44.70673	-82.813	-177.788	1000.0	767999	-12.950031	4.5557423	-0.37319985	-23.959837	12.950235	0.002387071	140280.5497341156
257	-112.324165	61.120804	-26.480639	-173.337	865.0	770999	-12.964086	4.5612373	-0.4435546	-23.93624	12.964337	0.002562962	141491.21053647995
258	-65.36872	55.242863	-8.482851	-146.566	619.5	773999	-12.9601755	4.55949	-0.43640953	-23.963375	12.960383	0.0028381422	142971.7782649994
259	-108.90667	49.035366	-68.113	-177.869	1000.0	776999	-12.935338	4.571899	-0.6549074	-23.988638	12.935618	0.002341115	144672.36083555222
260	-116.9	37.706738	-64.777	-152.713	1000.0	779999	-12.939948	4.5713553	-0.5732631	-24.014511	12.940049	0.0017835195	145078.25439667702
261	-140.23734	27.090681	-103.691	-168.467	1000.0	782999	-12.936013	4.570681	-0.6797039	-24.114038	12.936174	0.0024178696	145140.45204663277
262	-111.18861	66.90854	-20.887451	-183.702	850.0	785999	-12.9292345	4.5693035	-0.6170739	-24.014767	12.929326	0.0023648008	145559.0337805748
263	-165.42334	15.014355	-144.199	-176.576	1000.0	788999	-12.946204	4.5848527	-0.51308656	-23.965603	12.946389	0.0021660533	145620.06874203682
264	-163.40001	21.564056	-142.662	-193.133	1000.0	791999	-12.980095	4.5835743	-0.3725295	-23.973146	12.980286	0.0020960534	145682.81903982162
265	-132.30733	46.504375	-67.171	-172.745	1000.0	794999	-12.978385	4.5927873	-0.27379408	-23.998486	12.978646	0.0022639125	146498.11449885368
266	-130.99268	19.030113	-107.398	-154.001	1000.0	797999	-12.990522	4.5790586	-0.32138112	-23.991806	12.990634	0.0024375236	146559.7610938549
267	-165.914	25.6009	-131.357	-192.545	1000.0	800999	-12.988087	4.5849857	-0.40724048	-23.994566	12.988176	0.003409102	146620.21867108345
268	-166.0	9.4657545	-156.701	-178.989	1000.0	803999	-13.020443	4.588939	-0.5105714	-24.018003	13.020627	0.0018771626	146681.16068053246
269	-93.749	27.899332	-73.629	-133.202	1000.0	806999	-13.005026	4.5995665	-0.273963	-24.017168	13.0053005	0.0024768696	148874.97073078156
270	-98.76599	47.018692	-64.502	-165.25	1000.0	809999	-12.994849	4.5976505	-0.6552676	-24.003092	12.994898	0.0018203103	151052.7231683731
271	-109.17192	64.47807	-12.527665	-168.929	799.75	812999	-12.987525	4.5948625	-0.4803774	-23.997536	12.987682	0.0035886187	151166.1926574707
272	-90.99767	25.129944	-66.236	-125.456	1000.0	815999	-12.983572	4.609874	-0.54408	-24.007996	12.984017	0.0037729046	152302.40209770203
273	-109.987335	9.718747	-99.705	-123.027	1000.0	818999	-12.990704	4.605177	-0.56217206	-23.928957	12.990925	0.0016939399	152365.30733823776
274	-79.68133	50.68809	-13.0299835	-135.857	739.0	821999	-12.967883	4.5890985	-0.6361544	-23.978466	12.968159	0.001813824	152467.16309309006
275	-137.369	34.12088	-93.116	-176.157	1000.0	824999	-12.99992	4.5841217	-0.6869376	-24.01052	13.000203	0.0027598306	152527.90052509308
276	-136.52766	35.755653	-86.019	-163.869	1000.0	827999	-12.990065	4.5901647	-0.8238189	-24.119812	12.990304	0.002332375	152591.44569468498
277	-124.40567	32.481262	-79.436	-155.005	1000.0	830999	-12.996432	4.5848656	-0.87382066	-24.007442	12.996716	0.0033715446	152654.36966252327
278	-64.06966	38.639774	-10.415902	-118.952	743.2	833999	-12.973547	4.5892687	-0.868595	-23.944714	12.973778	0.002116337	154218.79862618446
279	-95.297	13.217097	-76.88	-107.271	1000.0	836999	-12.97036	4.588779	-0.75748676	-23.975056	12.970618	0.0027651347	154283.66000676155
280	-119.91599	43.587	-82.646	-181.071	1000.0	839999	-12.951741	4.594233	-0.79469967	-23.9771	12.951911	0.0026921567	155603.8420164585
281	-127.508995	44.163322	-77.349	-184.816	1000.0	842999	-12.966024	4.586396	-0.8627718	-23.97232	12.966356	0.002624709	156667.91524100304
282	-123.965	42.509052	-63.978	-157.379	1000.0	845999	-12.946271	4.599783	-0.740769	-23.967546	12.946437	0.0019813944	157616.2727148533
283	-141.82967	7.067513	-136.735	-151.824	1000.0	848999	-12.952564	4.586176	-0.6081816	-23.947058	12.952895	0.0032849712	157677.97834539413
284	-116.22101	20.570183	-87.17	-132.061	1000.0	851999	-12.956987	4.595041	-0.61609954	-24.019346	12.957234	0.0024682905	157744.80053400993
285	-116.22166	49.86487	-74.032	-186.253	1000.0	854999	-12.944337	4.602988	-0.4796787	-23.98314	12.94467	0.0023533588	158885.59930729866
286	-127.86367	21.20809	-100.263	-151.829	1000.0	857999	-12.958512	4.583167	-0.39177573	-23.939995	12.958589	0.0018195807	158946.96168971062
287	-127.843666	37.88996	-85.846	-177.663	1000.0	860999	-12.959173	4.5898786	-0.35823953	-23.970032	12.959299	0.0017119898	159007.68254351616
288	-70.24502	38.4422	-8.334068	-113.984	786.25	863999	-12.936522	4.5849113	-0.25196087	-23.954296	12.936745	0.0028858276	161286.73206806183
289	-118.915	42.213737	-69.3	-172.476	1000.0	866999	-12.960441	4.581351	-0.35240197	-23.97785	12.960734	0.0023545085	162350.39833378792
290	-109.76767	45.967968	-66.072	-173.3	1000.0	869999	-12.929722	4.585603	-0.50557125	-23.947996	12.929873	0.0026766995	163474.0398964882
291	-131.356	42.385326	-71.511	-164.229	1000.0	872999	-12.928819	4.584691	-0.54015875	-23.953224	12.929021	0.0023030285	164468.32867741585
292	-148.41266	12.838727	-132.165	-163.555	1000.0	875999	-12.947855	4.59815	-0.61846113	-23.966347	12.948012	0.002014499	164529.664737463
293	-119.29199	31.969168	-78.97	-157.163	1000.0	878999	-12.952464	4.6002893	-0.5759806	-23.95315	12.952651	0.003390461	165512.20624136925
294	-159.232	27.758427	-122.02	-188.666	1000.0	881999	-12.950792	4.593218	-0.59320337	-23.90205	12.950924	0.0017837244	165572.09144425392
295	-145.94301	27.041864	-111.124	-177.05	1000.0	884999	-12.9657345	4.592354	-0.7205828	-23.90419	12.965869	0.001964079	165632.46190738678
296	-103.99265	47.183197	-38.191967	-146.489	903.0	887999	-12.965524	4.5898843	-0.76429456	-23.932245	12.9654455	0.0025385832	166377.18472981453
297	-109.461	41.496986	-77.821	-168.085	1000.0	890999	-12.966122	4.6015444	-0.5958163	-23.928621	12.966121	0.0023496153	167643.80476021767
298	-150.17267	28.773369	-110.064	-176.171	1000.0	893999	-12.969099	4.6015444	-0.6295365	-23.950315	12.9691725	0.0022837124	167755.5627603531
299	-117.14834	39.722298	-61.914	-153.635	1000.0	896999	-12.965462	4.6074066	-0.55797255	-23.944454	12.965538	0.0023885136	168700.22367024422
300	-112.09601	34.994667	-80.933	-160.973	1000.0	899999	-12.948524	4.60817	-0.81980157	-23.926699	12.948576	0.0023461396	168761.40568232536
301	-102.580666	30.534538	-80.951	-145.763	1000.0	902999	-12.95455	4.605401	-0.6478678	-23.94234	12.954703	0.0031721087	168824.0921163559
302	-160.46333	9.375736	-152.054	-173.546	1000.0	905999	-12.960875	4.6117024	-0.68922514	-23.934647	12.960954	0.0031523602	168884.6525747776
303	-122.07434	39.125374	-85.635	-176.354	1000.0	908999	-12.962792	4.6102314	-0.70245844	-23.884628	12.962878	0.0031476312	168946.39593458176
304	-91.18138	52.70318	-14.281508	-159.114	803.75	911999	-12.942869	4.6073494	-0.6371	-23.928741	12.943121	0.002521206	169082.82744312286
305	-163.566	9.732073	-155.374	-177.24	1000.0	914999	-12.944	4.6206026	-0.60266304	-23.992788	12.944359	0.002808391	169145.6544752121
306	-153.44832	17.640694	-129.316	-170.993	1000.0	917999	-12.980527	4.615136	-0.5224324	-23.92367	12.98077	0.002093761	169207.50496387482
307	-101.916664	19.867554	-76.279	-124.691	1000.0	920999	-12.976034	4.6134796	-0.5350372	-23.915283	12.97628	0.0020668712	170248.81256985664
308	-132.40367	20.971512	-116.515	-162.036	1000.0	923999	-12.978574	4.61564	-0.6200534	-23.926254	12.978787	0.0028320036	170309.27795648575
309	-154.567	39.639156	-101.221	-196.158	1000.0	926999	-12.982761	4.6105394	-0.48962438	-23.882664	12.982923	0.0019772963	170370.8604466915
310	-136.954	46.97136	-70.691	-174.132	1000.0	929999	-12.990908	4.6046324	-0.7277603	-23.92582	12.9911375	0.0020630804	171348.56631278992
311	-89.96726	69.031876	-18.80282	-166.695	701.0	932999	-13.00358	4.602652	-0.7585512	-24.050463	13.003807	0.0022910726	171948.93402838707
312	-130.92134	23.523157	-97.927	-151.098	1000.0	935999	-12.997072	4.615309	-0.6107677	-23.907831	12.997155	0.0026591117	172010.59649682045
313	-118.855995	11.564379	-107.511	-134.73	1000.0	938999	-12.977144	4.6038766	-0.83081025	-23.915499	12.977191	0.0019876796	172073.22749066353
314	-119.38999	15.699171	-107.638	-141.579	1000.0	941999	-12.998237	4.6011963	-0.9253653	-23.889168	12.998398	0.0021995942	172327.7173857689
315	-138.147	42.631874	-83.276	-187.218	1000.0	944999	-13.003679	4.596083	-0.8166127	-23.977201	13.003763	0.002585231	173291.6172759533
316	-100.31234	16.717928	-80.095	-121.036	1000.0	947999	-12.991847	4.5866256	-0.8231666	-23.903667	12.9920025	0.0019595728	174333.46298384666
317	-124.56205	66.46726	-12.72422	-181.949	804.75	950999	-12.973633	4.5965333	-0.8947278	-23.913343	12.973707	0.0024659336	174493.3111834526
318	-152.08167	27.994453	-119.297	-187.694	1000.0	953999	-12.99578	4.603727	-0.6629756	-23.987694	12.996043	0.002597611	174553.32838010788
319	-138.343	28.08859	-98.709	-160.465	1000.0	956999	-13.007499	4.601256	-0.8063678	-23.951088	13.007697	0.0016652314	174616.37336683273
320	-131.83067	11.697251	-115.636	-142.85	1000.0	959999	-13.019714	4.5898952	-0.7722719	-23.912848	13.019924	0.0030588098	174677.1821000576
321	-93.54175	56.05682	-14.973273	-141.98	755.0	962999	-13.020734	4.5921497	-0.7851297	-23.90496	13.020974	0.0029357427	174868.97133660316
322	-133.90172	70.02689	-13.741867	-185.512	801.25	965999	-13.028969	4.5932355	-0.65061	-23.955042	13.0291395	0.0023813127	174993.42713546753
323	-123.05533	21.750362	-100.585	-152.482	1000.0	968999	-13.031257	4.5924835	-0.67428875	-23.944368	13.031541	0.0026159957	175451.60558772087
324	-105.89567	37.722977	-74.141	-158.898	1000.0	971999	-13.020893	4.594673	-0.66925114	-23.948153	13.02115	0.0019685708	175985.99727010727
325	-132.875	25.039766	-97.516	-152.225	1000.0	974999	-13.039188	4.583755	-0.7370894	-23.894766	13.039381	0.0020489416	176050.06133508682
326	-128.88033	28.123163	-92.611	-161.149	1000.0	977999	-13.020751	4.5840073	-0.6943772	-23.937487	13.020875	0.0015684983	176112.43747615814
327	-134.12668	38.24657	-80.264	-165.337	1000.0	980999	-13.038688	4.580433	-0.7595372	-23.899467	13.038929	0.0027287407	177280.90133023262
328	-132.97734	25.43794	-112.752	-168.855	1000.0	983999	-13.03035	4.59156	-0.6447437	-23.928883	13.030429	0.0026225154	177919.83104729652
329	-105.72166	33.298195	-75.181	-152.034	1000.0	986999	-13.015257	4.5939384	-0.67703074	-24.05867	13.0154705	0.002329273	178456.02767276764
330	-134.51866	20.259384	-106.965	-155.097	1000.0	989999	-13.017316	4.587267	-0.60328007	-23.910803	13.017442	0.0021279275	178521.60042643547
331	-73.77495	41.585827	-9.065785	-124.624	792.75	992999	-13.010361	4.5765796	-0.7745189	-23.956776	13.010578	0.002223033	179573.48728990555
332	-108.63387	60.44992	-6.158489	-162.793	782.0	995999	-13.021255	4.581344	-0.71546817	-23.960302	13.021409	0.0018303584	179688.939909935
333	-68.48095	35.089096	-22.13887	-107.02	800.6667	998999	-13.015504	4.5919633	-0.60243934	-24.020948	13.015569	0.00269251	181209.7800412178
334	-119.458	36.148415	-69.118	-152.34	1000.0	1001999	-12.993829	4.588489	-0.74584997	-24.111153	12.993983	0.0027477457	182264.37772202492
