Epoch	AverageEpRet	StdEpRet	MaxEpRet	MinEpRet	EpLen	AverageVVals	StdVVals	MaxVVals	MinVVals	TotalEnvInteracts	LossPi	LossV	DeltaLossPi	DeltaLossV	Entropy	KL	ClipFrac	StopIter	Time
0	-1335.66	0.0	-1335.66	-1335.66	1000.0	-0.17430072	0.0029949402	-0.17263919	-0.18979129	1000	-3.8719176e-07	15402.729	-0.00411947	-2085.5732	0.918938	0.015290654	0.177	5.0	15.601082563400269
1	-963.52	0.0	-963.52	-963.52	1000.0	-8.954	0.037707333	-8.858643	-9.005127	2000	-3.376007e-07	6505.7847	-0.0061272	-944.2256	0.9174402	0.006161659	0.042	79.0	30.877108812332153
2	-876.28	0.0	-876.28	-876.28	1000.0	-15.234043	0.019154327	-15.190037	-15.265235	3000	4.0102006e-07	4371.041	-0.0046296353	-579.0884	0.9130706	-0.00061963114	0.012	79.0	45.88454604148865
3	-1012.26	0.0	-1012.26	-1012.26	1000.0	-20.026773	0.016144088	-19.996973	-20.050623	4000	-1.7642975e-08	5673.9497	-0.010018989	-727.6084	0.9204973	0.003857956	0.079	79.0	61.60657477378845
4	-1157.13	0.0	-1157.13	-1157.13	1000.0	-25.302584	0.008931059	-25.27898	-25.313465	5000	1.6212464e-07	7153.5283	-0.009746	-923.8335	0.9178429	0.0054605333	0.081	79.0	77.41822338104248
5	-1236.07	0.0	-1236.07	-1236.07	1000.0	-31.160187	0.004940651	-31.146896	-31.16593	6000	2.8657914e-07	7437.4683	-0.004441329	-935.1948	0.9218042	0.006394096	0.058	79.0	91.95587205886841
6	-827.31	0.0	-827.31	-827.31	1000.0	-36.98189	0.004838492	-36.97124	-36.987457	7000	2.9420852e-07	1768.5789	-0.004269532	-239.96765	0.92860216	0.017542625	0.213	6.0	106.909832239151
7	-563.08	0.0	-563.08	-563.08	1000.0	-40.13865	0.0038519674	-40.12877	-40.143486	8000	-4.053116e-09	222.82196	-0.004452357	-29.810074	0.92856765	0.017802747	0.111	4.0	120.86310291290283
8	-1495.25	0.0	-1495.25	-1495.25	1000.0	-41.34774	0.004851435	-41.335037	-41.352325	9000	1.2397766e-08	10807.784	-0.010248881	-1339.9111	0.92820454	0.010107792	0.082	79.0	136.4368703365326
9	-749.0	0.0	-749.0	-749.0	1000.0	-48.27952	0.004784578	-48.26821	-48.284397	10000	-1.2946128e-07	660.9244	-0.005139804	-87.27173	0.92490757	0.006335927	0.052	79.0	151.80697536468506
10	-989.89	0.0	-989.89	-989.89	1000.0	-50.473816	0.0034258913	-50.464733	-50.47688	11000	-3.256798e-07	2141.795	-0.006716624	-289.2578	0.9301647	0.0045904308	0.059	79.0	167.3389027118683
11	-1194.38	0.0	-1194.38	-1194.38	1000.0	-53.83739	0.0039201393	-53.82746	-53.84162	12000	5.5408475e-07	3893.628	-0.00710636	-551.7903	0.9298269	0.0059039	0.077	79.0	182.42493987083435
12	-900.22	0.0	-900.22	-900.22	1000.0	-58.6115	0.0028096042	-58.60439	-58.613964	13000	2.6988982e-07	895.67847	-0.0047558574	-148.75775	0.91608465	0.015868355	0.146	6.0	197.75822830200195
13	-527.34	0.0	-527.34	-527.34	1000.0	-61.2971	0.0031020425	-61.289112	-61.300438	14000	7.474422e-08	145.82338	-0.00259424	-10.001862	0.916332	0.01572941	0.146	6.0	212.59371089935303
14	-513.55	0.0	-513.55	-513.55	1000.0	-60.76898	0.002623896	-60.76179	-60.77119	15000	-2.9325486e-08	154.15787	-0.004492604	-19.016312	0.9168871	0.016840287	0.193	7.0	226.8846516609192
15	-1008.61	0.0	-1008.61	-1008.61	1000.0	-59.80576	0.0019598934	-59.79976	-59.80754	16000	9.8228455e-08	1579.0408	-0.011922006	-236.00366	0.9175025	0.010857057	0.106	79.0	242.23867869377136
16	-828.13	0.0	-828.13	-828.13	1000.0	-63.0389	0.0026965418	-63.033123	-63.04159	17000	3.3903123e-07	374.71124	-0.005989279	-69.664856	0.9250045	0.004347585	0.016	79.0	256.99710178375244
17	-745.32	0.0	-745.32	-745.32	1000.0	-65.0651	0.0029882991	-65.05892	-65.06797	18000	-7.307529e-08	78.43491	-0.0095948	-11.281815	0.9273343	0.01034917	0.073	79.0	272.47873187065125
18	-434.09	0.0	-434.09	-434.09	1000.0	-65.91878	0.0026790123	-65.91176	-65.92144	19000	6.2465666e-08	708.82794	-0.009067848	-97.79968	0.93588465	0.008750435	0.057	79.0	286.82799792289734
19	-1006.07	0.0	-1006.07	-1006.07	1000.0	-63.69547	0.0027770994	-63.68926	-63.698406	20000	-2.503395e-07	1248.0303	-0.00809987	-207.43494	0.94068694	0.0014843373	0.062	79.0	301.95722556114197
20	-578.32	0.0	-578.32	-578.32	1000.0	-66.90567	0.0027997512	-66.89929	-66.90867	21000	2.5510788e-08	163.3855	-0.0044436827	-11.665588	0.9385378	0.015465006	0.2	6.0	316.3042051792145
21	-822.38	0.0	-822.38	-822.38	1000.0	-66.27247	0.0034038683	-66.264626	-66.27674	22000	3.4451485e-08	232.23105	-0.011442406	-30.064331	0.93835753	0.008789505	0.07	79.0	331.13319301605225
22	-764.96	0.0	-764.96	-764.96	1000.0	-67.538025	0.0034618583	-67.53127	-67.542496	23000	-2.1755695e-09	415.80103	-0.009156053	-8.033569	0.9558033	0.005780603	0.086	79.0	346.0771572589874
23	-1524.55	0.0	-1524.55	-1524.55	1000.0	-68.3276	0.002896909	-68.32118	-68.330124	24000	-1.592636e-07	7255.6333	-0.007475393	-1335.6333	0.94990754	0.010597706	0.071	79.0	361.48657155036926
24	-1112.37	0.0	-1112.37	-1112.37	1000.0	-77.15561	0.0026733635	-77.1489	-77.15831	25000	2.0384789e-08	1730.2789	-0.0071681277	-289.24072	0.95991045	0.009087248	0.062	79.0	376.86385583877563
25	-1365.89	0.0	-1365.89	-1365.89	1000.0	-81.67704	0.0024721618	-81.671745	-81.67942	26000	-1.7797947e-07	3670.361	-0.012707713	-616.5762	0.9463102	0.003496967	0.087	79.0	392.36972761154175
26	-1689.38	0.0	-1689.38	-1689.38	1000.0	-87.73203	0.0024900963	-87.72652	-87.734406	27000	1.2922287e-07	6948.8257	-0.00837001	-1226.1548	0.92705476	0.0004961857	0.043	79.0	408.4264667034149
27	-1835.46	0.0	-1835.46	-1835.46	1000.0	-96.068794	0.002037332	-96.064156	-96.07076	28000	1.5974045e-07	7857.0557	-0.012628963	-1352.688	0.9358255	0.008271497	0.1	79.0	423.85081148147583
28	-878.26	0.0	-878.26	-878.26	1000.0	-104.591606	0.0017294803	-104.58764	-104.593346	29000	-4.7445297e-08	286.12454	-0.006897311	-15.760498	0.9339772	0.005286005	0.064	79.0	438.8676812648773
29	-976.89	0.0	-976.89	-976.89	1000.0	-104.044235	0.0019731352	-104.03986	-104.0463	30000	-4.0233136e-08	88.12407	-0.007553682	-10.228966	0.9353156	0.0053700223	0.046	79.0	453.8903605937958
30	-660.23	0.0	-660.23	-660.23	1000.0	-103.23664	0.0024171725	-103.231	-103.23908	31000	6.7472456e-08	1368.4268	-0.004334016	-230.4148	0.9367533	0.016831325	0.157	7.0	468.5426857471466
31	-908.06	0.0	-908.06	-908.06	1000.0	-99.75298	0.0019636843	-99.748344	-99.75491	32000	1.4519692e-07	113.39397	-0.0056484644	-20.73964	0.9364684	0.0037822747	0.074	79.0	483.8906149864197
32	-974.42	0.0	-974.42	-974.42	1000.0	-98.48355	0.0023673754	-98.478134	-98.485855	33000	-1.5832484e-08	198.85335	-0.008305834	0.0012054443	0.92040634	0.005586289	0.07	79.0	498.5810089111328
33	-924.09	0.0	-924.09	-924.09	1000.0	-98.38553	0.0017498023	-98.38134	-98.387215	34000	-5.1677226e-08	54.597878	-0.011669445	-4.615158	0.91745627	0.0085166935	0.085	79.0	513.8145825862885
34	-705.68	0.0	-705.68	-705.68	1000.0	-97.86744	0.0019623335	-97.86304	-97.86948	35000	9.918213e-08	761.24457	-0.009953841	-140.27325	0.9301466	0.0071250834	0.078	79.0	529.0410392284393
35	-1668.41	0.0	-1668.41	-1668.41	1000.0	-94.93245	0.0028462189	-94.92572	-94.93511	36000	1.4865398e-07	5704.3193	-0.009646301	-957.96826	0.92942935	0.0071313623	0.08	79.0	543.7033047676086
36	-1615.03	0.0	-1615.03	-1615.03	1000.0	-102.2339	0.0023830002	-102.228035	-102.23624	37000	-6.1631205e-08	4320.0454	-0.01125542	-767.57056	0.9316772	0.0076772347	0.088	79.0	559.3509304523468
37	-947.18	0.0	-947.18	-947.18	1000.0	-109.18882	0.0020996272	-109.18362	-109.190605	38000	6.687641e-08	377.70328	-0.012258915	-29.168243	0.9263365	0.009241503	0.09	79.0	574.4084260463715
38	-920.79	0.0	-920.79	-920.79	1000.0	-108.20658	0.0016364015	-108.20281	-108.20817	39000	9.083748e-08	262.3754	-0.0043535675	-52.182693	0.90859383	0.016212141	0.138	3.0	589.2129120826721
39	-637.24	0.0	-637.24	-637.24	1000.0	-106.36439	0.001745957	-106.36013	-106.36602	40000	1.3256073e-07	1729.1416	-0.008212847	-343.54053	0.90839106	0.0025656712	0.055	79.0	604.1819009780884
40	-1503.32	0.0	-1503.32	-1503.32	1000.0	-101.765335	0.0021746843	-101.76	-101.76746	41000	6.103516e-08	2969.6604	-0.007376501	-451.69604	0.9176594	0.0062144618	0.056	79.0	618.7994322776794
41	-1059.02	0.0	-1059.02	-1059.02	1000.0	-106.66864	0.0018181241	-106.664566	-106.67023	42000	3.3169986e-08	38.44799	-0.009091632	1.6578407	0.91203356	0.006098993	0.075	79.0	633.9104428291321
42	-1546.69	0.0	-1546.69	-1546.69	1000.0	-107.01166	0.0017744688	-107.007416	-107.01319	43000	-8.34465e-08	2795.4353	-0.002446695	-480.07568	0.90343523	0.015710637	0.139	4.0	648.3522579669952
43	-822.04	0.0	-822.04	-822.04	1000.0	-112.3681	0.001906355	-112.36321	-112.369606	44000	1.3327599e-07	850.16425	-0.008211657	-115.47839	0.90324813	0.0070542796	0.092	79.0	663.7919976711273
44	-1949.95	0.0	-1949.95	-1949.95	1000.0	-110.00716	0.0018922723	-110.00204	-110.0086	45000	6.556511e-08	7574.8584	-0.005953367	-1319.9688	0.88988173	0.0058991057	0.081	79.0	678.9398980140686
45	-1596.53	0.0	-1596.53	-1596.53	1000.0	-118.530624	0.0016744004	-118.52656	-118.53203	46000	-3.5762787e-10	2217.6357	-0.0124638155	-410.48486	0.8868256	0.0058217514	0.102	79.0	695.2202436923981
46	-1142.61	0.0	-1142.61	-1142.61	1000.0	-123.78933	0.0013759618	-123.7858	-123.790344	47000	-7.152557e-09	102.33728	-0.010576418	-9.170425	0.8807905	0.0019642804	0.071	79.0	710.6982486248016
47	-617.3	0.0	-617.3	-617.3	1000.0	-123.270096	0.0017952996	-123.26542	-123.27146	48000	1.1920929e-07	3423.2737	-0.005509274	-632.7842	0.8893773	0.0080260765	0.073	79.0	726.6637208461761
48	-938.82	0.0	-938.82	-938.82	1000.0	-117.23453	0.001494048	-117.230675	-117.23574	49000	1.9049645e-07	583.3807	-0.016979098	-127.2012	0.88691473	0.009262095	0.09	79.0	742.4508588314056
49	-775.14	0.0	-775.14	-775.14	1000.0	-114.18965	0.0020333028	-114.18437	-114.19112	50000	5.0735474e-07	1120.9492	-0.0061586495	-230.3194	0.9096835	0.002821068	0.036	79.0	758.2648062705994
50	-977.54	0.0	-977.54	-977.54	1000.0	-110.3918	0.0022558814	-110.385574	-110.39356	51000	1.0919571e-07	166.06577	-0.015598553	-38.689827	0.90304494	0.0091875335	0.141	79.0	773.9265265464783
51	-989.41	0.0	-989.41	-989.41	1000.0	-108.65395	0.0022667276	-108.648506	-108.65567	52000	8.463859e-08	75.31027	-0.009688785	-14.344379	0.9029057	0.0061193523	0.074	79.0	789.9805071353912
52	-680.99	0.0	-680.99	-680.99	1000.0	-107.62933	0.002982555	-107.622	-107.63177	53000	8.34465e-09	1654.4724	-0.008719322	-332.9994	0.91144466	0.010930205	0.072	79.0	805.6134724617004
53	-1410.92	0.0	-1410.92	-1410.92	1000.0	-102.98406	0.00391658	-102.97445	-102.987076	54000	4.2319297e-08	1820.7461	-0.008748293	-297.59192	0.9154271	0.005759323	0.062	79.0	820.8621280193329
54	-649.34	0.0	-649.34	-649.34	1000.0	-107.08362	0.0029623352	-107.07608	-107.08576	55000	3.733635e-07	1572.6167	-0.008807419	-292.18542	0.92360026	0.004760721	0.096	79.0	835.7763595581055
55	-632.67	0.0	-632.67	-632.67	1000.0	-103.02734	0.005412129	-103.01464	-103.03176	56000	1.578331e-07	1704.1544	-0.008343734	-370.08594	0.9291407	0.007577157	0.034	79.0	851.4490761756897
56	-1747.45	0.0	-1747.45	-1747.45	1000.0	-97.891365	0.017950471	-97.8477	-97.90769	57000	-1.7762184e-07	6105.352	-0.0043585054	-1102.354	0.9363972	0.022280125	0.124	3.0	866.4623324871063
57	-1521.37	0.0	-1521.37	-1521.37	1000.0	-105.80106	0.0031506915	-105.79339	-105.80368	58000	1.2338161e-07	2588.719	-1.7137647e-05	-504.6914	0.936435	0.019981137	0.238	3.0	880.5383102893829
58	-779.66	0.0	-779.66	-779.66	1000.0	-111.67544	0.0020215032	-111.67023	-111.677	59000	-1.0347366e-07	967.6232	-0.008942926	-149.29816	0.93634886	0.0028793481	0.085	79.0	896.6088721752167
59	-770.55	0.0	-770.55	-770.55	1000.0	-108.989136	0.0028039503	-108.98198	-108.991425	60000	-2.1076202e-07	909.2336	-0.0016064015	-198.21179	0.9256635	0.015930176	0.151	5.0	911.6743261814117
60	-1162.22	0.0	-1162.22	-1162.22	1000.0	-105.36076	0.004140698	-105.34924	-105.3642	61000	1.5407801e-08	426.35947	-0.013382859	-30.566345	0.92599607	0.015151295	0.117	55.0	926.7111167907715
61	-811.26	0.0	-811.26	-811.26	1000.0	-106.55696	0.0057458244	-106.542206	-106.56181	62000	5.3882598e-08	675.05865	-0.0056092115	-126.08368	0.92897207	0.015570689	0.158	5.0	942.0542469024658
62	-821.43	0.0	-821.43	-821.43	1000.0	-103.82419	0.009235727	-103.802055	-103.83121	63000	-1.2254715e-07	488.71716	-0.005911418	-110.811646	0.92933494	0.005920047	0.069	79.0	957.8618316650391
63	-1591.5	0.0	-1591.5	-1591.5	1000.0	-100.961784	0.02100793	-100.91057	-100.97623	64000	-5.4836273e-09	3786.8967	-0.0052667563	-704.2742	0.92158794	0.0029612307	0.055	79.0	973.1550133228302
64	-1669.94	0.0	-1669.94	-1669.94	1000.0	-107.54623	0.0030292808	-107.538185	-107.54815	65000	1.2671947e-07	4016.0571	-0.010522997	-818.9751	0.9200322	0.014302617	0.105	79.0	988.5125994682312
65	-1101.37	0.0	-1101.37	-1101.37	1000.0	-114.99704	0.0025629054	-114.99054	-114.99884	66000	-2.938509e-08	74.61935	-0.01307866	2.29908	0.9472681	0.014196583	0.119	79.0	1004.3269572257996
66	-1614.65	0.0	-1614.65	-1614.65	1000.0	-115.42881	0.0024609542	-115.422005	-115.430405	67000	5.9127807e-08	2369.7205	-0.0092453305	-442.51965	0.97324425	0.012083869	0.096	79.0	1019.945193529129
67	-1512.55	0.0	-1512.55	-1512.55	1000.0	-120.64345	0.0018815063	-120.63832	-120.64463	68000	4.8279762e-08	1236.8157	-0.009015724	-247.39258	0.97416246	0.0077835005	0.093	79.0	1035.5995762348175
68	-2034.73	0.0	-2034.73	-2034.73	1000.0	-124.87469	0.0011469474	-124.871666	-124.87542	69000	1.16109845e-07	6475.451	-0.007078566	-1260.1836	0.97137314	0.007680058	0.075	79.0	1051.2435731887817
69	-598.41	0.0	-598.41	-598.41	1000.0	-133.71242	0.002675023	-133.70528	-133.71408	70000	-9.226799e-08	5421.8467	-0.017576734	-853.50684	0.98274404	0.010670994	0.137	79.0	1066.6215250492096
70	-1162.16	0.0	-1162.16	-1162.16	1000.0	-127.30655	0.00313991	-127.29801	-127.30863	71000	2.2935868e-07	110.0803	-0.013364569	-32.57332	0.97686654	-0.0009912021	0.159	79.0	1082.569005727768
71	-1331.8	0.0	-1331.8	-1331.8	1000.0	-125.49336	0.0033834984	-125.483795	-125.49549	72000	5.1259995e-08	127.17638	-0.013969681	-14.032227	0.9713796	0.0047963345	0.097	79.0	1098.562790632248
72	-1552.22	0.0	-1552.22	-1552.22	1000.0	-126.33498	0.0030584508	-126.32624	-126.336845	73000	4.7564505e-08	1301.9691	-0.0028912232	-200.10303	0.96141666	0.017039917	0.176	4.0	1113.0969438552856
73	-788.04	0.0	-788.04	-788.04	1000.0	-129.81187	0.0036399132	-129.80125	-129.814	74000	-2.4223328e-07	2195.619	-0.0063336054	-390.0946	0.9610433	0.0055386983	0.044	79.0	1128.851418018341
74	-1854.74	0.0	-1854.74	-1854.74	1000.0	-125.21472	0.008954221	-125.184616	-125.22001	75000	2.4557114e-08	4028.0928	-0.010369299	-660.895	0.949807	0.0036594903	0.071	79.0	1144.5572581291199
75	-479.79	0.0	-479.79	-479.79	1000.0	-131.09201	0.008333565	-131.06573	-131.0966	76000	1.2826919e-07	6508.013	-0.01299525	-5991.04	0.9504916	0.015092017	0.097	71.0	1160.0394921302795
76	-650.34	0.0	-650.34	-650.34	1000.0	-68.09417	3.7319264	-56.75244	-71.42339	77000	-5.3644182e-09	19.413343	-0.0062381933	-7.8516207	0.9588067	0.028069125	0.368	3.0	1175.3255622386932
77	-662.35	0.0	-662.35	-662.35	1000.0	-66.46326	2.9960237	-57.85115	-69.09217	78000	3.4527854e-08	30.179213	-0.004214523	-12.032902	0.9591185	0.018588882	0.17	7.0	1190.0479991436005
78	-823.67	0.0	-823.67	-823.67	1000.0	-64.55031	4.406053	-52.12603	-67.91114	79000	-9.584427e-08	299.43143	-0.015015405	-275.21887	0.9595081	0.011730774	0.137	79.0	1206.5676445960999
79	-1432.16	0.0	-1432.16	-1432.16	1000.0	-89.9423	2.4041789	-83.72422	-91.90509	80000	1.7237663e-07	3031.1917	-0.0029136247	-2467.8066	0.9413376	0.016834052	0.095	4.0	1222.0982298851013
80	-1361.02	0.0	-1361.02	-1361.02	1000.0	-127.131096	0.19566523	-126.62665	-127.28007	81000	-5.275011e-08	333.17975	-0.008960421	-37.767944	0.94046474	0.0026825333	0.058	79.0	1238.2841448783875
81	-491.02	0.0	-491.02	-491.02	1000.0	-128.33278	0.4240275	-127.200714	-128.62038	82000	-1.0490417e-08	5719.3623	-0.009963593	-5391.0513	0.9286457	0.010846846	0.085	79.0	1254.2597045898438
82	-950.67	0.0	-950.67	-950.67	1000.0	-68.29999	2.6445425	-61.10304	-70.68377	83000	1.6069413e-07	639.8014	-0.006632822	-612.4104	0.9233775	0.015654184	0.169	9.0	1269.4259588718414
83	-1108.41	0.0	-1108.41	-1108.41	1000.0	-92.34481	1.928795	-87.44658	-94.171745	84000	1.1229515e-07	302.1588	-0.013490024	-286.71478	0.92168194	0.017017057	0.203	12.0	1284.8755285739899
84	-198.09	0.0	-198.09	-198.09	515.0	-108.92553	6.1263814	-100.10445	-115.905594	85000	3.9339065e-09	3465.9524	-0.0076102507	-3103.4883	0.91995645	0.006438812	0.054	79.0	1301.2453191280365
85	-735.44	0.0	-735.44	-735.44	1000.0	-8.309681	11.1857395	2.535192	-33.200947	86000	-5.2309036e-07	3306.1711	-0.0057888576	-3145.949	0.9078907	0.016560942	0.121	8.0	1315.8749334812164
86	-996.04	0.0	-996.04	-996.04	1000.0	-88.30938	4.433709	-83.5808	-97.64728	87000	2.7680397e-07	84.57359	-0.009280608	-76.883415	0.90598494	0.010827427	0.051	79.0	1331.59024143219
87	-769.21	0.0	-769.21	-769.21	1000.0	-98.47485	2.8211548	-95.54908	-105.52976	88000	4.6920778e-07	439.80234	-0.0059697675	-398.34003	0.9019893	0.0037210146	0.061	79.0	1347.1172523498535
88	-369.73	0.0	-369.73	-369.73	1000.0	-65.51574	4.925327	-60.852154	-77.41203	89000	1.8787384e-07	838.36127	-0.0118364515	-774.6095	0.8963245	0.008778591	0.115	79.0	1363.2562518119812
89	-1435.76	0.0	-1435.76	-1435.76	1000.0	-103.45731	1.3552918	-101.98303	-106.60882	90000	-4.0769578e-08	1795.7848	-0.010315842	-1327.3037	0.8827914	0.0073327143	0.089	79.0	1379.4653956890106
90	-1230.84	0.0	-1230.84	-1230.84	1000.0	-120.8831	0.16137728	-120.563354	-121.31216	91000	-2.2694469e-08	100.63294	-0.006384725	-17.000183	0.88593465	0.0057727266	0.049	79.0	1395.5935862064362
91	-1329.92	0.0	-1329.92	-1329.92	1000.0	-125.61955	0.19074672	-125.15022	-125.83134	92000	-5.4508448e-08	231.02681	-0.010436342	-44.067276	0.88405657	0.00024587713	0.059	79.0	1412.0802936553955
92	-1312.67	0.0	-1312.67	-1312.67	1000.0	-127.93801	0.26503548	-127.289764	-128.18292	93000	1.0102987e-08	133.81773	-0.006365752	-13.699661	0.8732317	0.0076433974	0.068	79.0	1428.001320362091
93	-1543.17	0.0	-1543.17	-1543.17	1000.0	-130.22505	0.15349197	-129.85469	-130.35297	94000	3.4451485e-08	847.6489	-0.007821625	-218.15808	0.8878581	0.002834241	0.051	79.0	1444.334549188614
94	-486.82	0.0	-486.82	-486.82	1000.0	-123.983894	2.4330435	-118.01288	-126.13437	95000	-1.0848046e-07	5351.4775	-0.010845253	-5062.073	0.8791853	0.009658781	0.062	79.0	1460.3947353363037
95	-1699.31	0.0	-1699.31	-1699.31	1000.0	-131.2258	0.08362658	-131.05647	-131.47618	96000	7.021427e-08	1975.5685	-0.0040284093	-627.15564	0.8751755	0.016656704	0.128	15.0	1475.2032389640808
96	-1710.43	0.0	-1710.43	-1710.43	1000.0	-140.03807	0.063316196	-139.9034	-140.11484	97000	3.5762787e-10	1393.3965	-0.014532476	-368.9353	0.8779005	0.00065200735	0.121	79.0	1490.3105013370514
97	-288.1	0.0	-288.1	-288.1	575.0	-118.05784	22.118105	-93.13249	-144.01657	98000	2.8610229e-08	3551.0562	-0.01259227	-3162.4336	0.88109285	0.01122503	0.119	79.0	1506.8331084251404
98	-1443.77	0.0	-1443.77	-1443.77	1000.0	-133.40923	2.232055	-131.07619	-139.07938	99000	8.5830685e-09	339.39932	-0.007927319	-184.81519	0.8922273	0.018164206	0.171	9.0	1521.9304864406586
99	-1336.89	0.0	-1336.89	-1336.89	1000.0	-142.2915	0.8793057	-141.48001	-144.4624	100000	2.1606684e-08	590.6194	-0.008627899	-14.22998	0.89319587	0.0066249194	0.068	79.0	1537.2306606769562
100	-1453.52	0.0	-1453.52	-1453.52	1000.0	-144.16081	0.26587242	-143.91043	-144.96036	101000	-5.296618e-08	323.26028	-0.005352078	-19.449036	0.86586326	0.019039523	0.239	3.0	1552.4626128673553
101	-1593.64	0.0	-1593.64	-1593.64	1000.0	-146.04327	0.13674827	-145.85765	-146.43391	102000	6.192923e-08	644.4534	-0.0092665525	-118.451294	0.8653282	0.00779156	0.099	79.0	1568.4343342781067
102	-718.47	0.0	-718.47	-718.47	1000.0	-125.393585	2.389082	-121.86751	-133.54388	103000	-4.3964386e-07	2613.387	-0.0060662036	-2490.1558	0.84615266	0.0036434303	0.057	79.0	1584.5801177024841
103	-1035.56	0.0	-1035.56	-1035.56	1000.0	-96.181816	3.1386693	-92.0082	-107.61875	104000	-2.0861625e-08	39.02113	-0.0055804225	-31.823008	0.8473952	0.008133452	0.048	79.0	1600.7349536418915
104	-157.23	0.0	-157.23	-157.23	282.0	-125.49565	35.1437	-60.340015	-148.0408	105000	-1.6767531e-08	973.8246	-0.010743445	-575.9774	0.83310026	0.015798634	0.169	71.0	1615.7436742782593
105	-1363.87	0.0	-1363.87	-1363.87	1000.0	-136.92328	2.6001422	-134.43336	-144.56941	106000	-8.6613e-09	156.60165	-0.0048523294	-27.04898	0.8371718	0.01597563	0.105	12.0	1630.2093567848206
106	-1209.37	0.0	-1209.37	-1209.37	1000.0	-134.81294	1.9028262	-133.01872	-141.13673	107000	-5.9366226e-08	160.1576	-0.010375598	-129.5807	0.8359161	0.004228931	0.091	79.0	1646.0026099681854
107	-1052.77	0.0	-1052.77	-1052.77	1000.0	-82.328766	5.0009356	-75.320915	-99.77871	108000	2.193451e-08	472.53204	-0.011452627	-419.7134	0.84308535	0.009760708	0.095	79.0	1662.1245925426483
108	-929.76	0.0	-929.76	-929.76	1000.0	-118.77133	2.4654193	-116.44781	-127.30368	109000	1.6641617e-07	555.50507	-0.0034356709	-523.0779	0.830073	0.0177699	0.228	3.0	1677.1614482402802
109	-479.54	0.0	-479.54	-479.54	1000.0	24.681149	2.9755197	27.707264	13.434123	110000	-9.202957e-08	4051.3362	-0.0025152664	-3857.8484	0.8299104	0.016023915	0.111	8.0	1692.5660192966461
110	-622.51	0.0	-622.51	-622.51	1000.0	-65.646454	10.404867	-56.076115	-96.362885	111000	-3.576279e-08	59.57678	-0.011745839	-48.591747	0.8289791	0.009730798	0.119	79.0	1708.7432560920715
111	-943.84	0.0	-943.84	-943.84	1000.0	-115.33385	4.02587	-110.47124	-126.60211	112000	3.0755995e-08	442.9249	-0.009668571	-365.67148	0.82320875	0.010570339	0.11	79.0	1725.0257573127747
112	-432.48	0.0	-432.48	-432.48	1000.0	-46.287327	2.4815998	-41.602104	-54.262096	113000	1.0430813e-08	96.02907	-0.014104659	-79.549835	0.8243829	0.015045976	0.157	28.0	1740.5904898643494
113	-528.08	0.0	-528.08	-528.08	1000.0	-54.464397	6.1255836	-48.79368	-74.28516	114000	1.9669533e-09	40.175694	-0.014221263	-30.62451	0.82537466	0.0057216473	0.075	79.0	1756.2626650333405
114	-1160.56	0.0	-1160.56	-1160.56	1000.0	-99.46467	1.4497056	-97.10978	-104.75642	115000	-9.9897385e-08	329.286	-0.009996829	-287.74786	0.7940494	0.008447679	0.082	79.0	1772.28635430336
115	-212.18	0.0	-212.18	-212.18	321.0	-98.29357	50.48995	-22.93965	-134.60797	116000	-2.604723e-08	963.0067	-0.006711444	-600.24023	0.77962685	0.01568292	0.136	10.0	1787.5955064296722
116	-1192.59	0.0	-1192.59	-1192.59	1000.0	-144.74019	1.1042548	-143.40764	-148.41698	117000	6.7949294e-08	583.27655	-0.010770903	-345.98117	0.7786817	0.01093047	0.113	79.0	1803.090910434723
117	-1415.52	0.0	-1415.52	-1415.52	1000.0	-125.679344	2.0361402	-122.602905	-133.01228	118000	-9.220839e-08	429.38257	-0.0070884945	-323.83258	0.76774013	0.0074214214	0.098	79.0	1819.0777115821838
118	-1615.58	0.0	-1615.58	-1615.58	1000.0	-150.77122	0.1563317	-150.43925	-150.94342	119000	5.4121017e-08	420.77734	-0.009804498	-122.586914	0.76150465	0.003976542	0.048	79.0	1835.020500421524
119	-624.04	0.0	-624.04	-624.04	1000.0	-67.47306	5.2674656	-57.16054	-76.07259	120000	3.616512e-08	137.26897	-0.014953854	-123.162704	0.74856484	0.012173249	0.137	79.0	1850.7167437076569
120	-1348.74	0.0	-1348.74	-1348.74	1000.0	-149.05338	0.65331846	-148.19916	-151.77647	121000	-2.2470951e-08	226.54326	-0.0077284956	-98.148026	0.7532318	0.016464442	0.125	25.0	1866.2452247142792
121	-1268.59	0.0	-1268.59	-1268.59	1000.0	-148.19803	0.4703056	-147.51349	-149.79008	122000	-5.6028364e-09	418.5779	-0.0033966925	-253.02527	0.755321	0.015664889	0.143	3.0	1881.5956861972809
122	-1733.95	0.0	-1733.95	-1733.95	1000.0	-145.30838	0.71318686	-143.795	-146.10558	123000	-8.440018e-08	1073.0276	-0.0053564096	-674.53613	0.75565726	0.01867339	0.33	8.0	1896.7999868392944
123	-1271.59	0.0	-1271.59	-1271.59	1000.0	-154.9582	0.61327916	-153.66966	-155.87343	124000	2.1100044e-08	612.1616	-0.008134151	-503.0611	0.75651175	0.00027240784	0.061	79.0	1912.2688615322113
124	-1404.94	0.0	-1404.94	-1404.94	1000.0	-129.94048	2.0906928	-125.702194	-133.56999	125000	1.1324882e-08	185.79205	-0.0024670141	-139.46506	0.75465745	0.017083796	0.239	4.0	1926.5831389427185
125	-1144.08	0.0	-1144.08	-1144.08	1000.0	-128.21104	4.7472343	-116.42637	-133.09636	126000	9.393692e-08	155.4562	-0.007560766	-124.4183	0.75483656	0.017664276	0.219	7.0	1942.1481232643127
126	-482.53	0.0	-482.53	-482.53	1000.0	-37.061985	6.069298	-22.690939	-44.773598	127000	5.9604643e-10	198.78566	-0.0078824395	-192.69092	0.7547556	0.003641725	0.096	79.0	1958.0037808418274
127	-1211.72	0.0	-1211.72	-1211.72	1000.0	-138.61389	1.0590746	-137.10757	-142.54959	128000	6.2942505e-08	267.1508	-0.01242169	-198.44171	0.7562986	0.004241827	0.105	79.0	1973.0864052772522
128	-1533.83	0.0	-1533.83	-1533.83	1000.0	-146.79536	0.7638486	-144.76433	-147.80257	129000	6.645918e-09	197.2396	-0.0065269056	-96.123436	0.7336956	0.007519006	0.081	79.0	1989.2325692176819
129	-1147.08	0.0	-1147.08	-1147.08	1000.0	-137.55057	1.6843349	-132.92647	-139.979	130000	-2.503395e-08	397.46783	-0.0026717577	-367.33316	0.73004436	0.017276507	0.262	4.0	2005.3847870826721
130	-414.43	0.0	-414.43	-414.43	1000.0	-0.17282006	7.587031	19.031326	-8.977526	131000	4.5657156e-08	1687.0459	-0.013412438	-1652.3108	0.72985166	0.0052658883	0.102	79.0	2021.0025746822357
131	-1359.96	0.0	-1359.96	-1359.96	1000.0	-131.50992	2.8285306	-129.13458	-140.11996	132000	-6.7055224e-09	100.64127	-0.0066391514	-53.435028	0.71403784	0.00015006686	0.037	79.0	2036.7677900791168
132	-1158.95	0.0	-1158.95	-1158.95	1000.0	-134.39462	0.83435094	-133.51881	-138.00525	133000	-1.6903877e-07	306.09982	-0.004538232	-261.12665	0.69518	0.0035829307	0.041	79.0	2053.155795097351
133	-1744.07	0.0	-1744.07	-1744.07	1000.0	-136.41362	2.991734	-128.45998	-139.0674	134000	1.578331e-07	1638.4624	-0.009695425	-1352.7844	0.69184446	0.011523513	0.149	79.0	2069.7406208515167
134	-1276.23	0.0	-1276.23	-1276.23	1000.0	-160.24687	0.31808698	-159.59618	-160.77666	135000	1.16109845e-07	829.3474	-0.005714193	-747.0553	0.6984975	-0.00015167451	0.033	79.0	2085.9674191474915
135	-1706.78	0.0	-1706.78	-1706.78	1000.0	-155.56935	0.5818063	-153.84222	-156.26767	136000	-6.264448e-08	427.8103	-0.010093863	-263.9261	0.6839304	0.0065902644	0.084	79.0	2102.4370284080505
136	-1068.8	0.0	-1068.8	-1068.8	1000.0	-154.77902	0.9631185	-152.09634	-156.28543	137000	2.0980835e-07	1813.9325	-0.010769546	-1719.9763	0.6752958	0.011344469	0.122	79.0	2117.9300231933594
137	-414.85	0.0	-414.85	-414.85	1000.0	-28.739485	5.1019	-15.492965	-34.32501	138000	-2.077222e-08	415.91257	-0.009611802	-394.05908	0.66621447	0.0027536065	0.065	79.0	2133.725158214569
138	-418.07	0.0	-418.07	-418.07	1000.0	-29.763731	13.877908	-19.163332	-70.28306	139000	2.616644e-08	51.772163	-0.015443242	-30.61342	0.67989594	0.010691695	0.16	79.0	2149.6299262046814
139	-443.04	0.0	-443.04	-443.04	1000.0	-53.87946	12.779258	-43.230396	-93.35069	140000	-2.4676323e-08	190.10724	-0.009325386	-179.27002	0.67856604	0.004169795	0.107	79.0	2166.4534742832184
140	-1760.97	0.0	-1760.97	-1760.97	1000.0	-151.71437	1.1084197	-148.65866	-152.60808	141000	-5.066395e-08	954.3599	-0.009141524	-652.6954	0.66478246	0.007960804	0.097	79.0	2181.9482645988464
141	-365.96	0.0	-365.96	-365.96	1000.0	-82.0556	2.8294501	-78.52391	-98.22214	142000	-6.4611434e-08	2355.9634	-0.007980216	-2213.89	0.6628845	0.009978676	0.05	79.0	2197.9665546417236
142	-1137.0	0.0	-1137.0	-1137.0	1000.0	-144.03656	2.142125	-141.75688	-151.85149	143000	-1.4829635e-07	776.59753	-0.0064184195	-722.3224	0.67301244	0.0031794212	0.039	79.0	2214.27242231369
143	-1779.32	0.0	-1779.32	-1779.32	1000.0	-159.15022	2.2944894	-152.48177	-160.55855	144000	5.173683e-08	600.04803	-0.0062416815	-397.7309	0.652914	0.016518557	0.214	8.0	2229.5210740566254
144	-1671.23	0.0	-1671.23	-1671.23	1000.0	-173.59975	0.98681974	-170.67645	-174.26834	145000	2.9429794e-08	243.2212	-0.01201769	-68.13516	0.6515329	0.010330942	0.16	79.0	2245.671490430832
145	-1516.84	0.0	-1516.84	-1516.84	1000.0	-168.6132	4.0055637	-157.16495	-171.07652	146000	3.159046e-08	241.10497	-0.0041564927	-184.188	0.64776945	0.015432522	0.118	18.0	2260.9979202747345
146	-418.41	0.0	-418.41	-418.41	1000.0	-86.214294	9.012145	-64.72002	-94.875145	147000	2.9563903e-08	1938.0475	-0.013380578	-1808.4567	0.64834076	0.015129201	0.097	32.0	2276.3208146095276
147	-397.35	0.0	-397.35	-397.35	1000.0	-8.202475	3.7594585	-3.4672775	-28.059444	148000	2.052784e-07	706.28107	-0.010558759	-682.5099	0.65392905	0.0069011776	0.086	79.0	2292.4350204467773
148	-1314.42	0.0	-1314.42	-1314.42	1000.0	-127.859795	3.8876386	-117.909035	-131.72282	149000	2.1070242e-08	142.91551	-0.012876893	-99.23818	0.66491216	0.012987098	0.087	79.0	2308.754137992859
149	-1266.15	0.0	-1266.15	-1266.15	1000.0	-134.44904	7.9888115	-113.79381	-140.11765	150000	1.17301944e-07	21.436577	-0.013058575	-20.347662	0.64245635	0.003513125	0.085	79.0	2324.3513028621674
150	-1454.4	0.0	-1454.4	-1454.4	1000.0	-139.83107	9.357343	-115.517654	-145.90573	151000	-5.2452087e-09	138.87177	-0.014020676	-113.408905	0.6288526	0.005452668	0.085	79.0	2340.1960260868073
151	-1194.21	0.0	-1194.21	-1194.21	1000.0	-127.867226	9.114355	-103.56262	-134.3713	152000	3.9935113e-08	98.070526	-0.015123176	-82.779236	0.6193646	0.011320598	0.092	79.0	2356.748502254486
152	-949.3	0.0	-949.3	-949.3	1000.0	-91.657486	2.0165358	-88.368355	-95.93509	153000	-5.0991773e-08	34.840485	-0.009944514	-18.178541	0.65193367	0.009309903	0.119	79.0	2373.261536836624
153	-836.79	0.0	-836.79	-836.79	1000.0	-119.25561	6.030485	-103.67913	-123.54861	154000	6.456375e-07	974.8883	-0.0073028794	-928.5618	0.66519016	0.0034498088	0.075	79.0	2389.700008392334
154	-920.43	0.0	-920.43	-920.43	1000.0	-83.43438	6.992245	-67.95158	-89.516556	155000	1.8119811e-08	94.79461	-0.010338494	-90.86734	0.67307687	0.00756689	0.133	79.0	2405.83939409256
155	-623.15	0.0	-623.15	-623.15	1000.0	-48.004093	4.2606707	-43.07319	-63.772606	156000	3.5762786e-09	127.505516	-0.009989554	-122.08889	0.66798055	0.008565126	0.086	79.0	2421.204934120178
156	-2047.79	0.0	-2047.79	-2047.79	1000.0	-138.61832	8.778238	-116.631615	-145.74321	157000	-1.3446808e-07	4500.6216	-0.001388421	-3899.3389	0.6703093	0.016280835	0.292	3.0	2436.2393341064453
157	-1177.78	0.0	-1177.78	-1177.78	1000.0	-178.38644	1.0951028	-174.42447	-179.90588	158000	-2.79665e-07	2898.5146	-0.008920686	-2729.215	0.67048174	0.006578431	0.075	79.0	2452.3637425899506
158	-1159.16	0.0	-1159.16	-1159.16	1000.0	-109.86247	6.1841345	-93.54915	-114.65768	159000	-5.6028366e-08	106.34528	-0.007729691	-94.992455	0.6521022	0.010476785	0.114	79.0	2468.2981259822845
159	-1639.65	0.0	-1639.65	-1639.65	1000.0	-162.4624	9.483281	-133.68893	-168.80229	160000	4.3511392e-08	52.070763	-0.013508828	-39.989517	0.6584802	0.00582612	0.105	79.0	2484.513000011444
160	-1473.48	0.0	-1473.48	-1473.48	1000.0	-163.85031	10.4821415	-132.44118	-170.65784	161000	-6.020069e-08	122.74217	-0.011705451	-114.07536	0.6451771	0.0069943415	0.099	79.0	2500.5659458637238
161	-1469.98	0.0	-1469.98	-1469.98	1000.0	-140.17137	14.161331	-102.43677	-149.69273	162000	1.2159347e-07	124.82141	-0.009472242	-117.80042	0.6312467	0.0064307395	0.09	79.0	2515.2927968502045
162	-875.14	0.0	-875.14	-875.14	1000.0	-109.63709	10.391746	-81.68557	-118.84223	163000	6.067753e-08	397.41913	-0.007375823	-351.69977	0.63795996	0.018849624	0.16	7.0	2531.0596022605896
163	-1496.31	0.0	-1496.31	-1496.31	1000.0	-154.17578	9.846289	-125.90443	-161.64436	164000	-1.4156103e-10	24.43825	-0.0023763727	-14.104211	0.63822985	0.01573001	0.31	4.0	2545.3508291244507
164	-1588.74	0.0	-1588.74	-1588.74	1000.0	-154.31416	11.795071	-120.575745	-161.94696	165000	1.6069413e-07	82.9101	-0.0095346	-74.329254	0.6379544	0.0064623966	0.094	79.0	2561.63170838356
165	-573.24	0.0	-573.24	-573.24	1000.0	-4.137886	5.074656	8.835965	-10.419932	166000	-1.3828277e-08	2313.1243	-0.005379738	-2250.4963	0.62732685	0.01761744	0.168	4.0	2576.966228723526
166	-413.42	0.0	-413.42	-413.42	1000.0	-72.38376	5.2941513	-65.66199	-88.88097	167000	-6.9141386e-08	1096.7555	-0.010023181	-991.33777	0.6271737	0.017078241	0.209	3.0	2592.162261724472
167	-1160.06	0.0	-1160.06	-1160.06	1000.0	-104.46881	5.722652	-90.3252	-109.44835	168000	-1.604557e-07	143.48982	0.0016539604	-131.88533	0.6272656	0.01821483	0.135	3.0	2607.54385471344
168	-1356.29	0.0	-1356.29	-1356.29	1000.0	-137.33902	7.7081876	-116.10011	-142.57979	169000	1.6063451e-08	8.939166	-0.0062065558	-4.918574	0.627321	0.006633424	0.069	79.0	2624.563972234726
169	-1215.58	0.0	-1215.58	-1215.58	1000.0	-127.29762	7.625296	-107.75299	-133.03506	170000	3.9994717e-08	21.24097	-0.008027036	-13.970974	0.63277805	0.0062349993	0.054	79.0	2640.4634029865265
170	-1027.53	0.0	-1027.53	-1027.53	1000.0	-112.2363	6.301938	-96.65624	-116.95473	171000	-3.516674e-08	53.75497	-0.008239402	-41.629097	0.6441549	0.0031953186	0.049	79.0	2656.188221216202
171	-1133.32	0.0	-1133.32	-1133.32	1000.0	-119.223625	7.7069664	-100.24309	-124.73346	172000	1.9848347e-08	27.19375	-0.014224486	-20.062414	0.63341504	-0.0015982192	0.049	79.0	2671.851747751236
172	-1285.6	0.0	-1285.6	-1285.6	1000.0	-140.467	12.904562	-107.91223	-149.48047	173000	1.7762185e-08	47.542652	-0.008967189	-33.387802	0.62119246	0.0055989446	0.108	79.0	2688.991333246231
173	-413.36	0.0	-413.36	-413.36	1000.0	-37.799423	2.3172297	-31.677877	-46.704323	174000	2.3692845e-09	179.45096	-0.0076773195	-166.29349	0.6151843	0.006260957	0.059	79.0	2705.2378528118134
174	-1219.74	0.0	-1219.74	-1219.74	1000.0	-122.36245	6.2891903	-106.439285	-127.22253	175000	-2.5644898e-08	46.999626	-0.011516703	-33.550896	0.62292737	0.012354371	0.147	79.0	2721.0715596675873
175	-818.21	0.0	-818.21	-818.21	1000.0	-93.02289	2.5902593	-86.32946	-95.995514	176000	-1.1873245e-07	119.88118	-0.01258308	-104.66307	0.619287	0.006821465	0.102	79.0	2737.518349647522
176	-1714.69	0.0	-1714.69	-1714.69	1000.0	-137.89836	12.668645	-103.15357	-148.02838	177000	2.002716e-07	1297.5684	-0.0056940513	-1229.7131	0.6308519	-0.00034197557	0.071	79.0	2753.785563468933
177	-930.12	0.0	-930.12	-930.12	1000.0	-96.20828	3.3671618	-88.01396	-100.71133	178000	6.5267085e-09	35.04974	-0.0024752978	-21.416166	0.6261455	0.015921945	0.198	3.0	2769.35059094429
178	-1155.88	0.0	-1155.88	-1155.88	1000.0	-129.26884	7.1674905	-109.77452	-134.45679	179000	9.775162e-09	136.0018	-0.009134805	-118.83305	0.625777	0.0053593502	0.083	79.0	2785.3982570171356
179	-111.7	0.0	-111.7	-111.7	260.0	-131.67487	39.167873	-64.00577	-163.17387	180000	5.8710576e-08	639.77905	-0.009346253	-620.32245	0.6224169	0.004017937	0.066	79.0	2801.8035972118378
180	-559.14	0.0	-559.14	-559.14	1000.0	58.56971	15.121807	67.559525	4.612302	181000	-3.8146973e-07	10112.95	-0.004326128	-9615.345	0.61803913	0.015279222	0.177	11.0	2817.1914472579956
181	-568.58	0.0	-568.58	-568.58	1000.0	-52.83175	8.094037	-45.343384	-77.63946	182000	1.1816621e-08	3.8209574	-0.0057614916	-0.15699005	0.6166774	0.015830915	0.252	3.0	2832.4088757038116
182	-554.01	0.0	-554.01	-554.01	1000.0	-38.710842	11.600636	-28.39726	-72.82544	183000	6.7949294e-08	151.30801	-0.005311271	-121.646225	0.6162529	0.017630836	0.182	4.0	2847.363592147827
183	-1238.05	0.0	-1238.05	-1238.05	1000.0	-106.601585	5.0378866	-95.11922	-111.0348	184000	-1.103878e-07	346.572	-0.01439685	-326.4657	0.6163697	0.0025415954	0.085	79.0	2863.133405447006
184	-581.39	0.0	-581.39	-581.39	1000.0	-73.13292	5.4282136	-65.956696	-90.01991	185000	1.437664e-07	299.68762	-0.009284285	-274.9319	0.6037243	0.020214016	0.121	7.0	2878.0892441272736
185	-413.06	0.0	-413.06	-413.06	1000.0	-42.619606	10.091769	-34.10832	-74.20282	186000	5.8948995e-08	55.48362	-0.019917069	-38.22336	0.60305166	0.013022047	0.163	79.0	2893.34548330307
186	-1164.5	0.0	-1164.5	-1164.5	1000.0	-75.31645	1.8940213	-71.51014	-82.66746	187000	-1.8548965e-07	1458.4093	-0.0071441852	-1371.0505	0.5996101	0.0065804264	0.061	79.0	2909.219575881958
187	-1056.44	0.0	-1056.44	-1056.44	1000.0	-110.77846	3.4769318	-102.44272	-114.23961	188000	1.2648105e-07	21.744005	-0.006447484	-19.440914	0.61600184	0.015151137	0.315	8.0	2924.7594192028046
188	-1632.01	0.0	-1632.01	-1632.01	1000.0	-156.60594	10.640989	-125.57457	-162.2936	189000	4.172325e-08	157.0394	-0.0045396253	-140.17584	0.6162106	0.016264131	0.19	8.0	2939.4295284748077
189	-1322.56	0.0	-1322.56	-1322.56	1000.0	-150.18047	12.411309	-118.80943	-157.51553	190000	-7.1525574e-10	157.45804	-0.011320845	-143.55086	0.6170423	-0.0030766372	0.053	79.0	2954.7945482730865
190	-401.04	0.0	-401.04	-401.04	1000.0	-90.660034	2.3919337	-84.62806	-93.53565	191000	-1.9454956e-07	2400.9736	-0.010293921	-2275.3503	0.6078591	0.007971262	0.057	79.0	2970.9994440078735
191	-1002.88	0.0	-1002.88	-1002.88	1000.0	-81.467674	7.2730165	-67.03213	-87.5449	192000	3.5357476e-07	404.4467	-0.0030126574	-384.8799	0.60824054	0.016314292	0.187	4.0	2986.179199695587
192	-1506.26	0.0	-1506.26	-1506.26	1000.0	-137.95474	13.598175	-102.40329	-145.83687	193000	1.5950204e-07	309.99762	-0.007927802	-291.74933	0.6085385	0.0054630744	0.063	79.0	3002.1248235702515
193	-472.63	0.0	-472.63	-472.63	1000.0	-63.229435	2.6386917	-57.109253	-70.00906	194000	2.461672e-07	307.0342	-0.009030653	-283.07587	0.5992331	0.009800296	0.118	79.0	3017.661020040512
194	-1175.63	0.0	-1175.63	-1175.63	1000.0	-120.625336	11.770268	-92.46017	-127.85566	195000	-2.3491681e-08	28.822012	-0.0066425595	-17.069376	0.58896345	0.0073032705	0.079	79.0	3033.4804949760437
195	-1253.33	0.0	-1253.33	-1253.33	1000.0	-107.36711	11.863957	-79.98024	-115.49539	196000	-1.8000603e-07	398.6794	-0.008397155	-375.2825	0.57761526	0.0070858193	0.04	79.0	3049.8020782470703
196	-1188.59	0.0	-1188.59	-1188.59	1000.0	-112.96629	5.835617	-97.45201	-120.41613	197000	-2.9683113e-08	61.912373	-0.008771533	-47.74531	0.5768655	0.01220473	0.091	79.0	3066.2880687713623
197	-1478.45	0.0	-1478.45	-1478.45	1000.0	-143.57362	9.798953	-115.91319	-150.33861	198000	1.9073486e-08	89.054436	-0.005407058	-80.98794	0.58012587	0.005978844	0.071	79.0	3082.518528699875
198	-1796.63	0.0	-1796.63	-1796.63	1000.0	-172.86566	11.891786	-135.12962	-178.7641	199000	-2.2053719e-08	206.50667	-0.0103978235	-176.96202	0.5900599	0.0032330644	0.073	79.0	3098.817823410034
199	-1297.83	0.0	-1297.83	-1297.83	1000.0	-160.94096	18.020025	-115.71584	-171.48541	200000	-5.4836273e-09	619.1088	-0.011185856	-585.18854	0.5925195	0.007879968	0.066	79.0	3114.6606681346893
200	-1404.86	0.0	-1404.86	-1404.86	1000.0	-160.82022	18.3337	-116.64309	-171.71324	201000	-1.7881393e-09	161.01219	-0.006659815	-131.05324	0.6185644	0.009575677	0.077	79.0	3130.8878815174103
201	-1261.54	0.0	-1261.54	-1261.54	1000.0	-109.99022	11.639851	-86.57433	-119.113716	202000	-6.2465666e-08	342.2518	-0.0126749845	-322.14133	0.6105277	0.012267713	0.116	79.0	3147.5957181453705
202	-519.87	0.0	-519.87	-519.87	1000.0	-62.624897	8.355874	-54.125683	-87.69075	203000	-1.34706495e-08	204.29037	-0.0066760504	-196.0207	0.6132084	0.00613759	0.065	79.0	3164.162791490555
203	-955.81	0.0	-955.81	-955.81	1000.0	-101.35083	4.9926496	-90.55779	-106.50715	204000	-1.0967255e-08	38.51811	-0.009339746	-32.599937	0.61768234	0.008492286	0.083	79.0	3180.434447288513
204	-563.2	0.0	-563.2	-563.2	1000.0	-48.482937	4.2135515	-42.297684	-66.75409	205000	-4.529953e-08	28.498743	-0.008440401	-25.834057	0.60378945	0.016222859	0.183	6.0	3196.1114242076874
205	-1703.06	0.0	-1703.06	-1703.06	1000.0	-164.41603	17.344828	-121.333084	-175.10445	206000	1.1086464e-08	176.58772	-0.0057748663	-160.7798	0.6044824	0.015533322	0.129	13.0	3211.6370141506195
206	-260.6	0.0	-260.6	-260.6	399.0	-96.04006	53.96546	-22.613829	-155.77287	207000	1.7762185e-08	440.7979	-0.008834988	-432.3622	0.60474896	0.0042185998	0.113	79.0	3228.6387283802032
207	-1518.19	0.0	-1518.19	-1518.19	1000.0	-170.58408	15.805806	-130.1696	-179.92082	208000	6.6757204e-09	135.54485	-0.009664595	-116.59747	0.5940325	0.01566468	0.172	16.0	3243.5474138259888
208	-1625.75	0.0	-1625.75	-1625.75	1000.0	-171.54803	17.971165	-123.94914	-181.90285	209000	-1.1205673e-08	11.979504	-0.0041740183	-3.001278	0.59608305	0.017849075	0.287	4.0	3259.2327530384064
209	-1310.8	0.0	-1310.8	-1310.8	1000.0	-122.712326	5.8968005	-110.149155	-128.88045	210000	5.9485437e-08	86.24876	-0.004197428	-73.36996	0.5968144	0.015234527	0.165	6.0	3274.4838297367096
210	-1876.45	0.0	-1876.45	-1876.45	1000.0	-177.679	17.138695	-129.59128	-187.61424	211000	5.9366226e-08	267.6118	-0.011221706	-235.9918	0.5974788	0.0027997815	0.063	79.0	3291.1982283592224
211	-1364.08	0.0	-1364.08	-1364.08	1000.0	-172.20702	18.657583	-126.75202	-183.54938	212000	4.2438508e-08	780.31006	-0.006588118	-720.3485	0.58446735	0.0062142885	0.072	79.0	3307.5264463424683
212	-993.87	0.0	-993.87	-993.87	1000.0	-124.37092	6.161912	-112.202255	-129.35928	213000	-3.528595e-08	451.20026	-0.0027780072	-417.82385	0.58311075	0.020888908	0.213	3.0	3323.234016895294
213	-1426.24	0.0	-1426.24	-1426.24	1000.0	-130.88518	15.894561	-101.52942	-143.53568	214000	-5.8054923e-08	245.8029	-0.004147211	-224.92627	0.58316857	0.016902246	0.185	6.0	3339.3707568645477
214	-1227.19	0.0	-1227.19	-1227.19	1000.0	-134.73839	10.216634	-111.38804	-142.57812	215000	-4.0590763e-08	87.70277	0.0009619837	-64.31533	0.58262795	0.01674873	0.194	3.0	3355.5831260681152
215	-1819.27	0.0	-1819.27	-1819.27	1000.0	-171.32082	22.814854	-115.41576	-185.17741	216000	-1.3184547e-07	292.63797	-0.006720535	-281.44217	0.58230054	0.01545701	0.125	7.0	3371.385910987854
216	-1496.5	0.0	-1496.5	-1496.5	1000.0	-171.0834	21.348814	-118.10957	-184.08548	217000	1.4424324e-07	212.654	-0.0062995837	-196.90332	0.5821934	0.0034385158	0.068	79.0	3387.176299095154
217	-387.24	0.0	-387.24	-387.24	1000.0	-22.659103	16.980032	-10.584318	-73.0738	218000	5.3703786e-08	237.83733	-0.0038462845	-218.5663	0.5780518	0.015085418	0.181	3.0	3402.45609498024
218	-1678.15	0.0	-1678.15	-1678.15	1000.0	-177.35031	18.851625	-124.79096	-187.7545	219000	3.4570693e-09	10.60241	-0.0017593192	-6.6634088	0.5778262	0.019555898	0.086	2.0	3418.558539867401
219	-1544.05	0.0	-1544.05	-1544.05	1000.0	-170.35132	19.53729	-120.17479	-181.75589	220000	-7.152558e-08	72.93167	-0.00032810043	-63.263714	0.57760775	0.015338871	0.179	3.0	3433.952510356903
220	-1439.87	0.0	-1439.87	-1439.87	1000.0	-112.68076	8.880691	-93.83864	-119.62235	221000	-4.6253206e-08	934.9905	-0.009433997	-889.321	0.57729685	0.009643285	0.171	79.0	3451.5112931728363
221	-1264.56	0.0	-1264.56	-1264.56	1000.0	-157.43335	7.277058	-135.5143	-164.37666	222000	1.513958e-07	724.1043	-0.007525989	-707.07635	0.5629069	0.009690706	0.079	79.0	3468.0218393802643
222	-1608.21	0.0	-1608.21	-1608.21	1000.0	-156.549	17.127588	-116.47785	-168.90498	223000	1.512766e-07	104.9355	-0.012229957	-99.41355	0.5578849	0.013152838	0.153	79.0	3484.534765958786
223	-359.1	0.0	-359.1	-359.1	1000.0	-38.39777	7.755213	-33.079704	-68.135315	224000	2.4318695e-08	73.874	-0.011241432	-62.443256	0.54637927	0.0051640254	0.124	79.0	3502.176274061203
224	-1275.09	0.0	-1275.09	-1275.09	1000.0	-140.88014	14.698588	-108.54267	-151.37885	225000	9.059906e-09	66.11762	-0.010698856	-46.08818	0.5471497	0.005920051	0.123	79.0	3518.426414012909
225	-1392.5	0.0	-1392.5	-1392.5	1000.0	-134.66875	15.23443	-103.19361	-146.47127	226000	1.0204315e-07	99.84859	-0.009295074	-93.935265	0.5223653	0.0067549213	0.093	79.0	3535.5923697948456
226	-1561.32	0.0	-1561.32	-1561.32	1000.0	-167.00096	13.445654	-127.48998	-174.6342	227000	1.0681153e-07	46.90803	-0.00748842	-43.58166	0.505932	0.015894396	0.299	10.0	3551.608178138733
227	-1249.83	0.0	-1249.83	-1249.83	1000.0	-134.71397	13.093495	-104.69697	-144.05812	228000	-3.004074e-08	48.39565	-0.012495733	-39.142136	0.50582623	0.008564662	0.091	79.0	3568.595354795456
228	-903.31	0.0	-903.31	-903.31	1000.0	-107.70728	6.599342	-94.88971	-114.803825	229000	1.256466e-07	212.15883	-0.0035080772	-202.16652	0.4986807	0.016203664	0.14	3.0	3583.64781165123
229	-1018.72	0.0	-1018.72	-1018.72	1000.0	-106.6062	13.657395	-81.29444	-120.50139	230000	-2.5317073e-08	18.44591	-0.013603808	-7.63138	0.4983566	0.011494966	0.078	79.0	3600.233897924423
230	-1425.77	0.0	-1425.77	-1425.77	1000.0	-143.38498	16.820948	-103.14159	-157.62338	231000	-1.3828277e-08	30.970913	-0.00965336	-23.914371	0.48907784	0.015148181	0.232	14.0	3615.85676074028
231	-506.8	0.0	-506.8	-506.8	1000.0	5.6129155	8.470305	11.924108	-28.71111	232000	5.7697296e-08	2314.8394	-0.013113332	-2252.2588	0.48820665	0.010577074	0.197	79.0	3632.083769083023
232	-1036.89	0.0	-1036.89	-1036.89	1000.0	-103.742935	3.7797606	-95.975494	-107.38637	233000	-2.8312206e-08	28.181828	-0.012301899	-10.556591	0.5013382	0.0058457907	0.08	79.0	3648.079414844513
233	-1570.55	0.0	-1570.55	-1570.55	1000.0	-141.23703	11.364771	-110.69499	-150.13579	234000	-2.670288e-07	383.9636	-0.016238306	-362.3797	0.47730798	0.005006926	0.174	79.0	3664.2761166095734
234	-1139.93	0.0	-1139.93	-1139.93	1000.0	-124.502365	9.143103	-103.494194	-132.6986	235000	2.0861625e-08	75.92412	-0.012479016	-64.19	0.4676455	0.0043917103	0.089	79.0	3680.5471596717834
235	-1423.01	0.0	-1423.01	-1423.01	1000.0	-147.83748	10.490435	-118.17931	-156.36856	236000	6.5803526e-08	24.893559	-0.009134028	-18.45869	0.46320447	0.017021025	0.091	2.0	3696.1768350601196
236	-1239.23	0.0	-1239.23	-1239.23	1000.0	-125.87592	10.0723	-103.253265	-134.34613	237000	4.1723253e-10	31.228472	-0.008767034	-24.738632	0.46319547	0.0046380623	0.077	79.0	3712.155370235443
237	-1373.35	0.0	-1373.35	-1373.35	1000.0	-115.01631	3.2650914	-106.3866	-118.14379	238000	1.2946128e-07	603.14166	-0.010428045	-544.62964	0.46411258	0.0035261626	0.078	79.0	3728.3562116622925
238	-1275.31	0.0	-1275.31	-1275.31	1000.0	-141.1527	9.907221	-116.308044	-149.5221	239000	1.4662743e-08	127.70691	-0.015612715	-106.847534	0.46501297	0.011204144	0.173	79.0	3744.444568157196
239	-1259.99	0.0	-1259.99	-1259.99	1000.0	-128.18398	10.704172	-105.64226	-138.6684	240000	-8.85874e-09	53.933804	-0.0025067849	-39.32245	0.4625202	0.017187253	0.157	3.0	3759.563344478607
240	-523.53	0.0	-523.53	-523.53	1000.0	-61.856876	11.1828785	-50.856003	-93.55543	241000	3.7550926e-08	233.74182	-0.0099563915	-205.12666	0.4624282	0.010050857	0.09	79.0	3775.9465198516846
241	-1206.6	0.0	-1206.6	-1206.6	1000.0	-140.9217	11.029677	-114.63052	-151.43196	242000	2.3698807e-07	232.83688	-0.00848582	-213.48964	0.46082047	0.028664108	0.344	2.0	3791.2357733249664
242	-1373.16	0.0	-1373.16	-1373.16	1000.0	-138.96259	11.700189	-112.467766	-150.52101	243000	-1.1175871e-08	27.447412	-0.009312681	-17.386066	0.4610032	0.018339382	0.234	1.0	3806.54745388031
243	-1665.82	0.0	-1665.82	-1665.82	1000.0	-149.73485	13.487369	-115.40301	-162.34712	244000	4.005432e-08	426.2154	0.011268991	-414.45895	0.46107495	0.019472891	0.341	2.0	3821.8435385227203
244	-821.37	0.0	-821.37	-821.37	1000.0	-100.215034	5.3325124	-89.913994	-106.38137	245000	-1.7142295e-07	306.254	-0.014944404	-287.31543	0.46110523	0.0065679736	0.117	79.0	3837.5266149044037
245	-1444.91	0.0	-1444.91	-1444.91	1000.0	-152.29697	12.425988	-119.49751	-162.04918	246000	1.3291836e-08	14.47825	-0.0156533	-8.73951	0.462625	0.007230533	0.125	79.0	3853.064792871475
246	-1227.11	0.0	-1227.11	-1227.11	1000.0	-94.77625	2.2172952	-90.49769	-97.91788	247000	-2.2220611e-07	700.137	-0.0090465285	-668.2894	0.4604648	0.0040953024	0.059	79.0	3869.2431178092957
247	-1200.98	0.0	-1200.98	-1200.98	1000.0	-132.57933	5.8121376	-118.16965	-138.26254	248000	5.698204e-08	125.00739	-0.0113152955	-100.97356	0.44307795	0.01276965	0.104	79.0	3885.091590166092
248	-1183.81	0.0	-1183.81	-1183.81	1000.0	-144.768	11.151235	-118.81869	-156.53926	249000	-2.9325486e-07	416.44852	-0.01487548	-386.80432	0.45000988	0.0042517297	0.096	79.0	3901.455883026123
249	-1022.9	0.0	-1022.9	-1022.9	1000.0	-111.670784	7.612224	-97.55323	-121.31335	250000	1.2278557e-08	48.84957	-0.0128084645	-32.344364	0.42795298	0.009275986	0.115	79.0	3917.691188097
250	-1184.34	0.0	-1184.34	-1184.34	1000.0	-97.75086	5.224775	-90.00019	-105.114716	251000	-2.4533273e-07	437.6383	-0.010598797	-410.98798	0.4124189	0.007286872	0.096	79.0	3934.0342750549316
251	-919.58	0.0	-919.58	-919.58	1000.0	-115.94066	3.8457346	-108.0583	-120.81058	252000	2.026558e-07	477.09225	-0.008670684	-416.32474	0.4138513	0.0059509724	0.082	79.0	3950.4718532562256
252	-1476.83	0.0	-1476.83	-1476.83	1000.0	-119.75174	6.551216	-103.88501	-126.723755	253000	-6.9141386e-08	821.3713	-0.007284931	-788.4576	0.42377192	-5.9211314e-05	0.115	79.0	3966.472303390503
253	-839.89	0.0	-839.89	-839.89	1000.0	-99.53025	2.6509469	-94.09681	-103.05424	254000	-2.384186e-10	222.09958	-0.0062496103	-209.74228	0.41854936	0.016633896	0.187	16.0	3981.890344619751
254	-1086.14	0.0	-1086.14	-1086.14	1000.0	-124.88581	5.7651997	-109.714615	-130.74046	255000	-2.360344e-08	161.57071	-0.0034210077	-147.45944	0.41670653	0.018909171	0.166	2.0	3996.813022851944
255	-581.5	0.0	-581.5	-581.5	1000.0	-47.254826	6.404489	-39.8998	-66.73325	256000	1.02758406e-07	86.813194	-0.007099847	-75.34437	0.41645244	0.0030229327	0.071	79.0	4013.3486955165863
256	-1293.38	0.0	-1293.38	-1293.38	1000.0	-121.62042	6.1846013	-106.424095	-128.46036	257000	2.3531913e-07	103.182884	-0.013621775	-95.68835	0.41949627	0.0004711084	0.147	79.0	4030.025648832321
257	-452.29	0.0	-452.29	-452.29	1000.0	-55.559986	9.234412	-46.0009	-81.447784	258000	-2.8371812e-08	173.70729	-0.008461897	-163.48825	0.41565686	0.017149756	0.245	6.0	4045.556243419647
258	-1118.66	0.0	-1118.66	-1118.66	1000.0	-83.890144	1.6657538	-81.29145	-90.17109	259000	1.5735627e-07	662.51404	-0.01107768	-622.2519	0.41559705	0.0026387703	0.049	79.0	4061.7941563129425
259	-1099.04	0.0	-1099.04	-1099.04	1000.0	-116.30436	3.9107995	-107.08256	-120.11047	260000	-5.7041646e-08	47.67568	-0.0074141156	-27.902641	0.40638673	0.011427564	0.065	79.0	4078.1211652755737
260	-1301.44	0.0	-1301.44	-1301.44	1000.0	-134.2683	7.643599	-114.90328	-142.15857	261000	2.2381544e-08	7.085228	-0.017001793	-3.3526924	0.40003195	0.007868045	0.164	79.0	4094.115566968918
261	-803.71	0.0	-803.71	-803.71	1000.0	-96.81724	1.1792015	-94.187355	-98.97061	262000	-1.7642975e-08	272.95166	-0.008717848	-252.41975	0.39113545	0.009704078	0.066	79.0	4110.395038127899
262	-399.91	0.0	-399.91	-399.91	1000.0	-70.47133	5.1086025	-63.499054	-84.35232	263000	3.4332277e-07	992.4841	-0.012734876	-936.5305	0.39362308	0.013821447	0.109	79.0	4127.416317462921
263	-866.62	0.0	-866.62	-866.62	1000.0	4.9492264	13.515308	18.358019	-34.858215	264000	-6.2465666e-08	6540.6284	-0.011274267	-6095.9785	0.37192482	0.004359189	0.137	79.0	4142.805577754974
264	-1047.22	0.0	-1047.22	-1047.22	1000.0	-89.680595	1.4027643	-87.23172	-92.166885	265000	-1.9073487e-07	252.8955	-0.011630233	-229.5793	0.36085406	0.008977871	0.119	79.0	4158.826296806335
265	-1085.6	0.0	-1085.6	-1085.6	1000.0	-94.928894	0.63288486	-94.2783	-97.34565	266000	1.3113022e-08	230.851	-0.008794752	-203.22949	0.3395924	0.00035240292	0.074	79.0	4175.1158719062805
266	-960.09	0.0	-960.09	-960.09	1000.0	-110.00092	4.3766017	-101.966995	-115.38798	267000	-3.3378602e-09	181.56764	-0.0016306412	-168.80661	0.33579102	0.017657584	0.233	3.0	4190.72416806221
267	-1417.95	0.0	-1417.95	-1417.95	1000.0	-123.59083	7.2782187	-106.22476	-132.54999	268000	-4.673004e-08	423.27377	-0.01875132	-407.58475	0.33562252	0.010236001	0.146	79.0	4206.920202255249
268	-1040.14	0.0	-1040.14	-1040.14	1000.0	-101.58478	1.4893922	-99.249916	-104.9183	269000	-2.0980835e-08	11.528082	-0.01676885	-7.0540004	0.3101733	0.0153845325	0.155	76.0	4222.53142952919
269	-1059.06	0.0	-1059.06	-1059.06	1000.0	-126.09986	7.344015	-108.768074	-133.82886	270000	2.4080276e-07	302.23648	-0.009987276	-283.25754	0.31533286	0.0051939664	0.074	79.0	4238.770440340042
270	-1078.91	0.0	-1078.91	-1078.91	1000.0	-99.21266	0.80600244	-98.07335	-100.59768	271000	-1.2874604e-07	65.396355	-0.0041824942	-46.790596	0.32637045	0.021138951	0.308	4.0	4253.867337942123
271	-1239.75	0.0	-1239.75	-1239.75	1000.0	-112.56445	3.143949	-106.07817	-117.29368	272000	-1.08599664e-07	160.29753	-0.0032011927	-146.53642	0.32668	0.019435564	0.176	3.0	4269.279504776001
