Epoch	AverageEpRet	StdEpRet	MaxEpRet	MinEpRet	EpLen	TotalEnvInteracts	AverageQVals	StdQVals	MaxQVals	MinQVals	LossPi	LossQ	Time
1	-98.545	9.764999	-88.78	-108.31	1000.0	1999	-0.75312024	0.22299835	1.0403024	-2.8366585	0.748609	0.01760807	36.69980049133301
2	-77.994995	2.9249992	-75.07	-80.92	1000.0	3999	-1.3723186	0.29465124	-0.6969203	-2.12186	1.37217	0.00025943754	84.46909427642822
3	-89.22	0.13999939	-89.08	-89.36	1000.0	5999	-2.104384	0.31164476	-1.4681972	-2.9667323	2.104472	0.0005182814	149.04392886161804
4	-72.14	12.779999	-59.36	-84.92	1000.0	7999	-2.7322612	0.3288197	-2.0317729	-3.764889	2.732836	0.00043089906	200.01845622062683
5	-98.21	10.379997	-87.83	-108.59	1000.0	9999	-3.3443482	0.45575464	-2.5705733	-4.48441	3.3454404	0.0007192055	252.4104232788086
6	-75.43667	72.955536	-19.94	-178.51	591.6667	11999	-3.8768325	0.51013696	-2.9066336	-5.116196	3.8764844	0.0025493803	645.9260873794556
7	-138.48999	32.799995	-105.69	-171.29	1000.0	13999	-4.4496546	0.68238693	-3.1764534	-6.4564347	4.449554	0.0023130104	688.7771315574646
8	-75.56999	52.609997	-22.96	-128.18	681.5	15999	-4.987141	0.8989683	-3.443535	-7.755309	4.9885187	0.002584382	882.4078373908997
9	-160.57	13.239998	-147.33	-173.81	1000.0	17999	-5.552015	1.1321566	-3.305333	-8.960459	5.55333	0.0040516974	925.348477602005
10	-121.425	11.685001	-109.74	-133.11	1000.0	19999	-6.0904183	1.3460181	-3.0497007	-10.054607	6.091072	0.003342245	984.1144187450409
11	-99.18667	66.30563	-11.12	-171.11	728.6667	21999	-6.6195717	1.5881544	-2.8381524	-11.077527	6.6209607	0.0033922994	1078.3239948749542
12	-164.315	13.794998	-150.52	-178.11	1000.0	23999	-7.2201757	1.8776476	-2.7370114	-11.98507	7.222244	0.0035449427	1116.093593120575
13	-141.85	29.489998	-112.36	-171.34	1000.0	25999	-7.7675977	2.0816576	-2.5439398	-12.864304	7.770229	0.0027504489	1154.3243215084076
14	-158.725	9.435005	-149.29	-168.16	1000.0	27999	-8.326446	2.303736	-2.4509206	-13.591231	8.328691	0.0030390962	1193.0282320976257
15	-138.245	7.6449966	-130.6	-145.89	1000.0	29999	-8.818187	2.463564	-2.3059175	-14.269355	8.820677	0.002752708	1236.2331562042236
16	-116.34666	69.1514	-20.18	-179.82	786.0	31999	-9.270585	2.7055032	-2.186171	-15.031602	9.272944	0.0029724608	1460.1299602985382
17	-160.61	8.270004	-152.34	-168.88	1000.0	33999	-9.720724	2.8694515	-2.0707462	-15.3912525	9.722885	0.0026314808	1507.160500049591
18	-100.985	72.865005	-28.12	-173.85	664.0	35999	-10.160061	3.044792	-1.9110522	-16.042074	10.161822	0.0050087804	1772.8516523838043
19	-99.37667	52.60477	-25.67	-144.97	788.3333	37999	-10.414361	3.189627	-1.7655076	-16.440504	10.4159355	0.00530972	1934.279804944992
20	-54.410004	39.32521	-25.52	-110.01	569.3333	39999	-10.612364	3.309682	-1.7031763	-17.043537	10.613916	0.005479283	2285.71656870842
21	-178.2	8.770004	-169.43	-186.97	1000.0	41999	-10.956352	3.5067253	-1.6041092	-17.853043	10.958116	0.008749572	2326.4633786678314
22	-75.689995	51.400246	-24.91	-139.7	679.25	43999	-11.173355	3.5732253	-1.6637907	-18.33462	11.175143	0.0071673687	2745.6066188812256
23	-152.555	7.165001	-145.39	-159.72	1000.0	45999	-11.325986	3.6880915	-1.6745908	-18.396393	11.327905	0.0060233255	2786.007316827774
24	-99.205	66.965	-32.24	-166.17	744.5	47999	-11.500866	3.79441	-1.6340216	-18.831331	11.503202	0.006348192	3148.807953119278
25	-156.31	12.150002	-144.16	-168.46	1000.0	49999	-11.78547	3.8409846	-1.6646006	-18.95654	11.787295	0.005797203	3186.4041137695312
26	-98.872505	70.9919	-26.98	-172.57	660.0	51999	-12.0236225	3.9093611	-1.5141755	-19.261793	12.02522	0.0061715115	3599.0376267433167
27	-58.225	59.236034	-18.97	-160.68	491.0	53999	-12.109883	4.0049505	-1.5654737	-19.426685	12.111207	0.0077765826	4286.222801923752
28	-54.89333	46.871853	-21.63	-121.18	561.3333	55999	-12.166655	4.0938716	-1.7473472	-19.631115	12.168431	0.008873612	4689.794171333313
29	-183.64	3.9700012	-179.67	-187.61	1000.0	57999	-12.323196	4.2095404	-1.6704506	-20.177286	12.324048	0.0072124233	4727.481906414032
30	-158.17001	1.2900009	-156.88	-159.46	1000.0	59999	-12.570841	4.2591143	-1.7698505	-20.289774	12.5711975	0.0068720924	4766.587866067886
31	-104.579994	66.78509	-16.7	-178.49	764.6667	61999	-12.642937	4.3017254	-1.8749503	-20.433819	12.643787	0.00705155	5052.539865732193
32	-133.1	27.000004	-106.1	-160.1	1000.0	63999	-12.787765	4.342421	-1.6532964	-20.632063	12.788867	0.006544822	5116.769745588303
33	-59.440002	53.34865	-20.87	-134.88	572.0	65999	-12.804937	4.3724575	-1.7375265	-20.770494	12.805724	0.0075989384	5592.330361604691
34	-155.015	14.425003	-140.59	-169.44	1000.0	67999	-12.871316	4.4295325	-1.8593273	-20.807878	12.872014	0.0060294643	5632.8729882240295
35	-129.955	24.485	-105.47	-154.44	1000.0	69999	-12.964422	4.4419203	-1.7686603	-21.024023	12.96579	0.006996245	5674.411832332611
36	-108.503334	63.338467	-24.1	-176.68	790.0	71999	-13.080606	4.4814973	-1.9156557	-21.120344	13.0825405	0.006552035	5829.737769126892
37	-49.1025	49.334507	-13.88	-134.0	475.5	73999	-13.042453	4.556383	-1.9328296	-21.275118	13.045225	0.006932094	6370.062811136246
38	-60.039997	56.534634	-18.12	-139.96	563.6667	75999	-13.015987	4.636509	-1.2082472	-21.282513	13.018935	0.007610404	6796.859609603882
39	-103.67999	52.22372	-30.59	-149.41	782.3333	77999	-13.056355	4.6463885	-1.2143809	-21.44286	13.059225	0.0071236817	7053.3668217659
40	-93.365	73.635	-19.73	-167.0	670.5	79999	-13.1241865	4.6664004	-1.2402505	-21.489899	13.126698	0.006893565	7279.167611122131
41	-89.47	68.54208	-20.69	-186.64	669.75	81999	-13.162043	4.765336	-1.2395608	-21.558994	13.164778	0.0074268626	7732.572423696518
42	-78.955	60.095	-18.86	-139.05	672.0	83999	-13.202611	4.7551413	-1.2296355	-21.479767	13.205388	0.006778159	7917.666827201843
43	-172.84	0.98999786	-171.85	-173.83	1000.0	85999	-13.313401	4.7784824	-1.2230858	-21.54333	13.316391	0.006243119	7962.680584192276
44	-111.31333	64.33962	-23.07	-174.65	793.3333	87999	-13.39496	4.810706	-1.1456496	-21.61035	13.397573	0.007112607	8156.949017047882
45	-96.25	52.581688	-21.89	-133.87	786.0	89999	-13.413069	4.8053417	-1.1170648	-21.568903	13.41506	0.0061139497	8438.518097162247
46	-93.92	75.990005	-17.93	-169.91	658.0	91999	-13.379297	4.8501277	-0.9647379	-21.600992	13.380859	0.0066905203	8703.908658504486
47	-71.545	52.297825	-16.29	-124.78	661.75	93999	-13.384148	4.835928	-0.9965359	-21.63368	13.385817	0.006307784	9164.36267709732
48	-138.76001	5.4300003	-133.33	-144.19	1000.0	95999	-13.342571	4.8566217	-0.99398607	-21.482948	13.344839	0.0072995787	9204.633975028992
49	-80.814995	49.225	-31.59	-130.04	669.0	97999	-13.389628	4.826242	-1.0066642	-21.499504	13.391518	0.0067851124	9454.223506689072
50	-107.47333	57.32997	-35.2	-175.43	863.3333	99999	-13.361448	4.8375707	-1.0859473	-21.584461	13.363502	0.0058822003	9880.754617929459
51	-163.41501	12.045006	-151.37	-175.46	1000.0	101999	-13.397556	4.8465323	-1.0993204	-21.569904	13.399365	0.0064032194	9920.394956111908
52	-137.565	1.2449951	-136.32	-138.81	1000.0	103999	-13.478167	4.835856	-1.1187626	-21.606606	13.480168	0.005908782	9960.000896215439
53	-135.23999	24.409996	-110.83	-159.65	1000.0	105999	-13.4874	4.803567	-1.0885623	-21.750662	13.489426	0.0062050032	10000.11471581459
54	-151.66	25.489998	-126.17	-177.15	1000.0	107999	-13.559701	4.7896085	-1.131804	-21.57251	13.56125	0.005995824	10039.60901260376
55	-80.28333	66.79027	-29.36	-174.64	632.0	109999	-13.55843	4.790761	-1.2283533	-21.57808	13.560658	0.0065739183	10655.271532058716
56	-129.82	10.34	-119.48	-140.16	1000.0	111999	-13.540175	4.8011694	-1.3291509	-21.561522	13.542193	0.005198326	10697.246220111847
57	-130.87	17.760002	-113.11	-148.63	1000.0	113999	-13.546864	4.772691	-1.3697257	-21.56424	13.548833	0.0051215105	10737.415608644485
58	-145.095	2.0650024	-143.03	-147.16	1000.0	115999	-13.586629	4.7364774	-1.4247109	-21.608078	13.588669	0.0063602407	10776.875866651535
59	-54.933334	45.86441	-21.78	-119.79	566.0	117999	-13.574952	4.7359734	-1.4091944	-21.613081	13.576848	0.0055816625	11159.797194957733
60	-109.72666	56.81004	-30.26	-159.7	782.0	119999	-13.567025	4.7403426	-1.2899411	-21.644842	13.568863	0.0064482703	11410.782532453537
61	-85.41	60.23	-25.18	-145.64	659.0	121999	-13.569983	4.7226944	-1.3118391	-21.597178	13.571338	0.006540998	11667.796663284302
62	-170.615	0.7649994	-169.85	-171.38	1000.0	123999	-13.647315	4.7191777	-1.3137678	-21.511414	13.648805	0.0070882607	11707.932431697845
63	-79.205	58.874462	-20.57	-158.08	681.25	125999	-13.631124	4.7197104	-1.3624821	-21.530575	13.632166	0.006058103	12129.127905368805
64	-124.055	13.915001	-110.14	-137.97	1000.0	127999	-13.598782	4.7276645	-1.2666743	-21.534782	13.599796	0.005559461	12170.637236595154
65	-69.753334	66.35745	-20.57	-163.56	582.3333	129999	-13.554813	4.7498865	-1.2984233	-21.588686	13.55596	0.0062882393	12579.952590703964
66	-101.69333	60.176044	-19.9	-162.94	780.3333	131999	-13.546417	4.7553973	-1.2919987	-21.553171	13.547963	0.0059525506	12868.599836349487
67	-154.295	8.8650055	-145.43	-163.16	1000.0	133999	-13.572331	4.7632174	-1.2035153	-21.523342	13.574197	0.0059433538	12907.438265562057
68	-63.5475	64.05635	-23.22	-174.33	503.25	135999	-13.60085	4.765888	-1.2368985	-21.618105	13.602393	0.005502293	13539.631071805954
69	-70.83667	68.042534	-17.04	-166.83	607.6667	137999	-13.553396	4.8196874	-1.0655323	-21.595898	13.555121	0.006055529	14100.721686601639
70	-63.736664	53.466766	-18.06	-138.76	567.3333	139999	-13.553533	4.836064	-1.0043803	-21.586435	13.554809	0.0061309054	14554.379620552063
71	-99.78	49.547768	-31.53	-147.65	831.3333	141999	-13.498391	4.836901	-1.0613467	-21.624863	13.500022	0.0063147563	14898.477080106735
72	-62.906666	51.186134	-24.53	-135.25	609.6667	143999	-13.49194	4.8532376	-1.1159317	-21.697107	13.493811	0.00657782	15313.172560214996
73	-62.496662	55.337246	-17.18	-140.41	550.3333	145999	-13.465481	4.8584304	-1.0620915	-21.851673	13.467225	0.0063253515	15815.697084188461
74	-67.53333	65.078766	-16.51	-159.38	585.6667	147999	-13.433508	4.901397	-0.96292645	-21.645382	13.4354315	0.0060985787	16275.679232120514
75	-85.71	47.888638	-18.06	-122.29	773.3333	149999	-13.395812	4.901089	-0.9540625	-21.663761	13.397645	0.00589916	16572.318477869034
76	-117.166664	60.333344	-32.44	-168.26	782.6667	151999	-13.402802	4.912026	-1.1141492	-21.672632	13.404526	0.005481794	16812.79097867012
77	-140.21	18.030003	-122.18	-158.24	1000.0	153999	-13.433377	4.89854	-1.0843878	-21.74103	13.435064	0.0066400585	16851.780252933502
78	-58.5125	60.26468	-20.77	-162.73	514.0	155999	-13.431466	4.893493	-1.1144934	-21.696714	13.432588	0.005493987	17509.720535993576
79	-23.425999	3.6856618	-18.93	-28.48	380.0	157999	-13.349615	4.9470844	-1.1254053	-21.668827	13.351007	0.005857708	18598.897391557693
80	-75.115005	55.185	-19.93	-130.3	679.0	159999	-13.286605	4.9738526	-1.0575601	-21.668303	13.287967	0.0055770306	18869.6486825943
81	-139.93	1.0400009	-138.89	-140.97	1000.0	161999	-13.284846	4.964709	-1.0623319	-21.685078	13.28624	0.0059809713	18911.27986383438
82	-106.77	55.27355	-28.68	-148.85	777.3333	163999	-13.293024	4.949529	-1.0264744	-21.713007	13.294559	0.006398219	19169.830934762955
83	-142.475	0.06499481	-142.41	-142.54	1000.0	165999	-13.323978	4.9257216	-0.99902964	-21.673658	13.325356	0.0060009537	19211.218656778336
84	-88.55667	47.322815	-22.23	-129.45	786.0	167999	-13.307226	4.903255	-1.0456712	-21.66965	13.308597	0.005164004	19487.676963090897
85	-79.11	53.99	-25.12	-133.1	715.0	169999	-13.296132	4.900116	-1.0318359	-21.678425	13.297508	0.0064706164	19767.896355867386
86	-141.605	16.615002	-124.99	-158.22	1000.0	171999	-13.2879	4.9012537	-1.0580705	-21.698307	13.289428	0.0054203165	19807.11671113968
87	-69.98334	60.218445	-26.6	-155.14	583.6667	173999	-13.30039	4.9026814	-0.95359385	-21.634193	13.3020315	0.006265914	20240.703132629395
88	-162.185	18.614998	-143.57	-180.8	1000.0	175999	-13.330563	4.9039426	-0.99447244	-21.63648	13.331946	0.005972251	20281.541348457336
89	-99.899994	45.50161	-35.71	-135.91	832.0	177999	-13.337715	4.872566	-1.0295657	-21.637014	13.3391485	0.005788888	20636.587166786194
90	-92.299995	47.40314	-27.37	-139.21	802.0	179999	-13.310671	4.884467	-0.98816717	-21.645916	13.312099	0.005772961	20819.53535580635
91	-144.935	7.074997	-137.86	-152.01	1000.0	181999	-13.313231	4.8608174	-0.98790616	-21.647696	13.314498	0.0063336315	20859.59550023079
92	-156.495	17.575005	-138.92	-174.07	1000.0	183999	-13.333994	4.845823	-0.91180336	-21.594828	13.335454	0.0057671387	20899.540185689926
93	-127.605	19.915	-107.69	-147.52	1000.0	185999	-13.369734	4.835576	-1.0596135	-21.622122	13.371041	0.0057360968	20940.096345186234
94	-53.583332	47.95996	-18.72	-121.4	554.0	187999	-13.328499	4.8399343	-1.0737759	-21.646568	13.3296585	0.0058064144	21380.463346719742
95	-158.845	14.3650055	-144.48	-173.21	1000.0	189999	-13.323808	4.838971	-1.0156145	-21.685862	13.325027	0.0056115314	21423.70081305504
96	-113.5	65.622574	-28.16	-187.75	777.6667	191999	-13.34811	4.825132	-1.021462	-21.607449	13.349549	0.0060943	21675.446837186813
97	-139.54999	3.2600021	-136.29	-142.81	1000.0	193999	-13.36198	4.8374634	-1.0987617	-21.573948	13.363281	0.0055235308	21715.135298728943
98	-155.70001	27.46	-128.24	-183.16	1000.0	195999	-13.40745	4.823969	-1.0709617	-21.599936	13.408824	0.0064393226	21754.747698783875
99	-97.84	78.13	-19.71	-175.97	673.5	197999	-13.399552	4.828677	-0.98213834	-21.59428	13.400892	0.006198746	22017.262139320374
100	-45.180004	39.077892	-14.19	-112.23	530.75	199999	-13.3838415	4.8392076	-1.0271693	-21.636532	13.385015	0.0055287355	22718.867444992065
101	-138.465	8.695	-129.77	-147.16	1000.0	201999	-13.35321	4.847031	-1.0472637	-21.535973	13.354518	0.005349271	22785.649736642838
102	-119.89	9.940002	-109.95	-129.83	1000.0	203999	-13.364965	4.811344	-1.0173484	-21.54192	13.366412	0.006691201	22861.08892083168
103	-113.536674	68.974335	-20.96	-186.44	781.0	205999	-13.355533	4.811017	-0.83359873	-21.543997	13.356732	0.0051390026	23115.017452716827
104	-74.31333	71.4638	-21.72	-175.35	575.6667	207999	-13.372388	4.809718	-1.1114528	-21.577139	13.37355	0.0047943867	23501.02704691887
105	-107.84333	59.8072	-27.52	-170.95	807.6667	209999	-13.359407	4.830484	-1.1380882	-21.552277	13.360803	0.006694139	23669.098851442337
106	-124.96	6.6299973	-118.33	-131.59	1000.0	211999	-13.357251	4.8282046	-1.1892097	-21.54153	13.358417	0.0062016128	23710.97231554985
107	-172.815	7.375	-165.44	-180.19	1000.0	213999	-13.395167	4.8016086	-1.2100544	-21.578497	13.396665	0.0062166243	23750.165960788727
108	-85.505	56.445	-29.06	-141.95	669.5	215999	-13.400232	4.8105083	-1.1088768	-21.527422	13.401443	0.0058964016	24042.984862565994
109	-89.49999	67.44799	-19.49	-175.46	662.25	217999	-13.405981	4.802087	-1.1300883	-21.528353	13.407411	0.006292032	24451.984837055206
110	-65.325005	43.795002	-21.53	-109.12	673.0	219999	-13.387901	4.820219	-1.1827418	-21.526876	13.3889885	0.0057397513	24713.22978568077
111	-75.1375	54.03198	-19.24	-129.96	679.75	221999	-13.3731365	4.814788	-1.1654642	-21.502426	13.37416	0.0061919214	25100.01523733139
112	-76.385	48.254997	-28.13	-124.64	709.5	223999	-13.327901	4.828038	-1.1324861	-21.61696	13.329234	0.0055126254	25358.109035253525
113	-144.555	25.585	-118.97	-170.14	1000.0	225999	-13.33421	4.8142214	-1.2112994	-21.554123	13.335416	0.006271451	25397.799874067307
114	-148.775	28.974998	-119.8	-177.75	1000.0	227999	-13.364516	4.8179307	-1.1992368	-21.520227	13.365715	0.0060152817	25439.721947669983
115	-151.385	20.095001	-131.29	-171.48	1000.0	229999	-13.381653	4.8027964	-1.130019	-21.52181	13.382806	0.005092699	25480.348292589188
116	-90.340004	52.237152	-16.96	-134.42	782.0	231999	-13.3619175	4.784922	-1.153288	-21.495615	13.363149	0.0057312003	25754.045182943344
117	-140.26	5.1399994	-135.12	-145.4	1000.0	233999	-13.378344	4.777416	-1.0346944	-21.493904	13.3796835	0.0059565925	25809.20535159111
118	-54.803333	47.2508	-19.05	-121.57	577.3333	235999	-13.361295	4.764037	-1.0983125	-21.457382	13.362787	0.0052135284	26175.12627673149
119	-137.23	22.439999	-114.79	-159.67	1000.0	237999	-13.327933	4.7730136	-0.99327284	-21.47272	13.329289	0.006536077	26214.927645921707
120	-141.345	10.514999	-130.83	-151.86	1000.0	239999	-13.359098	4.7699933	-1.0510664	-21.457594	13.3606415	0.0052275504	26274.959287405014
121	-91.20333	51.984207	-17.76	-130.77	772.0	241999	-13.335175	4.751699	-1.0494642	-21.455994	13.336493	0.0048919907	26539.98905992508
122	-130.38	9.890003	-120.49	-140.27	1000.0	243999	-13.365959	4.7310834	-1.0622697	-21.467638	13.367527	0.005358455	26581.727303743362
123	-131.515	1.5050049	-130.01	-133.02	1000.0	245999	-13.344844	4.72262	-1.1212591	-21.487988	13.346188	0.0051475964	26631.822736501694
124	-107.920006	76.43	-31.49	-184.35	668.0	247999	-13.366702	4.716005	-1.0249556	-21.496084	13.36816	0.005714339	26832.042046546936
125	-147.68	20.3	-127.38	-167.98	1000.0	249999	-13.394454	4.7174964	-0.9500841	-21.475222	13.395776	0.005235872	26871.427090644836
126	-175.54	11.0	-164.54	-186.54	1000.0	251999	-13.437919	4.711337	-0.9887774	-21.477913	13.439359	0.004797257	26910.52298259735
127	-105.21	59.06379	-21.72	-149.16	792.3333	253999	-13.42726	4.7171135	-0.93587136	-21.462225	13.428756	0.0064275744	27123.74589061737
128	-134.315	7.9850006	-126.33	-142.3	1000.0	255999	-13.427451	4.7020845	-0.9174251	-21.499002	13.428957	0.005754468	27164.501362085342
129	-107.636665	60.16052	-28.5	-174.26	811.3333	257999	-13.445197	4.683615	-0.9404669	-21.486614	13.446629	0.0045112423	27388.498898506165
130	-131.21	15.34	-115.87	-146.55	1000.0	259999	-13.447715	4.7015285	-0.9955386	-21.471447	13.449103	0.005234811	27429.825393915176
131	-164.83	6.8899994	-157.94	-171.72	1000.0	261999	-13.463557	4.6790986	-0.9543971	-21.456715	13.464987	0.005402562	27473.219487905502
132	-160.745	5.375	-155.37	-166.12	1000.0	263999	-13.484599	4.677022	-0.9694625	-21.501	13.486404	0.0054127513	27514.152871847153
133	-134.325	12.174999	-122.15	-146.5	1000.0	265999	-13.50463	4.662073	-0.9414797	-21.526007	13.506346	0.005241677	27554.787888765335
134	-152.895	28.655003	-124.24	-181.55	1000.0	267999	-13.518381	4.651392	-0.99491775	-21.542034	13.519918	0.0045965775	27595.195057868958
135	-76.543335	76.88543	-19.19	-185.22	541.0	269999	-13.511336	4.6649566	-0.9259391	-21.475977	13.512975	0.0054478045	27984.151525974274
136	-99.09667	58.076416	-17.55	-148.35	772.6667	271999	-13.53128	4.6513734	-0.90542805	-21.508148	13.532713	0.0044825403	28296.634981393814
137	-155.66	3.3899994	-152.27	-159.05	1000.0	273999	-13.55486	4.651485	-0.90591735	-21.55427	13.5561695	0.0066140355	28336.763419628143
138	-53.295	49.27767	-21.77	-138.56	510.75	275999	-13.537654	4.6526937	-0.8559218	-21.487501	13.539031	0.005047281	28944.48267698288
139	-145.045	24.165005	-120.88	-169.21	1000.0	277999	-13.510922	4.6716456	-0.9347069	-21.514187	13.512224	0.005644609	28984.55710363388
140	-130.98999	5.5699997	-125.42	-136.56	1000.0	279999	-13.52407	4.6631823	-0.9350303	-21.504765	13.525186	0.0052935802	29024.21463394165
141	-157.87	9.090004	-148.78	-166.96	1000.0	281999	-13.547124	4.645396	-0.9340252	-21.509846	13.548394	0.0050318185	29063.11213493347
142	-129.375	9.125	-120.25	-138.5	1000.0	283999	-13.572408	4.6136785	-0.88336825	-21.525442	13.573373	0.005252903	29103.639226675034
143	-59.480003	55.774063	-21.03	-155.85	513.0	285999	-13.53534	4.6273723	-0.9431313	-21.59569	13.536386	0.0052604745	29752.195311784744
144	-63.356663	60.859882	-19.48	-149.42	573.0	287999	-13.5225725	4.642165	-0.7668519	-21.511862	13.523866	0.006080602	30274.02393221855
145	-86.64	61.320004	-25.32	-147.96	653.5	289999	-13.510363	4.6617723	-0.7219932	-21.49274	13.511609	0.005863308	30524.798135995865
146	-139.905	20.904999	-119.0	-160.81	1000.0	291999	-13.5068	4.6506667	-0.73197687	-21.545414	13.508019	0.0059180204	30564.571276903152
147	-132.83	72.44644	-30.43	-186.93	780.6667	293999	-13.544184	4.6604877	-0.7775027	-21.505362	13.545465	0.0047628116	30828.92547106743
148	-115.43665	65.59596	-22.77	-165.5	791.0	295999	-13.568785	4.6656284	-0.7474348	-21.556517	13.570104	0.00556524	31213.99127793312
149	-92.875	73.985	-18.89	-166.86	665.5	297999	-13.573684	4.6731715	-0.75449944	-21.547228	13.575045	0.005194106	31324.931625843048
150	-96.6125	68.801994	-25.53	-165.67	662.0	299999	-13.581082	4.676226	-0.86335087	-21.49791	13.582344	0.005503788	31758.560652971268
151	-51.160004	43.498318	-18.6	-112.64	563.6667	301999	-13.560298	4.6823916	-0.7230273	-21.473324	13.561481	0.0050672465	32221.553782463074
152	-108.27667	54.164368	-33.35	-159.53	831.6667	303999	-13.544599	4.692172	-0.7540482	-21.532785	13.545994	0.0060634003	32605.55709218979
153	-65.51333	55.442955	-24.4	-143.89	569.3333	305999	-13.530187	4.692887	-0.7307683	-21.527462	13.531304	0.0046116137	33271.91478085518
154	-148.04001	28.849998	-119.19	-176.89	1000.0	307999	-13.509297	4.6985803	-0.7626806	-21.50034	13.510206	0.0059354515	34228.86757564545
155	-78.005005	49.225006	-28.78	-127.23	721.5	309999	-13.505191	4.6973476	-0.7730474	-21.538805	13.506129	0.006487747	34324.11750984192
156	-88.48334	43.7671	-27.16	-126.42	776.0	311999	-13.491628	4.685274	-0.820765	-21.505133	13.492679	0.0053958534	34603.46641421318
157	-137.86499	5.8949966	-131.97	-143.76	1000.0	313999	-13.485631	4.6861424	-0.65316826	-21.586552	13.486632	0.005279122	34643.41225171089
158	-103.16	58.626194	-20.28	-146.53	777.0	315999	-13.515408	4.654083	-0.7265326	-21.585869	13.516419	0.005504964	35054.03391647339
159	-57.983337	43.085346	-26.83	-118.91	549.3333	317999	-13.479999	4.6686554	-0.74323606	-21.516098	13.481097	0.0057791513	35345.265630960464
160	-145.56	20.229996	-125.33	-165.79	1000.0	319999	-13.4932375	4.660746	-0.7671999	-21.538322	13.494302	0.005645006	35385.161636829376
161	-67.810005	64.20715	-19.52	-158.55	581.3333	321999	-13.487468	4.676333	-0.646695	-21.545845	13.488258	0.0057050306	35930.37324309349
162	-95.71	48.772865	-27.17	-136.68	770.0	323999	-13.469065	4.661032	-0.7078924	-21.513052	13.469913	0.005153451	36145.57296085358
163	-114.1	65.58016	-22.06	-170.0	784.3333	325999	-13.490365	4.6644497	-0.6982571	-21.62036	13.491237	0.006228806	36512.68193650246
164	-95.78	69.44	-26.34	-165.22	656.5	327999	-13.488744	4.6723037	-0.6562342	-21.499369	13.489492	0.0062613864	36640.24576258659
165	-107.1	59.174812	-27.45	-169.16	780.0	329999	-13.484	4.6759124	-0.6510976	-21.588303	13.484892	0.0052047744	36929.21779584885
166	-124.445	19.835	-104.61	-144.28	1000.0	331999	-13.494622	4.659144	-0.6850357	-21.561037	13.495473	0.0054720966	37048.58729100227
167	-128.245	4.535	-123.71	-132.78	1000.0	333999	-13.458702	4.6717095	-0.652948	-21.541922	13.459539	0.0055642566	37090.568279504776
168	-142.68	35.359997	-107.32	-178.04	1000.0	335999	-13.485795	4.649472	-0.5483426	-21.527027	13.486723	0.006025601	37133.554956912994
169	-121.89	0.41999817	-121.47	-122.31	1000.0	337999	-13.478485	4.648587	-0.6643969	-21.535126	13.479297	0.005288166	38059.82441973686
170	-82.55667	38.903053	-27.54	-110.28	778.0	339999	-13.476177	4.6327434	-0.6233561	-21.527046	13.477228	0.0051637995	38345.79118824005
171	-113.39	3.9199982	-109.47	-117.31	1000.0	341999	-13.455347	4.618523	-0.66651654	-21.553831	13.456308	0.005860776	38386.944152355194
172	-138.795	32.184998	-106.61	-170.98	1000.0	343999	-13.462354	4.619042	-0.6744827	-21.59373	13.463265	0.005646802	38558.17457485199
173	-24.09	4.2715626	-19.61	-29.98	350.5	345999	-13.42747	4.6330137	-0.7126039	-21.623333	13.428395	0.0056707375	39255.50420379639
174	-122.490005	14.060001	-108.43	-136.55	1000.0	347999	-13.404067	4.6353106	-0.54257476	-21.680466	13.405268	0.0053395173	39298.54141283035
175	-81.920006	55.065247	-20.57	-142.93	672.0	349999	-13.42713	4.6305723	-0.59914064	-21.672401	13.428187	0.0065494482	39761.149616241455
176	-48.075005	53.810745	-13.49	-141.2	487.0	351999	-13.393345	4.6379237	-0.64596915	-21.639542	13.3943205	0.005636155	40419.83949518204
177	-131.565	6.5549965	-125.01	-138.12	1000.0	353999	-13.376528	4.629632	-0.62004626	-21.686153	13.377846	0.0064188996	40477.12259745598
178	-137.315	15.295002	-122.02	-152.61	1000.0	355999	-13.375746	4.657318	-0.683873	-21.638836	13.37702	0.0062016733	40543.13054203987
179	-89.78	68.619995	-21.16	-158.4	675.0	357999	-13.393533	4.6486454	-0.6693531	-21.714666	13.394617	0.0055972403	40731.419046640396
180	-81.549995	56.314034	-22.78	-146.76	679.0	359999	-13.401447	4.6485133	-0.69969594	-21.67878	13.402585	0.0054796417	41116.22279191017
181	-142.65	21.71	-120.94	-164.36	1000.0	361999	-13.3882065	4.6421614	-0.67337966	-21.802162	13.389251	0.005864111	41154.67400956154
182	-128.81	2.3500023	-126.46	-131.16	1000.0	363999	-13.386924	4.6363053	-0.7025479	-21.6814	13.388069	0.005152602	41192.49834442139
183	-144.10501	1.4950027	-142.61	-145.6	1000.0	365999	-13.400135	4.6148334	-0.72565734	-21.712368	13.401331	0.0054316157	41231.15907740593
184	-61.963333	61.80761	-15.92	-149.33	559.6667	367999	-13.396367	4.621734	-0.6765205	-21.71233	13.397449	0.0054688063	41659.29219222069
185	-105.80332	58.703827	-23.14	-153.79	793.3333	369999	-13.404345	4.6252356	-0.6485872	-21.682941	13.405459	0.006444327	41880.515516757965
186	-146.70499	3.5550003	-143.15	-150.26	1000.0	371999	-13.397416	4.622968	-0.5637486	-21.659908	13.398609	0.0054885694	41919.43296599388
187	-42.28	42.758648	-11.48	-115.72	455.75	373999	-13.374754	4.6399965	-0.7307018	-21.71551	13.375852	0.005968835	42602.95049548149
188	-100.77	70.96	-29.81	-171.73	667.0	375999	-13.401725	4.6130376	-0.7377356	-21.696383	13.402895	0.0052570133	42716.58830881119
189	-108.30334	63.52325	-22.34	-173.88	792.3333	377999	-13.3955	4.6419744	-0.735628	-21.683643	13.396859	0.006233999	42886.86317443848
190	-134.765	8.455002	-126.31	-143.22	1000.0	379999	-13.409163	4.629179	-0.7353014	-21.733822	13.410387	0.0056734	42926.149295806885
191	-94.973335	54.66262	-18.59	-143.47	773.3333	381999	-13.400843	4.6294146	-0.7179067	-21.690735	13.402058	0.0053718793	43282.18455171585
192	-80.94	49.270004	-31.67	-130.21	682.0	383999	-13.405336	4.623236	-0.7442577	-21.726713	13.406315	0.0054825763	43461.47139263153
193	-94.155	69.976524	-24.53	-182.32	659.25	385999	-13.407534	4.618269	-0.7440567	-21.658411	13.408627	0.0052192947	43920.48567485809
194	-132.015	10.514999	-121.5	-142.53	1000.0	387999	-13.39096	4.6173987	-0.7619418	-21.673975	13.391961	0.005151771	43960.04266142845
195	-128.725	12.405003	-116.32	-141.13	1000.0	389999	-13.416066	4.6011467	-0.77031815	-21.6494	13.41706	0.005212597	43998.94052839279
196	-156.07501	13.974998	-142.1	-170.05	1000.0	391999	-13.400756	4.6058497	-0.7211238	-21.686039	13.401669	0.0058391094	44037.40835261345
197	-103.025	76.365	-26.66	-179.39	659.5	393999	-13.434	4.5945363	-0.73277384	-21.656694	13.434806	0.005706867	44277.52777862549
198	-75.7025	54.510963	-20.67	-149.72	669.75	395999	-13.382855	4.609876	-0.68949306	-21.67696	13.383593	0.0055760765	44652.33134698868
199	-107.71001	2.5499992	-105.16	-110.26	1000.0	397999	-13.386977	4.599008	-0.7511194	-21.635586	13.387904	0.0056809243	44806.28229689598
200	-77.335	51.935	-25.4	-129.27	704.0	399999	-13.38499	4.5876374	-0.64616895	-21.664316	13.385705	0.0049380963	45080.11315059662
201	-83.94499	60.040432	-21.8	-144.59	696.25	401999	-13.376413	4.5954657	-0.6998521	-21.682474	13.37718	0.0053466735	45458.186059713364
202	-75.14	53.49	-21.65	-128.63	647.5	403999	-13.37147	4.6077366	-0.6888696	-21.609112	13.372158	0.0055004894	45722.576785326004
203	-67.365	44.88131	-19.43	-115.66	681.0	405999	-13.352271	4.609608	-0.70327806	-21.651169	13.353243	0.0064375238	46096.720866680145
204	-154.15	22.129997	-132.02	-176.28	1000.0	407999	-13.329498	4.6117496	-0.734725	-21.674036	13.330337	0.0048903814	46145.18433403969
205	-150.38	0.5499954	-149.83	-150.93	1000.0	409999	-13.337807	4.614497	-0.6528958	-21.6487	13.33872	0.005055323	46189.429874420166
206	-125.715004	9.775002	-115.94	-135.49	1000.0	411999	-13.338794	4.6063285	-0.73715687	-21.632275	13.33961	0.0055944812	46237.065846681595
207	-65.165	43.975	-21.19	-109.14	680.5	413999	-13.355545	4.5955253	-0.67071784	-21.672	13.3565645	0.0053128246	46446.55670428276
208	-159.43	13.099998	-146.33	-172.53	1000.0	415999	-13.365821	4.593858	-0.81432605	-21.639536	13.366864	0.0064191525	46523.806038856506
209	-160.655	4.125	-156.53	-164.78	1000.0	417999	-13.381937	4.601518	-0.6960255	-21.71148	13.383065	0.0055907574	46570.67355966568
210	-167.71	3.5	-164.21	-171.21	1000.0	419999	-13.410797	4.598049	-0.6828602	-21.68683	13.411986	0.005515225	46612.903754234314
211	-53.623333	47.208916	-18.34	-120.35	567.6667	421999	-13.412065	4.595943	-0.8067972	-21.7022	13.413037	0.0060019954	47041.625447034836
212	-72.565	47.967804	-22.38	-122.71	679.25	423999	-13.371539	4.613127	-0.74070984	-21.720617	13.372704	0.0060620736	47542.81386113167
213	-119.994995	9.904999	-110.09	-129.9	1000.0	425999	-13.393457	4.6068044	-0.7726537	-21.69427	13.394432	0.005678696	47645.74146413803
214	-69.869995	48.23	-21.64	-118.1	684.0	427999	-13.379868	4.5924315	-0.61814654	-21.631546	13.38112	0.005212426	47871.02704453468
215	-105.83	3.4099998	-102.42	-109.24	1000.0	429999	-13.360874	4.5863147	-0.7773099	-21.661684	13.361723	0.005556003	47945.64426088333
216	-150.14	27.940002	-122.2	-178.08	1000.0	431999	-13.353355	4.586847	-0.7497711	-21.677277	13.354258	0.0056184996	47989.96415472031
217	-59.364998	59.379097	-21.34	-162.11	495.5	433999	-13.372744	4.6069965	-0.6987914	-21.629332	13.373709	0.0064954357	48751.4435338974
218	-152.285	11.995003	-140.29	-164.28	1000.0	435999	-13.373205	4.604377	-0.7365931	-21.623941	13.37448	0.0062270435	48852.66610407829
219	-131.81	16.760002	-115.05	-148.57	1000.0	437999	-13.381377	4.5961466	-0.66128266	-21.618364	13.38242	0.005627576	48932.11864352226
220	-79.9275	49.68596	-27.63	-138.17	668.25	439999	-13.375169	4.5964384	-0.72963136	-21.662487	13.376449	0.006648342	49436.262503147125
221	-137.24	17.860004	-119.38	-155.1	1000.0	441999	-13.394365	4.5832105	-0.76656365	-21.700117	13.39543	0.0054385113	49523.15166211128
222	-97.40334	63.552937	-12.75	-165.88	731.0	443999	-13.380052	4.5991926	-0.8038279	-21.686758	13.38102	0.005927401	49678.0258769989
223	-146.32	7.1800003	-139.14	-153.5	1000.0	445999	-13.372634	4.581805	-0.7850925	-21.665905	13.373742	0.004811572	49778.90491271019
224	-53.88667	37.812275	-24.49	-107.27	586.6667	447999	-13.36948	4.57796	-0.7792809	-21.633062	13.370586	0.005921467	50365.35488462448
225	-133.815	5.904999	-127.91	-139.72	1000.0	449999	-13.361854	4.5902705	-0.74058175	-21.642574	13.363101	0.005680078	50634.085698843
226	-76.935	49.104996	-27.83	-126.04	667.5	451999	-13.358908	4.5819507	-0.7677951	-21.644833	13.359887	0.0042484263	50804.57457661629
227	-73.7475	47.115902	-23.12	-129.56	710.0	453999	-13.357598	4.5669923	-0.7426713	-21.604635	13.358774	0.005570435	51319.591586351395
228	-61.676666	55.930496	-16.87	-140.53	545.0	455999	-13.341196	4.585989	-0.815884	-21.624393	13.342078	0.0059799547	51914.7514834404
229	-122.17333	65.08457	-30.16	-170.22	780.3333	457999	-13.36478	4.568839	-0.7762549	-21.705023	13.365572	0.0053146994	52265.08635020256
230	-143.04	33.3	-109.74	-176.34	1000.0	459999	-13.347679	4.588389	-0.69123113	-21.601954	13.348625	0.00642535	52384.28963780403
231	-89.695	67.814995	-21.88	-157.51	676.5	461999	-13.355944	4.5773506	-0.6566559	-21.605715	13.356861	0.00544073	52631.979610681534
232	-139.88	6.8099976	-133.07	-146.69	1000.0	463999	-13.371381	4.5781083	-0.79458314	-21.602966	13.372244	0.006775351	52721.1911842823
233	-84.75	54.986176	-28.21	-141.19	664.25	465999	-13.356861	4.574319	-0.72654647	-21.610212	13.357954	0.0052793357	53230.636467933655
234	-80.915	53.225	-27.69	-134.14	671.0	467999	-13.344565	4.5798035	-0.77224445	-21.625307	13.345661	0.0053527937	53619.04897689819
235	-95.44334	56.046734	-18.17	-149.36	777.3333	469999	-13.342491	4.5779386	-0.72545815	-21.633196	13.343558	0.0065916334	54002.02741980553
236	-113.78666	65.51564	-22.37	-172.56	782.6667	471999	-13.361436	4.578326	-0.7957313	-21.593208	13.362535	0.0054653836	54235.84009766579
237	-170.04001	8.510002	-161.53	-178.55	1000.0	473999	-13.354041	4.582958	-0.84153926	-21.64202	13.355143	0.005387746	54314.313331365585
238	-121.33499	12.844997	-108.49	-134.18	1000.0	475999	-13.357512	4.5721607	-0.85170346	-21.606659	13.358482	0.0053034537	54396.31801867485
239	-119.299995	13.739998	-105.56	-133.04	1000.0	477999	-13.361291	4.559752	-0.8595137	-21.601826	13.362395	0.005470922	54514.7994761467
240	-151.595	12.535004	-139.06	-164.13	1000.0	479999	-13.352025	4.552904	-0.85963196	-21.611307	13.352984	0.005112336	54585.73480796814
241	-167.935	9.055	-158.88	-176.99	1000.0	481999	-13.387914	4.5635304	-0.8619024	-21.669992	13.38909	0.0061897202	54625.26129031181
242	-75.855	30.405	-45.45	-106.26	851.0	483999	-13.367253	4.5798855	-0.94885594	-21.599323	13.368498	0.004888138	55188.07607460022
243	-134.865	27.455002	-107.41	-162.32	1000.0	485999	-13.3881035	4.554382	-0.90705824	-21.588806	13.389177	0.0062374505	55229.23538541794
244	-148.54999	10.370003	-138.18	-158.92	1000.0	487999	-13.3837185	4.5464005	-0.8902236	-21.579348	13.384614	0.005181772	55271.9525616169
245	-135.51	3.5	-132.01	-139.01	1000.0	489999	-13.369232	4.561251	-0.90574527	-21.660992	13.37028	0.0060207937	55317.67147040367
246	-120.286674	71.70633	-19.1	-176.68	776.6667	491999	-13.414497	4.542004	-0.8232224	-21.621256	13.415521	0.005358946	55520.921055316925
247	-55.17333	41.659397	-21.53	-113.88	608.3333	493999	-13.382739	4.5601277	-0.7870825	-21.592136	13.3836775	0.0057911756	56018.78060722351
248	-69.38	67.11157	-19.87	-164.26	574.0	495999	-13.387244	4.5578814	-0.8672695	-21.602297	13.388103	0.0057575447	56334.7505607605
249	-100.93667	55.82588	-26.51	-160.96	774.0	497999	-13.370297	4.573088	-0.7813381	-21.616796	13.371061	0.005626825	56596.1686770916
250	-130.465	9.975002	-120.49	-140.44	1000.0	499999	-13.384278	4.546186	-0.773058	-21.576693	13.385247	0.0060100704	56636.765580654144
251	-83.985	59.635	-24.35	-143.62	691.0	501999	-13.37313	4.556182	-0.8439278	-21.619131	13.374137	0.005953077	56825.70392227173
252	-114.77001	68.856384	-19.17	-178.61	785.3333	503999	-13.386493	4.546922	-0.80610573	-21.58801	13.387518	0.0053552105	57091.64757013321
253	-101.07666	56.26657	-21.55	-143.19	787.3333	505999	-13.369735	4.541965	-0.89531386	-21.704748	13.370828	0.0056273695	57331.576991558075
254	-78.51	57.91	-20.6	-136.42	684.5	507999	-13.372735	4.553034	-0.87203336	-21.594706	13.373729	0.004983485	57545.4385509491
255	-100.88999	59.752773	-19.77	-161.95	780.0	509999	-13.360172	4.55817	-0.8084302	-21.586403	13.36104	0.0056604086	57718.68137598038
256	-115.62667	68.80329	-18.45	-168.5	780.6667	511999	-13.379867	4.5412474	-0.86757684	-21.591276	13.380859	0.0053680916	57916.59243297577
257	-62.540005	55.731255	-22.3	-141.35	556.0	513999	-13.379301	4.5662603	-0.8040393	-21.572647	13.380341	0.005205998	58306.068567276
258	-100.130005	56.685978	-20.25	-145.93	780.6667	515999	-13.365975	4.5534153	-0.76477814	-21.60809	13.366977	0.006444625	58585.79721879959
259	-143.5	1.9100037	-141.59	-145.41	1000.0	517999	-13.35753	4.567295	-0.79024327	-21.640823	13.358508	0.006248702	58627.14470624924
260	-166.8	8.75	-158.05	-175.55	1000.0	519999	-13.401081	4.557821	-0.7691009	-21.652231	13.402079	0.0050813234	58672.03808546066
261	-132.905	2.725006	-130.18	-135.63	1000.0	521999	-13.384551	4.5507894	-0.7450705	-21.659296	13.385736	0.005944657	58715.818571567535
262	-145.62	20.8	-124.82	-166.42	1000.0	523999	-13.3902025	4.547147	-0.77351934	-21.591463	13.391421	0.0056920443	58759.82115292549
263	-178.965	16.165	-162.8	-195.13	1000.0	525999	-13.412955	4.5553308	-0.7888261	-22.311804	13.414011	0.0055290204	58810.97932434082
264	-115.875	5.955002	-109.92	-121.83	1000.0	527999	-13.416053	4.549085	-0.7780893	-22.39315	13.417262	0.00583123	58905.51271247864
265	-64.885	47.345	-17.54	-112.23	659.5	529999	-13.406541	4.5461755	-0.7837265	-22.357775	13.407679	0.005580003	59270.07334733009
266	-147.43	16.879997	-130.55	-164.31	1000.0	531999	-13.438471	4.537376	-0.7801906	-22.350155	13.43967	0.0058177793	59363.99035692215
267	-106.64667	58.84846	-23.52	-151.7	784.6667	533999	-13.409294	4.5453887	-0.892185	-22.360472	13.410451	0.006001821	59646.79698181152
268	-56.829998	41.86059	-22.65	-115.78	568.3333	535999	-13.403236	4.530245	-0.79690635	-22.364416	13.404254	0.005081864	60070.89174079895
269	-135.98001	10.370003	-125.61	-146.35	1000.0	537999	-13.39601	4.531897	-0.8371651	-22.313618	13.396913	0.00515398	60166.49883270264
270	-123.756676	74.1809	-18.85	-176.6	780.6667	539999	-13.423592	4.534375	-0.8199407	-22.33824	13.424515	0.0050328267	60490.98649573326
271	-151.78	19.330002	-132.45	-171.11	1000.0	541999	-13.425712	4.550763	-0.85707057	-22.32605	13.426596	0.005988703	60548.681300640106
272	-118.615	9.695	-108.92	-128.31	1000.0	543999	-13.420999	4.539695	-0.86300486	-22.3482	13.421847	0.005403863	60695.966099739075
273	-86.045006	61.915005	-24.13	-147.96	690.5	545999	-13.406024	4.5233965	-0.8731086	-22.336407	13.407111	0.005422803	60908.03678703308
274	-144.39	20.979996	-123.41	-165.37	1000.0	547999	-13.426328	4.5433707	-0.88471675	-22.375654	13.427328	0.006630955	61029.39397120476
275	-136.55	1.3899994	-135.16	-137.94	1000.0	549999	-13.409234	4.5220056	-0.91139114	-22.285416	13.410231	0.004891179	61282.34169483185
276	-137.76001	21.599998	-116.16	-159.36	1000.0	551999	-13.427818	4.525286	-0.8869046	-22.305408	13.428901	0.004716199	61474.87476968765
277	-95.54667	55.398632	-17.31	-138.24	784.3333	553999	-13.439459	4.5044684	-0.8341491	-22.32239	13.440461	0.004974743	61987.75057888031
278	-149.87	37.309998	-112.56	-187.18	1000.0	555999	-13.433373	4.505597	-0.83467484	-22.337318	13.434324	0.00529574	62405.711235523224
279	-106.583336	57.434227	-26.97	-160.33	801.3333	557999	-13.419819	4.513879	-0.8152287	-22.285637	13.420898	0.004903248	62950.83196306229
280	-65.9275	69.54759	-23.15	-186.3	518.0	559999	-13.437226	4.5182915	-0.8314704	-22.31727	13.438246	0.0057899165	63773.74734163284
281	-45.1325	35.323864	-21.98	-106.23	513.5	561999	-13.427052	4.5316796	-0.77831244	-22.307117	13.427943	0.004727069	64683.411652088165
282	-81.740005	62.390003	-19.35	-144.13	674.0	563999	-13.403953	4.537835	-0.72905517	-22.329172	13.404869	0.005164843	65126.476917266846
283	-133.295	6.9649963	-126.33	-140.26	1000.0	565999	-13.4079485	4.540631	-0.84557736	-22.298141	13.408925	0.0054556564	65239.356706380844
284	-133.595	5.274994	-128.32	-138.87	1000.0	567999	-13.385575	4.5182	-0.8621731	-22.290886	13.386508	0.005382907	65362.67875313759
285	-104.35	64.58055	-16.61	-170.18	772.3333	569999	-13.420117	4.517449	-0.85223454	-22.283384	13.421023	0.0051973723	65794.55359745026
286	-161.4	8.220001	-153.18	-169.62	1000.0	571999	-13.422498	4.5336323	-0.8827222	-22.288597	13.423614	0.0053151464	65915.92788934708
287	-59.21333	58.49793	-15.59	-141.9	552.0	573999	-13.420525	4.525489	-0.8990407	-22.362375	13.421496	0.005647944	66483.68557214737
288	-139.33	17.34	-121.99	-156.67	1000.0	575999	-13.44279	4.5164247	-0.89638865	-22.313139	13.4438505	0.0053643505	66591.08857035637
289	-90.457504	70.15056	-21.22	-175.99	677.0	577999	-13.4277525	4.5305347	-0.8519178	-22.286806	13.428931	0.0049771355	67067.79498314857
290	-153.445	4.3449936	-149.1	-157.79	1000.0	579999	-13.388654	4.544008	-0.8591707	-22.266016	13.389718	0.005501782	67146.90348243713
291	-117.62	10.709999	-106.91	-128.33	1000.0	581999	-13.437445	4.528483	-0.8722667	-22.347395	13.438559	0.00526076	67231.44702458382
292	-71.45	53.14	-18.31	-124.59	662.0	583999	-13.425104	4.5226665	-0.84998095	-22.320084	13.426312	0.0054147537	67548.06817483902
293	-106.72668	62.40337	-22.92	-172.58	790.3333	585999	-13.419992	4.524072	-0.8822911	-22.413546	13.420736	0.0053689266	67961.50338673592
294	-97.86	78.72	-19.14	-176.58	673.0	587999	-13.4281435	4.5359545	-0.78220356	-22.274387	13.429256	0.005129138	68038.69395637512
295	-161.405	12.074997	-149.33	-173.48	1000.0	589999	-13.401644	4.555082	-0.8981948	-22.321312	13.402709	0.005568847	68083.41193556786
296	-66.4075	42.728558	-21.96	-114.87	663.5	591999	-13.413728	4.53931	-0.9031582	-22.278046	13.41482	0.005163843	68497.83519601822
297	-175.085	3.2649994	-171.82	-178.35	1000.0	593999	-13.428588	4.543153	-0.9095781	-22.297745	13.42967	0.004994646	68536.85909485817
298	-99.28	80.85	-18.43	-180.13	672.5	595999	-13.429773	4.5533724	-0.8030334	-22.292807	13.430819	0.0054160766	68777.48849630356
299	-86.885	66.290085	-20.26	-166.11	671.75	597999	-13.434155	4.5546255	-0.97246957	-22.376774	13.435228	0.0054165926	69338.76297140121
300	-68.5025	67.99422	-20.63	-185.89	569.5	599999	-13.434881	4.573337	-0.982086	-22.286016	13.435899	0.005381364	70068.2206504345
301	-172.66501	3.584999	-169.08	-176.25	1000.0	601999	-13.447615	4.5599027	-0.92564344	-22.22219	13.448634	0.0046968535	70107.73452544212
302	-147.35	14.400002	-132.95	-161.75	1000.0	603999	-13.443288	4.566902	-0.94071054	-22.275028	13.444263	0.00494294	70147.13306164742
303	-179.795	8.345001	-171.45	-188.14	1000.0	605999	-13.458395	4.5720425	-0.9215113	-22.284506	13.459547	0.005035443	70186.49646782875
304	-142.315	35.105	-107.21	-177.42	1000.0	607999	-13.484688	4.5645967	-0.8903587	-22.337217	13.486151	0.0047932426	70229.51826238632
305	-68.94	43.81	-25.13	-112.75	657.0	609999	-13.49003	4.5538435	-0.8549423	-22.38861	13.491347	0.005422781	70491.80692768097
306	-102.450005	52.018063	-29.7	-148.28	812.6667	611999	-13.456945	4.5813756	-0.89939874	-22.244114	13.458141	0.005003542	70796.52503967285
307	-139.58	7.8600006	-131.72	-147.44	1000.0	613999	-13.476916	4.567053	-0.8974992	-22.27931	13.478189	0.0050292215	70996.67094659805
308	-75.26	49.9	-25.36	-125.16	658.5	615999	-13.474254	4.55261	-0.9170372	-22.284674	13.475513	0.0043709795	71112.63657546043
309	-127.875	4.875	-123.0	-132.75	1000.0	617999	-13.489935	4.523143	-0.94312143	-22.320232	13.491086	0.0044133356	71156.18896460533
310	-120.30334	63.271286	-31.85	-176.23	832.0	619999	-13.473025	4.5432205	-0.9811741	-22.395763	13.474089	0.005401258	71519.60548591614
311	-134.61499	12.084999	-122.53	-146.7	1000.0	621999	-13.474235	4.52514	-0.93873143	-22.287464	13.475401	0.005955752	71562.69803452492
312	-97.62333	57.109417	-24.55	-163.95	770.6667	623999	-13.448083	4.560749	-0.8258616	-22.294945	13.449431	0.0059193717	71860.5934047699
313	-77.43	48.22	-29.21	-125.65	665.5	625999	-13.469164	4.552662	-0.8511761	-22.297544	13.470442	0.0053521646	72815.73911333084
314	-84.54	63.62861	-14.71	-171.67	674.25	627999	-13.45162	4.5380883	-0.84574115	-22.301586	13.4529505	0.0054677944	73478.55724906921
315	-76.1	61.120003	-14.98	-137.22	660.5	629999	-13.44711	4.555528	-0.8770548	-22.245974	13.4483385	0.0047615357	73758.80325436592
316	-130.745	3.9750023	-126.77	-134.72	1000.0	631999	-13.452088	4.539174	-0.9389204	-22.27517	13.453114	0.004866711	73801.21407151222
317	-106.75333	68.27693	-20.21	-187.11	781.6667	633999	-13.467246	4.529938	-0.89649725	-22.35582	13.468154	0.0058496185	74060.89257264137
318	-143.68	23.05	-120.63	-166.73	1000.0	635999	-13.478901	4.5329037	-0.9529909	-22.325438	13.479923	0.004863567	74101.5842154026
319	-133.44499	16.175	-117.27	-149.62	1000.0	637999	-13.444773	4.544741	-0.94045573	-22.310875	13.445961	0.005248942	74153.3693754673
320	-173.04001	15.099998	-157.94	-188.14	1000.0	639999	-13.48264	4.533484	-0.9674504	-22.26961	13.483732	0.004736805	74221.70834326744
321	-132.87	11.100002	-121.77	-143.97	1000.0	641999	-13.477539	4.538677	-0.90727067	-22.298862	13.47871	0.005596057	74262.05333065987
322	-88.72666	51.694965	-17.19	-137.55	771.3333	643999	-13.479764	4.5331864	-0.9116837	-22.281635	13.480762	0.005667717	74542.68984293938
323	-58.046673	54.8402	-18.74	-135.6	563.6667	645999	-13.45164	4.5489	-0.8814338	-22.310448	13.45263	0.004861951	74996.83712911606
324	-111.829994	61.200817	-28.72	-174.31	779.6667	647999	-13.45954	4.5372205	-0.8147057	-22.248802	13.460803	0.004961843	75293.5511109829
325	-101.05	81.47	-19.58	-182.52	676.0	649999	-13.473022	4.551791	-0.85539484	-22.353205	13.474481	0.0066869967	75515.61784911156
326	-112.166664	67.933754	-22.8	-187.39	769.0	651999	-13.476919	4.5547647	-0.85758203	-22.261028	13.477987	0.0048512253	75799.06436181068
327	-100.51666	50.69282	-28.88	-138.74	772.3333	653999	-13.47105	4.558286	-0.9055131	-22.317083	13.472085	0.0054309675	76021.07790589333
328	-48.420002	48.721592	-19.63	-132.8	507.25	655999	-13.472977	4.543546	-0.8669713	-22.28002	13.474131	0.004721162	76670.41153526306
329	-158.85501	17.004997	-141.85	-175.86	1000.0	657999	-13.45612	4.556152	-0.8401283	-22.248169	13.457137	0.005613211	76726.90011286736
330	-85.955	65.235	-20.72	-151.19	671.0	659999	-13.480512	4.55342	-0.96165156	-22.223652	13.481591	0.0051335767	76992.67368674278
331	-99.52	53.80396	-23.59	-141.76	790.3333	661999	-13.466293	4.542841	-0.9649116	-22.26747	13.46741	0.0053641805	77242.67629766464
332	-91.095	67.30499	-23.79	-158.4	706.5	663999	-13.467723	4.537649	-0.978228	-22.238482	13.468644	0.0050083683	77581.96461391449
333	-141.45499	2.665001	-138.79	-144.12	1000.0	665999	-13.459554	4.5455422	-0.93648857	-22.236	13.460604	0.004140692	77623.98864722252
334	-154.85	24.529999	-130.32	-179.38	1000.0	667999	-13.481146	4.5468464	-0.89597404	-22.263308	13.482186	0.005208993	77664.820135355
335	-113.18	60.20786	-29.84	-169.96	774.6667	669999	-13.465901	4.5551634	-0.9384662	-22.250467	13.467042	0.0059255287	77886.43250846863
336	-120.29	70.15241	-21.09	-171.14	783.3333	671999	-13.498887	4.5474434	-0.902812	-22.255678	13.499804	0.004816427	78118.8835015297
337	-79.13	58.71	-20.42	-137.84	684.5	673999	-13.481248	4.556336	-0.9590996	-22.243546	13.482098	0.00485351	78321.75573897362
338	-101.083336	59.86012	-25.95	-172.43	773.0	675999	-13.46185	4.565929	-0.90776587	-22.246878	13.462902	0.0052042687	78587.03209996223
339	-43.075996	39.44137	-19.95	-121.55	477.8	677999	-13.481307	4.5613627	-0.91840315	-22.277939	13.482393	0.005418076	79571.26595449448
340	-52.833332	46.12184	-18.85	-118.04	563.3333	679999	-13.469777	4.569891	-0.9416609	-22.2553	13.470753	0.004602928	80025.37853193283
341	-120.426674	74.81416	-14.64	-174.94	749.3333	681999	-13.46715	4.5734158	-0.937166	-22.256853	13.468133	0.004606491	80330.56707215309
342	-67.83	48.79	-19.04	-116.62	657.0	683999	-13.454915	4.570386	-1.0054915	-22.241726	13.455968	0.0046368246	80434.32386493683
343	-72.3925	48.478268	-20.86	-122.54	709.5	685999	-13.443775	4.5627437	-1.005982	-22.325523	13.444556	0.005512949	80930.75805830956
344	-134.16501	21.105003	-113.06	-155.27	1000.0	687999	-13.431778	4.5738144	-1.0393596	-22.263046	13.432814	0.0051329304	80974.28182387352
345	-78.27	56.12	-22.15	-134.39	686.0	689999	-13.430505	4.565024	-1.068748	-22.284409	13.431444	0.0051169223	81226.94918107986
346	-115.11001	62.058743	-28.78	-171.96	778.0	691999	-13.444061	4.563524	-1.0758319	-22.286005	13.444981	0.005214419	81492.33417701721
347	-65.22667	69.5867	-15.0	-163.63	553.3333	693999	-13.42788	4.572679	-1.0338933	-22.26086	13.428882	0.005328145	81990.64447379112
348	-134.715	6.8050003	-127.91	-141.52	1000.0	695999	-13.434822	4.5672	-1.0388361	-22.302328	13.435793	0.0044154767	82032.45807862282
349	-101.13	64.59471	-11.22	-160.08	734.0	697999	-13.442655	4.5717907	-1.0284486	-22.354443	13.443776	0.005723816	82172.41228103638
350	-138.485	14.485001	-124.0	-152.97	1000.0	699999	-13.448076	4.5667024	-0.9527099	-22.273323	13.449275	0.006212889	82215.07581138611
351	-82.31333	44.61577	-19.43	-118.24	776.6667	701999	-13.439154	4.5700207	-0.8764138	-22.30166	13.44032	0.0051335944	82442.12173438072
352	-76.89667	74.65871	-24.04	-182.48	586.0	703999	-13.429364	4.564392	-0.89975095	-22.2889	13.430496	0.005204691	82795.32593131065
353	-50.806667	42.3199	-16.31	-110.41	562.3333	705999	-13.414228	4.5726695	-0.9853791	-22.335705	13.415403	0.0052772453	83136.0456840992
354	-131.86499	28.144997	-103.72	-160.01	1000.0	707999	-13.42061	4.5807734	-0.98787546	-22.3094	13.4217	0.0057334835	83179.05062413216
355	-137.98001	0.5400009	-137.44	-138.52	1000.0	709999	-13.440832	4.5739713	-0.9547745	-22.317728	13.441857	0.005330327	83220.89081811905
356	-95.916664	52.33465	-22.64	-141.57	765.3333	711999	-13.424011	4.5800695	-0.8894446	-22.277271	13.425086	0.004893348	83480.68421459198
357	-156.625	10.985001	-145.64	-167.61	1000.0	713999	-13.423279	4.5693665	-0.9645378	-22.282387	13.424439	0.0043861	83520.67382621765
358	-97.34	52.92098	-22.54	-136.9	781.3333	715999	-13.43422	4.577087	-0.92024565	-22.314096	13.435404	0.005103258	83793.67758107185
359	-67.78333	68.616745	-15.65	-164.73	565.3333	717999	-13.436163	4.57843	-0.96185267	-22.265446	13.437435	0.005272132	84294.72335529327
360	-131.88	10.519997	-121.36	-142.4	1000.0	719999	-13.441295	4.5708294	-0.952182	-22.330805	13.442428	0.004953832	84551.53317213058
361	-50.735	49.615448	-15.38	-135.97	525.75	721999	-13.415792	4.5727816	-0.95785606	-22.331268	13.41697	0.004890449	85002.52270245552
362	-114.90334	64.755646	-26.11	-178.71	766.6667	723999	-13.421581	4.5811806	-0.95867836	-22.295	13.422772	0.004786687	85212.75968432426
363	-75.88333	74.79743	-19.63	-181.59	579.0	725999	-13.413106	4.5878625	-0.8884276	-22.335436	13.414082	0.0045806044	85579.97978067398
364	-137.23	2.7799988	-134.45	-140.01	1000.0	727999	-13.427625	4.5905657	-0.94698846	-22.327145	13.428625	0.004404422	85754.61518764496
365	-87.869995	55.77	-32.1	-143.64	674.5	729999	-13.419167	4.582451	-1.0067385	-22.312252	13.420344	0.0049305907	85855.67566561699
366	-129.55	9.950001	-119.6	-139.5	1000.0	731999	-13.444202	4.5629745	-1.0194728	-22.280155	13.445148	0.0048144246	85895.31056952477
367	-142.095	7.205002	-134.89	-149.3	1000.0	733999	-13.443505	4.5549126	-0.970485	-22.291742	13.444464	0.0048793643	85935.4952852726
368	-140.22	18.759998	-121.46	-158.98	1000.0	735999	-13.446056	4.567238	-0.91550326	-22.315758	13.446939	0.0047575436	85974.86552858353
369	-142.725	0.9549942	-141.77	-143.68	1000.0	737999	-13.4318	4.562901	-0.93343765	-22.286255	13.432954	0.005107249	86014.40727567673
370	-95.450005	54.49714	-18.76	-140.42	788.3333	739999	-13.435276	4.5634127	-0.9191199	-22.306997	13.436427	0.0047294036	86285.14445900917
371	-119.729996	0.7599983	-118.97	-120.49	1000.0	741999	-13.444142	4.5489926	-0.8889159	-22.30672	13.444994	0.0045889616	86343.84460616112
372	-99.60999	60.474644	-21.06	-168.18	783.6667	743999	-13.447201	4.542352	-0.9673703	-22.26913	13.448196	0.005661403	86573.10562348366
373	-83.06	55.219997	-27.84	-138.28	705.0	745999	-13.422443	4.5640364	-1.01679	-22.278254	13.423481	0.004685934	86779.28895497322
374	-130.93001	10.530003	-120.4	-141.46	1000.0	747999	-13.424306	4.560431	-1.0133487	-22.295315	13.425289	0.005035809	86819.74823188782
375	-152.03	16.699997	-135.33	-168.73	1000.0	749999	-13.443576	4.544612	-0.96945333	-22.296377	13.444756	0.0050302777	86859.61422967911
376	-150.14	21.470001	-128.67	-171.61	1000.0	751999	-13.440856	4.540644	-0.93410933	-22.298328	13.442017	0.004548649	86899.34914016724
377	-79.75749	57.75734	-19.36	-145.75	679.5	753999	-13.44204	4.549614	-0.94976425	-22.309982	13.4431505	0.005855851	87359.58109927177
378	-170.91	9.18	-161.73	-180.09	1000.0	755999	-13.439407	4.5571127	-0.8629131	-22.325907	13.44054	0.0041581956	87400.49044847488
379	-140.19	15.529999	-124.66	-155.72	1000.0	757999	-13.443184	4.5601454	-0.86469346	-22.416973	13.444244	0.00448226	87441.480458498
380	-98.0	67.99	-30.01	-165.99	731.5	759999	-13.43799	4.5564036	-0.84696686	-22.352049	13.439028	0.0042997403	87750.44004416466
381	-112.95333	61.858006	-25.97	-164.51	810.3333	761999	-13.450159	4.563119	-0.85089993	-22.295214	13.451285	0.004465829	88018.01491069794
382	-146.095	5.834999	-140.26	-151.93	1000.0	763999	-13.464224	4.5600452	-0.9085115	-22.342705	13.465274	0.004857613	88057.19498538971
383	-141.33	26.459995	-114.87	-167.79	1000.0	765999	-13.474526	4.5336304	-0.92408323	-22.309948	13.475496	0.0042415094	88097.81145763397
384	-153.57501	20.085	-133.49	-173.66	1000.0	767999	-13.454737	4.5514765	-0.961712	-22.326445	13.455766	0.005003504	88137.54497170448
385	-104.119995	85.16	-18.96	-189.28	673.5	769999	-13.4683075	4.5516872	-0.95070153	-22.335375	13.469291	0.00452059	88385.01412892342
386	-44.892006	48.667206	-14.67	-141.8	478.6	771999	-13.461624	4.556285	-0.9584014	-22.44453	13.462617	0.00481012	89373.3164088726
387	-108.83666	61.908657	-21.83	-160.79	784.3333	773999	-13.466698	4.5592856	-0.93796754	-22.325314	13.467648	0.0047858055	89600.24568009377
388	-45.627502	42.685665	-20.19	-119.55	522.0	775999	-13.445546	4.574717	-0.96290994	-22.286148	13.446709	0.0041334326	90261.92351055145
389	-69.299995	68.04712	-20.51	-165.53	573.6667	777999	-13.442863	4.58548	-0.9818673	-22.338924	13.443854	0.0045817443	90722.64756727219
390	-78.12	59.32	-18.8	-137.44	674.0	779999	-13.44745	4.570008	-0.9927574	-22.295614	13.448501	0.0050805653	91018.0480453968
391	-140.56	15.710003	-124.85	-156.27	1000.0	781999	-13.45406	4.570637	-1.005946	-22.340523	13.455068	0.0049518896	91058.54283642769
392	-84.365005	54.80029	-29.36	-145.8	671.5	783999	-13.439481	4.570766	-0.97029793	-22.3434	13.440314	0.004210374	91526.29483699799
393	-72.70333	72.596664	-18.11	-175.3	567.0	785999	-13.443225	4.572189	-0.9248955	-22.317564	13.44419	0.00435371	91999.41241621971
394	-98.986664	64.605225	-17.33	-175.31	769.6667	787999	-13.442539	4.5788107	-1.0256504	-22.29638	13.443492	0.0049791816	92365.68998765945
395	-92.565	73.604996	-18.96	-166.17	682.0	789999	-13.410574	4.59728	-1.0042586	-22.34094	13.411701	0.004609413	92519.59279179573
396	-155.005	2.334999	-152.67	-157.34	1000.0	791999	-13.440071	4.599042	-0.9549145	-22.324572	13.441054	0.004678426	92558.84353256226
397	-93.3475	70.762245	-18.27	-187.64	665.75	793999	-13.42345	4.608361	-0.982324	-22.33028	13.424311	0.0052249664	93068.61847424507
398	-69.96999	67.24244	-20.54	-165.04	552.3333	795999	-13.4324665	4.5916176	-0.9613087	-22.32767	13.433332	0.0041558533	93455.93133544922
399	-99.736664	62.041145	-21.07	-172.72	787.3333	797999	-13.42717	4.6017528	-1.0576425	-22.306637	13.427976	0.0046491814	93691.17031002045
400	-127.115005	4.6550026	-122.46	-131.77	1000.0	799999	-13.428687	4.5922213	-1.0555043	-22.345785	13.429697	0.004805936	93732.9562830925
401	-129.775	3.834999	-125.94	-133.61	1000.0	801999	-13.423259	4.608186	-0.9986436	-22.37686	13.424269	0.0044550095	93773.24050474167
402	-65.71334	52.334084	-19.79	-138.94	643.3333	803999	-13.422598	4.590185	-1.0290085	-22.32653	13.423355	0.004718547	94362.4285030365
403	-154.60501	30.055	-124.55	-184.66	1000.0	805999	-13.4284525	4.605762	-1.0093135	-22.340523	13.429226	0.0048722066	94404.39132714272
404	-103.655	80.755	-22.9	-184.41	693.0	807999	-13.445771	4.5899982	-0.95998573	-22.376709	13.446619	0.0052912435	94570.19485235214
405	-167.465	16.224998	-151.24	-183.69	1000.0	809999	-13.435753	4.60514	-1.0615516	-22.327805	13.43681	0.003849441	94609.82681703568
406	-76.3925	53.208828	-20.77	-137.37	686.5	811999	-13.436028	4.6038704	-1.0271935	-22.314112	13.436883	0.005075937	94977.73040699959
407	-75.545	46.585	-28.96	-122.13	676.5	813999	-13.429069	4.6036687	-0.9828283	-22.40389	13.430056	0.004918643	95254.53209328651
408	-113.36	5.16	-108.2	-118.52	1000.0	815999	-13.41932	4.598019	-1.0709617	-22.33166	13.420263	0.004586058	95303.15376257896
409	-113.91333	67.79903	-18.49	-169.74	781.6667	817999	-13.438523	4.5987177	-1.0273376	-22.366898	13.439406	0.0036297955	95521.86837673187
410	-157.9	22.230003	-135.67	-180.13	1000.0	819999	-13.432374	4.607786	-1.0148789	-22.324947	13.433127	0.0047674654	95561.23480343819
411	-151.49	6.1100006	-145.38	-157.6	1000.0	821999	-13.45264	4.58939	-1.0914358	-22.335154	13.453514	0.004834146	95601.74739980698
412	-108.23334	65.50098	-17.81	-170.86	772.0	823999	-13.452929	4.5973234	-1.0730445	-22.345692	13.453736	0.0043185432	95876.51044344902
413	-160.42	18.419998	-142.0	-178.84	1000.0	825999	-13.442156	4.5951705	-1.0154669	-22.308228	13.443086	0.005050156	95933.3373503685
414	-59.853333	49.801403	-21.39	-130.18	568.6667	827999	-13.427884	4.6093955	-1.0687003	-22.312355	13.428767	0.0048756776	96424.21032524109
415	-174.255	10.334999	-163.92	-184.59	1000.0	829999	-13.45562	4.599783	-1.0944488	-22.35297	13.456423	0.004658841	96464.18359303474
416	-143.015	2.8450012	-140.17	-145.86	1000.0	831999	-13.461807	4.612031	-1.0383991	-22.401403	13.462703	0.004750845	96503.48658370972
417	-161.58	25.690002	-135.89	-187.27	1000.0	833999	-13.484419	4.600678	-0.9690194	-22.332525	13.48523	0.0046732603	96543.78450107574
418	-107.56333	60.91092	-24.84	-169.73	792.6667	835999	-13.4616	4.6139426	-1.0713751	-22.318604	13.462298	0.0037113957	96760.1701335907
419	-51.8675	55.63914	-18.03	-148.22	514.25	837999	-13.449098	4.6124	-1.0354216	-22.321243	13.449771	0.005415263	97393.61028051376
420	-155.36	16.550003	-138.81	-171.91	1000.0	839999	-13.453309	4.6263685	-1.050904	-22.340292	13.454147	0.0053266087	97434.59063577652
421	-59.680004	42.864902	-27.73	-120.27	550.0	841999	-13.442529	4.6270957	-1.0342933	-22.338947	13.443276	0.004581816	97846.16711306572
422	-84.76	63.480003	-21.28	-148.24	679.5	843999	-13.455884	4.615846	-0.9477078	-22.373768	13.456805	0.0044493102	98118.03070998192
423	-80.590004	53.60911	-27.19	-146.25	659.25	845999	-13.465693	4.6206145	-0.9889395	-22.382685	13.466328	0.004598317	98541.66945505142
424	-131.375	19.664997	-111.71	-151.04	1000.0	847999	-13.4628725	4.615991	-0.96279365	-22.339006	13.463746	0.004076267	98582.46993279457
425	-173.505	2.0650024	-171.44	-175.57	1000.0	849999	-13.473245	4.6177864	-1.0616279	-22.303118	13.473945	0.0050833058	98623.52206730843
426	-140.745	2.3250046	-138.42	-143.07	1000.0	851999	-13.466529	4.623852	-1.0723108	-22.327398	13.467186	0.003696736	98663.0972559452
427	-169.445	7.015007	-162.43	-176.46	1000.0	853999	-13.467685	4.6166234	-1.0742683	-22.320946	13.468225	0.0045843176	98703.01743984222
428	-104.42667	58.97282	-25.99	-168.19	774.0	855999	-13.480457	4.615007	-1.0057434	-22.317278	13.481054	0.0047248597	98974.55293393135
429	-74.14	53.899998	-20.24	-128.04	683.5	857999	-13.471197	4.62191	-1.0271997	-22.306156	13.472057	0.0044454727	99248.78122091293
430	-94.19668	53.73715	-18.64	-139.04	776.0	859999	-13.429176	4.6431603	-0.9554286	-22.354332	13.430101	0.004667221	99516.95438027382
431	-143.1	27.000004	-116.1	-170.1	1000.0	861999	-13.469747	4.6250954	-1.0406898	-22.316418	13.470575	0.0050047864	99686.68189620972
432	-56.850002	45.549744	-21.48	-121.16	559.6667	863999	-13.437975	4.6305447	-0.93673694	-22.3362	13.438773	0.003960488	99948.82262539864
433	-174.7	8.440002	-166.26	-183.14	1000.0	865999	-13.465737	4.629756	-0.9363148	-22.367167	13.466582	0.0040737716	99989.7435977459
434	-67.27	59.546032	-21.48	-151.37	555.6667	867999	-13.468839	4.6160226	-0.96741533	-22.311932	13.46965	0.0039502964	100432.16941857338
435	-183.19	1.6500015	-181.54	-184.84	1000.0	869999	-13.474628	4.6274037	-0.9518784	-22.325998	13.47552	0.004678741	100476.22366595268
436	-93.0225	71.53925	-16.77	-185.76	664.0	871999	-13.465725	4.635493	-0.9509913	-22.337101	13.466805	0.0044056033	100924.41972470284
437	-144.67499	14.114998	-130.56	-158.79	1000.0	873999	-13.4826565	4.638151	-0.90301585	-22.33173	13.483477	0.004333525	100974.03516554832
438	-131.905	7.125	-124.78	-139.03	1000.0	875999	-13.481155	4.637976	-1.0182965	-22.31281	13.481993	0.004388224	101039.4228618145
439	-103.98333	67.76509	-12.1	-173.51	747.3333	877999	-13.497723	4.6206765	-0.93033266	-22.360342	13.498674	0.004575063	101213.35216832161
440	-82.285	55.425003	-26.86	-137.71	696.0	879999	-13.49971	4.630129	-0.988691	-22.34996	13.500545	0.004075059	101400.81513428688
441	-152.08	32.380005	-119.7	-184.46	1000.0	881999	-13.505922	4.6318445	-1.0188341	-22.334398	13.506804	0.004657541	102049.57125425339
442	-90.636665	44.95968	-27.13	-125.08	806.3333	883999	-13.494964	4.6269236	-1.0279561	-22.35416	13.495711	0.004134118	102591.45995926857
443	-130.91501	2.334999	-128.58	-133.25	1000.0	885999	-13.49194	4.6204486	-0.91038907	-22.38453	13.492754	0.004955037	102632.1206831932
444	-56.24	47.41415	-21.18	-123.27	562.3333	887999	-13.488087	4.626744	-0.8502702	-22.331654	13.489159	0.0038113126	103125.15908098221
445	-86.526665	43.23812	-26.2	-125.34	807.3333	889999	-13.488857	4.619481	-0.8808317	-22.354115	13.489775	0.005097637	103415.70181536674
446	-56.196667	37.550682	-28.08	-109.27	592.3333	891999	-13.484245	4.627198	-0.92619383	-22.334291	13.484958	0.0035953263	103758.54413414001
447	-157.63	4.779999	-152.85	-162.41	1000.0	893999	-13.473859	4.617813	-0.9856448	-22.372501	13.474754	0.0046942756	103797.92708945274
448	-152.765	27.955002	-124.81	-180.72	1000.0	895999	-13.486068	4.6307764	-1.0011865	-22.378141	13.486887	0.0045983945	103839.79427361488
449	-61.030003	51.573135	-18.27	-133.58	556.3333	897999	-13.485045	4.6308036	-0.9579856	-22.30384	13.485824	0.0051050214	104278.89390230179
450	-110.21667	62.86112	-25.45	-175.8	793.3333	899999	-13.483989	4.6356153	-0.8894945	-22.369778	13.484953	0.0041772597	104478.5810456276
451	-102.44334	57.66446	-21.18	-148.99	777.6667	901999	-13.458583	4.626666	-1.0118351	-22.363424	13.459491	0.0049171187	104629.7428662777
452	-57.803333	51.42202	-19.02	-130.47	578.0	903999	-13.467941	4.64054	-0.92951715	-22.333885	13.468879	0.0047153407	105076.07388091087
453	-54.339996	45.409294	-20.59	-118.53	582.6667	905999	-13.434982	4.6451473	-0.9254905	-22.320616	13.435907	0.0042514117	105411.4316971302
454	-101.21	53.36178	-26.69	-148.78	777.0	907999	-13.465124	4.6338315	-0.8806822	-22.362762	13.4657755	0.0044165896	105692.38670992851
455	-153.07	19.189995	-133.88	-172.26	1000.0	909999	-13.483559	4.6256194	-0.8403089	-22.364063	13.484465	0.0050211446	105732.7513077259
456	-142.95	25.059998	-117.89	-168.01	1000.0	911999	-13.474657	4.636367	-0.8492081	-22.377226	13.475623	0.0048448415	105773.87217235565
457	-115.445	1.675003	-113.77	-117.12	1000.0	913999	-13.46895	4.6175523	-0.9016291	-22.308933	13.469764	0.0039963545	105815.27178025246
458	-81.315	46.675	-34.64	-127.99	773.0	915999	-13.475995	4.609952	-0.8568775	-22.325945	13.476906	0.004587576	106176.80123758316
459	-49.073997	51.29129	-15.68	-151.2	484.2	917999	-13.461388	4.617976	-0.94912827	-22.377148	13.462409	0.003931747	107093.03330993652
460	-104.69	68.197426	-11.68	-173.29	732.3333	919999	-13.484108	4.6062016	-0.9516798	-22.3284	13.4849825	0.004542123	107204.0870347023
461	-156.82	2.0600052	-154.76	-158.88	1000.0	921999	-13.445394	4.6286683	-0.96932083	-22.285686	13.446418	0.0054544224	107244.04054284096
462	-85.945	55.864998	-30.08	-141.81	739.0	923999	-13.447634	4.6333704	-0.92238486	-22.322641	13.448625	0.0042218226	107572.13545107841
463	-67.88	64.095245	-20.75	-158.5	558.0	925999	-13.465346	4.61453	-0.8621329	-22.38056	13.466255	0.0041408865	107979.03554034233
464	-77.4075	53.253277	-20.76	-132.02	670.5	927999	-13.469473	4.623307	-1.0991249	-22.340637	13.470569	0.005991234	108457.08719491959
465	-150.235	4.725006	-145.51	-154.96	1000.0	929999	-13.459709	4.622886	-1.0350869	-22.332804	13.460743	0.004513672	108497.03739356995
466	-69.07333	72.430466	-14.49	-171.43	562.0	931999	-13.4816	4.6180353	-0.997889	-22.311394	13.482502	0.0041248747	108989.01448965073
467	-145.755	20.185001	-125.57	-165.94	1000.0	933999	-13.454992	4.622551	-0.9612374	-22.322594	13.456051	0.0051708077	109042.57154035568
468	-106.01	55.165768	-28.46	-152.16	771.3333	935999	-13.484355	4.6132503	-0.9769707	-22.356684	13.485292	0.0041831685	109341.57029438019
469	-49.2	43.2163	-18.12	-123.76	492.75	937999	-13.454419	4.632085	-0.95748854	-22.327581	13.455379	0.004830618	109893.73430800438
470	-124.45	15.169998	-109.28	-139.62	1000.0	939999	-13.475648	4.6211305	-0.9162704	-22.403965	13.476486	0.0040520183	109943.44339203835
471	-129.485	10.715	-118.77	-140.2	1000.0	941999	-13.455234	4.6268334	-0.90355265	-22.33603	13.45626	0.004741403	109985.77005314827
472	-88.875	60.395004	-28.48	-149.27	660.0	943999	-13.449625	4.610181	-0.88449013	-22.30888	13.450404	0.004320222	110203.55601763725
473	-123.585	4.385002	-119.2	-127.97	1000.0	945999	-13.476626	4.609414	-0.864498	-22.324697	13.477446	0.004743112	110243.42425394058
474	-162.305	9.355003	-152.95	-171.66	1000.0	947999	-13.462563	4.6102715	-0.9593853	-22.350431	13.463545	0.004722207	110283.07283306122
475	-140.38	14.170002	-126.21	-154.55	1000.0	949999	-13.472356	4.614811	-0.9083035	-22.321066	13.473137	0.004722346	110323.04408025742
476	-107.61667	66.29438	-17.02	-173.81	776.3333	951999	-13.472676	4.5990605	-0.9296916	-22.335426	13.473456	0.004196826	110579.69202160835
477	-91.51666	49.172523	-22.39	-132.64	790.3333	953999	-13.446191	4.611144	-0.94491553	-22.326841	13.446977	0.0036276162	110752.75813889503
478	-54.536663	46.514492	-18.91	-120.24	560.0	955999	-13.446247	4.6180167	-0.97689784	-22.295023	13.446872	0.0046578837	111108.53361487389
479	-105.863335	65.91377	-14.45	-167.37	745.3333	957999	-13.464378	4.614008	-0.9757892	-22.420725	13.46508	0.0050950693	111242.8474817276
480	-165.515	13.235001	-152.28	-178.75	1000.0	959999	-13.452	4.612221	-0.95398986	-22.301014	13.452752	0.0035602178	111282.79313802719
481	-133.365	8.095005	-125.27	-141.46	1000.0	961999	-13.463524	4.598741	-0.97245646	-22.340582	13.464516	0.0057381745	111323.53293919563
482	-116.505	1.3349991	-115.17	-117.84	1000.0	963999	-13.445019	4.6056237	-0.8546258	-22.274351	13.445864	0.0047827237	111525.3765077591
483	-97.130005	68.86	-28.27	-165.99	660.0	965999	-13.460681	4.5909986	-0.9844181	-22.259676	13.461562	0.0043039704	111590.72436285019
484	-104.20333	66.63147	-17.36	-179.3	772.6667	967999	-13.454284	4.601077	-0.9030888	-22.34125	13.4551525	0.004674661	111786.74338674545
485	-152.755	20.004997	-132.75	-172.76	1000.0	969999	-13.471554	4.600965	-0.9320211	-22.235409	13.472448	0.0043564904	111827.88681316376
486	-116.54	4.989998	-111.55	-121.53	1000.0	971999	-13.455755	4.5996785	-0.91449004	-22.242092	13.456674	0.0048366785	111868.93034815788
487	-132.965	8.264999	-124.7	-141.23	1000.0	973999	-13.447687	4.5850735	-0.919204	-22.262318	13.448557	0.004401064	111909.24552607536
488	-145.045	27.985	-117.06	-173.03	1000.0	975999	-13.44629	4.595567	-0.95750177	-22.295443	13.447291	0.004312579	111952.30081486702
489	-140.775	19.695	-121.08	-160.47	1000.0	977999	-13.484238	4.584477	-0.88609827	-22.251442	13.484961	0.0039019026	111992.05551743507
490	-142.705	18.384998	-124.32	-161.09	1000.0	979999	-13.484435	4.58412	-0.9421453	-22.315039	13.485365	0.005293946	112032.17132878304
491	-124.305	8.665001	-115.64	-132.97	1000.0	981999	-13.453695	4.5804553	-0.90209156	-22.263824	13.454666	0.004674704	112073.05733585358
492	-128.33	3.7400055	-124.59	-132.07	1000.0	983999	-13.472527	4.5723825	-0.9001562	-22.308823	13.473398	0.00459574	112113.03986787796
493	-81.125	65.669815	-12.16	-165.71	652.0	985999	-13.477058	4.576197	-0.96039534	-22.254765	13.477858	0.0039624623	112470.99700450897
494	-147.0	26.050003	-120.95	-173.05	1000.0	987999	-13.466641	4.5825124	-0.930652	-22.235474	13.467455	0.00455329	112514.26099300385
495	-59.993332	55.097042	-19.84	-137.9	566.3333	989999	-13.4603615	4.594938	-1.0196754	-22.197779	13.46127	0.0045907637	113019.5041205883
496	-120.31	64.44513	-29.47	-172.12	780.0	991999	-13.46403	4.5990615	-0.9381265	-22.201576	13.464912	0.0042759343	113261.92012834549
497	-87.67	70.59	-17.08	-158.26	645.0	993999	-13.471896	4.5991197	-1.0358374	-22.277475	13.472789	0.0049585677	113559.55364704132
498	-106.22666	67.728935	-17.47	-181.79	779.3333	995999	-13.47673	4.5826206	-0.94990706	-22.197733	13.477567	0.0040609455	113861.05566000938
499	-162.33499	13.465004	-148.87	-175.8	1000.0	997999	-13.484914	4.581329	-0.86565614	-22.244446	13.4859	0.004664683	113901.06868672371
500	-126.375	7.5650024	-118.81	-133.94	1000.0	999999	-13.474357	4.5926666	-0.93808454	-22.217525	13.475262	0.0042707967	113942.44951963425
