Epoch	AverageEpRet	StdEpRet	MaxEpRet	MinEpRet	EpLen	AverageVVals	StdVVals	MaxVVals	MinVVals	TotalEnvInteracts	LossPi	LossV	DeltaLossPi	DeltaLossV	Entropy	KL	ClipFrac	StopIter	Time
0	-138.96	0.0	-138.96	-138.96	1000.0	-0.1231492	0.005779964	-0.12231307	-0.3046385	1000	-3.576279e-08	168.88046	-0.0034183993	-137.98862	0.918938	0.00889389	0.034	79.0	19.81500244140625
1	-140.71	0.0	-140.71	-140.71	1000.0	-7.8299265	0.0075346804	-7.8293495	-8.06798	2000	-4.2676927e-08	38.063427	-0.008089248	-30.813229	0.9290676	-0.0006717855	0.081	79.0	41.49471426010132
2	-140.53	0.0	-140.53	-140.53	1000.0	-11.704502	0.00068828283	-11.682757	-11.70456	3000	-5.3167344e-08	7.270814	-0.0068308786	-5.352498	0.91671574	0.0006288582	0.056	79.0	60.99815034866333
3	-97.73	0.0	-97.73	-97.73	1000.0	-12.657318	0.025141133	-12.654754	-13.449653	4000	-2.551079e-07	7.4096107	-0.0016008058	-7.014391	0.9062188	0.016919304	0.201	3.0	81.94645762443542
4	-71.6	0.0	-71.6	-71.6	1000.0	-10.744589	0.023034668	-10.028575	-10.751594	5000	5.7220458e-08	11.56829	-0.00092648313	-10.997347	0.90662163	0.019777965	0.192	3.0	388.4427351951599
5	-60.96	0.0	-60.96	-60.96	1000.0	-7.4955225	0.0031897551	-7.3971057	-7.4969387	6000	1.6987323e-07	1.962463	-0.003383138	-1.7138212	0.90731794	0.017968291	0.197	3.0	1003.8513538837433
6	-116.41	0.0	-116.41	-116.41	1000.0	-12.290066	0.19350435	-6.17423	-12.30164	7000	1.9073486e-08	0.7269787	-0.008496775	-0.1728931	0.9079632	0.003885352	0.034	79.0	1031.2425973415375
7	-112.0	0.0	-112.0	-112.0	1000.0	-12.40859	0.016885163	-11.875728	-12.410695	8000	-9.799004e-08	1.2657363	-0.004604493	-0.79434574	0.9300084	0.0074876877	0.063	79.0	1052.1840755939484
8	-101.56	0.0	-101.56	-101.56	1000.0	-7.0239763	0.1417634	-7.0169964	-11.504451	9000	1.9311905e-07	8.531735	-0.006125074	-8.002483	0.93153006	0.016260292	0.252	3.0	1077.3552849292755
9	-107.64	0.0	-107.64	-107.64	1000.0	-8.765297	0.034957353	-8.755774	-9.860905	10000	-5.51939e-08	4.5269394	-0.0044763647	-3.9039965	0.93122584	0.006170007	0.035	79.0	1102.24631524086
10	-43.14	0.0	-43.14	-43.14	499.0	-11.28874	0.87504685	-10.404112	-12.168238	11000	2.5957823e-08	10.947816	-0.0057041803	-7.403294	0.91622955	0.015926449	0.204	3.0	1398.966275215149
11	-115.2	0.0	-115.2	-115.2	1000.0	-8.714855	0.12153809	-8.705576	-12.55411	12000	1.988411e-07	6.507498	-0.007829667	-6.1923614	0.915557	0.0059028193	0.032	79.0	1418.262992143631
12	-156.22	0.0	-156.22	-156.22	1000.0	-12.770048	0.049953632	-11.217797	-12.781558	13000	1.2159347e-08	10.716682	-0.0018053353	-8.711352	0.91420907	0.022284076	0.271	3.0	1436.370637178421
13	-145.34	0.0	-145.34	-145.34	1000.0	-15.72911	5.475311e-05	-15.729045	-15.730326	14000	9.429455e-08	2.7785277	-0.0069064735	-0.57661223	0.91405004	0.003892757	0.039	79.0	1455.6016337871552
14	-90.17	0.0	-90.17	-90.17	1000.0	-13.463274	0.047473513	-13.457776	-14.9629755	15000	5.989075e-07	17.25339	-0.0010174242	-16.250692	0.91866374	0.018480314	0.145	4.0	1473.2911462783813
15	-139.63	0.0	-139.63	-139.63	1000.0	-7.907623	0.047506638	-7.904239	-9.408373	16000	-2.0480157e-07	34.80372	-0.0016467974	-32.87447	0.91858715	0.02074523	0.22	3.0	1491.2183394432068
16	-143.09	0.0	-143.09	-143.09	1000.0	-13.680373	0.0001133389	-13.680224	-13.683273	17000	2.7924775e-08	1.4288435	-0.0054065175	-0.624484	0.9182617	0.0040672873	0.041	79.0	1511.0093355178833
17	-155.39	0.0	-155.39	-155.39	1000.0	-16.557516	0.065627016	-14.483403	-16.560394	18000	-2.9712915e-08	2.5313652	-0.0013900462	-0.31795478	0.8978541	0.018922329	0.227	3.0	1530.5425074100494
18	-28.5	0.0	-28.5	-28.5	430.0	-15.210555	0.76803577	-14.326291	-15.977115	19000	1.2898445e-07	63.577827	-0.005584038	-56.42595	0.8973863	0.0076993005	0.061	79.0	1848.8330085277557
19	-166.81	0.0	-166.81	-166.81	1000.0	-7.511211	0.000777557	-7.5015173	-7.5120754	20000	1.8787384e-07	88.44297	-0.007943035	-78.819885	0.8710175	0.0069082347	0.078	79.0	1868.2404155731201
20	-131.84	0.0	-131.84	-131.84	1000.0	-15.159525	0.041866332	-15.157749	-16.48277	21000	9.667873e-08	3.956821	-0.008368517	-2.439611	0.8598049	-0.0012260671	0.037	79.0	1888.4423623085022
21	-98.23	0.0	-98.23	-98.23	1000.0	-14.496031	0.027910195	-13.614909	-14.498684	22000	-1.2207032e-07	18.641588	-0.0057427483	-17.606298	0.84831536	0.019538416	0.262	2.0	1913.2023296356201
22	-178.52	0.0	-178.52	-178.52	1000.0	-11.005057	0.023466306	-10.286959	-11.014106	23000	-7.510185e-09	52.569065	-0.0048891394	-45.576336	0.8480924	0.0021849507	0.04	79.0	1933.4050183296204
23	-135.15	0.0	-135.15	-135.15	1000.0	-17.704124	7.228351e-05	-17.70395	-17.704859	24000	-2.2292138e-08	17.766907	-0.0013962754	-11.17888	0.83547777	0.016717056	0.201	4.0	1953.4582302570343
24	-156.98	0.0	-156.98	-156.98	1000.0	-14.43365	0.0004294639	-14.420362	-14.433781	25000	-1.5348196e-08	7.595968	-0.0055313185	-2.7437825	0.83491534	0.004694176	0.023	79.0	1971.8685948848724
25	-107.95	0.0	-107.95	-107.95	1000.0	-15.547029	0.019783504	-15.511729	-16.067255	26000	-3.7240983e-07	19.3667	-0.0018328481	-18.323212	0.8256987	0.025404906	0.331	3.0	1989.4931633472443
26	-160.6	0.0	-160.6	-160.6	1000.0	-11.419624	0.0047148676	-11.272331	-11.420587	27000	8.141995e-08	28.593502	-0.00059062755	-22.78466	0.82548773	0.015537278	0.113	6.0	2008.0451130867004
27	-123.56	0.0	-123.56	-123.56	1000.0	-16.12103	0.001430583	-16.119812	-16.16412	28000	-6.175041e-08	12.200116	-0.0010310472	-9.666868	0.82473534	0.015637184	0.149	3.0	2026.4711289405823
28	-119.92	0.0	-119.92	-119.92	1000.0	-13.07007	0.0020786317	-13.004397	-13.070192	29000	2.4223328e-07	1.0396637	-0.0062877107	-0.9453672	0.8243141	0.021052843	0.234	2.0	2044.9422216415405
29	-35.13	0.0	-35.13	-35.13	517.0	-12.304523	0.17135848	-12.076302	-12.4858	30000	-7.152557e-09	24.448	-0.0015330039	-22.73666	0.8240846	0.01786108	0.238	3.0	2348.98534989357
30	-149.44	0.0	-149.44	-149.44	1000.0	-13.221348	0.05468787	-12.452978	-13.280103	31000	5.030632e-08	11.030512	-0.0057438854	-4.436043	0.8237929	0.0028014258	0.029	79.0	2367.335058450699
31	-189.34	0.0	-189.34	-189.34	1000.0	-12.827453	0.14666092	-12.524945	-15.397015	32000	1.0716915e-07	43.68967	-0.011321401	-36.542988	0.819878	0.0071386998	0.069	79.0	2385.9073281288147
32	-61.77	0.0	-61.77	-61.77	1000.0	-18.685976	0.02138341	-18.628254	-18.936005	33000	6.67572e-08	138.79987	-0.0035399608	-132.57292	0.79107493	0.0032434918	0.028	79.0	3122.4122548103333
33	-142.96	0.0	-142.96	-142.96	1000.0	-13.370572	0.19635797	-7.1655536	-13.382916	34000	-2.5451182e-08	3.5046816	-0.0046842108	-1.410018	0.7746303	0.0042896504	0.025	79.0	3141.4023797512054
34	-152.04	0.0	-152.04	-152.04	1000.0	-10.977764	0.17823057	-10.57925	-14.518734	35000	2.6512146e-07	21.472504	-0.0021710354	-18.100422	0.77641046	0.016860107	0.265	3.0	3160.387101173401
35	-120.77	0.0	-120.77	-120.77	1000.0	-15.271465	0.009495174	-15.235754	-15.2850685	36000	1.6331673e-07	8.723026	0.00016806937	-7.650832	0.7764811	0.018013313	0.472	3.0	3178.091878414154
36	-110.26	0.0	-110.26	-110.26	1000.0	-13.40991	0.031049438	-12.432409	-13.412819	37000	-1.0871887e-07	4.5640597	-0.00466446	-3.786895	0.7763594	-0.00026170237	0.032	79.0	3197.743811607361
37	-57.67	0.0	-57.67	-57.67	1000.0	-5.9632983	0.17474899	-5.9547725	-11.486457	38000	7.4058772e-09	0.9960648	-0.008538486	-0.19108343	0.78285605	-0.0015560564	0.04	79.0	3989.7959485054016
38	-90.38	0.0	-90.38	-90.38	1000.0	-5.8245077	0.009265696	-5.5323095	-5.8260603	39000	2.8467178e-07	8.706083	-0.0074723945	-7.455626	0.78720516	0.0073908274	0.062	79.0	4016.74228143692
39	-79.42	0.0	-79.42	-79.42	1000.0	-12.418975	0.12225397	-8.555121	-12.423529	40000	1.6760826e-07	19.008007	-0.010960128	-17.76723	0.7758125	0.0037597108	0.087	79.0	4044.7941596508026
40	-61.44	0.0	-61.44	-61.44	1000.0	-6.636392	0.051143624	-6.6240463	-8.246865	41000	4.7683715e-09	0.631331	-0.004461075	-0.25702977	0.7776721	0.016019354	0.205	2.0	4843.985640287399
41	-82.06	0.0	-82.06	-82.06	1000.0	-5.965445	0.005955099	-5.958413	-6.1237874	42000	6.699562e-08	5.003231	-0.006246525	-3.0695891	0.7777382	-0.0015546938	0.04	79.0	5118.010387182236
42	-87.02	0.0	-87.02	-87.02	1000.0	-9.187606	0.0457417	-7.742677	-9.192074	43000	-3.683567e-08	0.7999731	-0.005109941	-0.33867937	0.766484	0.0062159067	0.028	79.0	5145.729971408844
43	-111.14	0.0	-111.14	-111.14	1000.0	-8.378867	0.008761309	-8.355148	-8.615754	44000	2.4843217e-07	6.3251863	-0.00690977	-5.986133	0.7760624	0.005474581	0.093	79.0	5172.688557386398
44	-80.58	0.0	-80.58	-80.58	1000.0	-10.048234	0.024294116	-10.021485	-10.788971	45000	-3.385544e-08	3.536817	-0.0015707631	-3.238317	0.77364707	0.0176659	0.231	3.0	5192.027747154236
45	-21.87	0.0	-21.87	-21.87	485.0	-8.931225	0.82012206	-8.087294	-9.73295	46000	2.2947788e-08	12.929937	-0.003917187	-12.021055	0.7735531	0.022043146	0.23	4.0	5521.426465749741
46	-116.37	0.0	-116.37	-116.37	1000.0	-4.8900275	0.10517799	-4.8866105	-8.214384	47000	-2.6226044e-07	39.703373	-0.005019932	-38.17713	0.7732591	0.02252675	0.346	3.0	5540.197285652161
47	-110.97	0.0	-110.97	-110.97	1000.0	-11.174946	1.487631e-05	-11.174892	-11.174962	48000	3.108382e-08	0.44177684	-0.003728559	-0.0061728954	0.7730957	0.0016537748	0.032	79.0	5562.371708869934
48	-115.97	0.0	-115.97	-115.97	1000.0	-12.780946	0.048262052	-11.256507	-12.783769	49000	2.169609e-08	1.1723491	-0.0131924	-1.0558647	0.7840384	0.005032489	0.102	79.0	5583.518805265427
49	-66.56	0.0	-66.56	-66.56	839.0	-11.02764	0.21571887	-10.5452795	-11.736297	50000	-7.3313715e-09	16.201977	-0.005309911	-13.182901	0.76503384	0.01522261	0.294	3.0	6004.4528632164
50	-21.07	0.0	-21.07	-21.07	464.0	-7.3737392	0.04422342	-7.325694	-7.416422	51000	1.0997057e-08	13.237574	-0.012255728	-11.539778	0.7646816	0.005597463	0.156	79.0	6307.640938282013
51	-111.52	0.0	-111.52	-111.52	1000.0	-10.191828	0.031195907	-9.378906	-10.229511	52000	1.2803078e-07	0.7156391	-0.0048582805	-0.62412876	0.7436524	0.0021485584	0.059	79.0	6330.238447666168
52	-16.37	0.0	-16.37	-16.37	235.0	-9.734623	0.5333138	-8.756484	-10.984516	53000	-2.3275614e-08	5.3297496	-0.004080648	-4.494944	0.73806316	0.015739497	0.175	16.0	6986.782566547394
53	-79.06	0.0	-79.06	-79.06	1000.0	-9.967213	0.010641571	-9.688907	-9.981019	54000	-2.2411346e-08	3.53909	-0.0040901722	-3.1320293	0.7382603	0.0054503107	0.045	79.0	7940.611128330231
54	-34.55	0.0	-34.55	-34.55	364.0	-2.7514272	1.253134	-1.7951868	-8.226908	55000	2.3961068e-08	18.41009	-0.002788293	-14.324528	0.727927	0.0190403	0.312	4.0	8101.170605659485
55	-138.45	0.0	-138.45	-138.45	1000.0	-6.8630276	0.021984452	-6.1681905	-6.8642206	56000	-5.8650972e-08	49.523792	-0.0040041697	-45.293694	0.7271452	0.0037750688	0.022	79.0	8120.849253892899
56	-16.26	0.0	-16.26	-16.26	349.0	-13.660346	0.07573056	-13.556353	-13.718937	57000	4.2915346e-08	51.798107	-0.001742602	-49.401188	0.7166394	0.021377288	0.224	4.0	8400.789427042007
57	-34.58	0.0	-34.58	-34.58	731.0	-3.9540482	0.33961347	-3.7649777	-8.79212	58000	-5.39422e-09	5.937162	-0.008477515	-4.285488	0.71593416	0.007973874	0.084	79.0	9062.582362413406
58	-116.16	0.0	-116.16	-116.16	1000.0	-8.978148	0.033546038	-8.367589	-8.99853	59000	-2.2649765e-08	8.252641	-0.004988634	-7.0019746	0.69897854	0.005509387	0.065	79.0	10152.473706960678
59	-107.76	0.0	-107.76	-107.76	1000.0	-11.840652	0.0060339607	-11.653102	-11.841549	60000	-4.4107438e-08	1.2970687	-0.00522901	-1.0290691	0.6983275	0.0061326693	0.044	79.0	10171.862534999847
60	-114.28	0.0	-114.28	-114.28	1000.0	-10.793707	0.000691351	-10.792286	-10.810611	61000	2.7179718e-08	1.3741047	-0.0049323956	-0.57823753	0.6910736	0.002413034	0.03	79.0	10194.691442489624
61	-110.56	0.0	-110.56	-110.56	1000.0	-11.566013	0.00034719936	-11.564861	-11.566493	62000	2.4616718e-08	0.7071899	-0.011990245	-0.09995109	0.6932103	0.004172418	0.068	79.0	10219.465458393097
62	-14.12	0.0	-14.12	-14.12	322.0	-10.193194	1.5352552	-7.9320183	-11.251297	63000	-1.9192695e-08	14.610465	-0.0059378576	-13.614162	0.67156774	0.016419342	0.204	10.0	10437.90225481987
63	-34.39	0.0	-34.39	-34.39	379.0	-8.44797	0.20876479	-8.117004	-8.656852	64000	6.8843367e-09	2.45089	-0.012207975	-0.78433836	0.67012185	0.0019095364	0.105	79.0	10903.195090055466
64	-138.9	0.0	-138.9	-138.9	1000.0	-4.6273046	0.12868512	-4.533728	-8.13747	65000	-3.0994414e-08	82.621796	-0.009128676	-76.51108	0.64516217	0.0012194617	0.068	79.0	10922.425168275833
65	-126.29	0.0	-126.29	-126.29	1000.0	-13.441622	0.00029177105	-13.441342	-13.448266	66000	-3.963709e-09	2.3566368	-0.006710347	-0.19976592	0.6268199	0.0025907236	0.044	79.0	10947.52173447609
66	-109.12	0.0	-109.12	-109.12	1000.0	-13.24747	0.00813442	-12.990367	-13.247816	67000	1.0728836e-09	5.515626	-0.007057626	-3.9665308	0.61460835	0.0022838928	0.049	79.0	12000.440478086472
67	-66.86	0.0	-66.86	-66.86	1000.0	-8.758115	0.08213648	-8.703855	-11.271922	68000	8.21352e-08	4.8356214	0.0017012446	-4.298991	0.6142919	0.01661026	0.33	2.0	12018.353831291199
68	-147.34	0.0	-147.34	-147.34	1000.0	-11.155396	0.14137593	-6.6869526	-11.160989	69000	-8.177757e-08	16.561459	0.0024529572	-13.499591	0.614405	0.020307785	0.246	2.0	12036.43817448616
69	-19.835	6.8149996	-13.02	-26.65	291.0	-14.730746	0.043614652	-14.637375	-14.892394	70000	-2.4199485e-08	75.41008	-0.0021613513	-69.51609	0.6143774	0.02079747	0.303	3.0	12463.478271722794
70	-142.59	0.0	-142.59	-142.59	1000.0	-7.044195	0.001217111	-7.0293827	-7.0499043	71000	-4.673004e-08	51.053333	-0.0045598145	-47.548912	0.61422724	0.0058536874	0.021	79.0	12484.45916891098
71	-28.66	0.0	-28.66	-28.66	381.0	-8.486252	1.6304893	-7.201561	-14.053932	72000	9.6708535e-09	14.539226	-0.003712486	-12.734073	0.61149347	0.019240964	0.267	3.0	12704.337851762772
72	-88.1	0.0	-88.1	-88.1	1000.0	-9.073115	0.00011735018	-9.071092	-9.073395	73000	-4.005432e-08	0.11443891	0.0004129234	-0.065193415	0.6118183	0.02875938	0.326	2.0	12721.757979631424
73	-117.44	0.0	-117.44	-117.44	1000.0	-12.031904	0.11332479	-8.8161745	-12.133814	74000	-1.4603138e-09	0.97229487	-0.0062244204	-0.111382306	0.61199844	0.002396402	0.03	79.0	12745.483633995056
74	-155.56	0.0	-155.56	-155.56	1000.0	-13.678014	0.05583481	-11.913244	-13.679807	75000	-1.4066696e-08	5.9251385	-0.0040428718	-4.213416	0.6191996	0.0030682806	0.038	79.0	12764.819561958313
75	-156.27	0.0	-156.27	-156.27	1000.0	-15.7702055	1.6707902e-05	-15.770194	-15.770418	76000	-5.041808e-08	1.600411	-0.011469694	-0.059134364	0.61557746	-2.4123608e-05	0.079	79.0	12784.100809574127
76	-178.49	0.0	-178.49	-178.49	1000.0	-16.01721	0.00016898563	-16.01509	-16.017414	77000	-1.692772e-08	7.3372164	-0.005367679	-4.3720207	0.60047364	0.0068505737	0.048	79.0	12802.848616838455
77	-120.24	0.0	-120.24	-120.24	1000.0	-14.176207	0.18691272	-14.034808	-18.138065	78000	-2.7775764e-08	4.268644	-0.005656693	-3.2134886	0.5975193	-0.0048861722	0.011	79.0	12823.865208148956
78	-134.67	0.0	-134.67	-134.67	1000.0	-11.098467	0.044075727	-11.011816	-12.301401	79000	1.8048287e-07	5.957651	1.1053681e-05	-5.1226444	0.6033388	0.018473985	0.297	2.0	12842.952413082123
79	-32.7	7.41	-25.29	-40.11	398.5	-15.791575	1.5859858	-13.377708	-17.989496	80000	8.34465e-08	75.73728	-0.012619322	-71.483696	0.6034645	0.0056026955	0.126	79.0	13301.382042646408
80	-95.65	0.0	-95.65	-95.65	1000.0	-5.9041886	0.2114288	-5.8884363	-12.585182	81000	1.7261505e-07	11.601282	-0.005635063	-10.235739	0.59911793	0.017799398	0.127	2.0	13326.776147842407
81	-60.39	0.0	-60.39	-60.39	1000.0	-9.071916	0.0002513843	-9.071735	-9.079393	82000	8.4877016e-08	8.681784	-0.0032751656	-8.118107	0.5989753	0.0021891145	0.014	79.0	13738.687616348267
82	-14.15	0.0	-14.15	-14.15	208.0	-9.972621	2.4016168	-5.2625694	-11.208104	83000	1.2898445e-07	30.670269	-0.010786015	-26.444454	0.6128933	0.0088280765	0.109	79.0	13873.304247617722
83	-60.89	0.0	-60.89	-60.89	1000.0	-8.185215	0.27746934	-8.149747	-16.915174	84000	-1.039505e-07	4.569533	-0.002555995	-4.01724	0.6122944	0.017405257	0.242	3.0	14673.04188990593
84	-60.38	0.0	-60.38	-60.38	1000.0	-6.1741767	0.00013607762	-6.1741095	-6.1780777	85000	4.1931866e-08	3.5417008	-0.011433636	-0.3168862	0.61211354	0.0020760417	0.091	79.0	14698.724404096603
85	-64.5	0.0	-64.5	-64.5	892.0	-5.608408	0.0018337069	-5.6069384	-5.6133966	86000	-1.4483929e-08	2.7539868	-0.0022496674	-0.7474098	0.5951435	0.01559066	0.219	3.0	15375.537727832794
86	-212.06	0.0	-212.06	-212.06	1000.0	-15.301875	0.2788058	-6.4909434	-15.314346	87000	-3.7312507e-08	40.21379	-0.0030564293	-34.935406	0.59480995	0.015068237	0.141	2.0	15393.118578195572
87	-14.89	0.0	-14.89	-14.89	233.0	-18.757618	4.559772	-10.450816	-21.285383	88000	-1.502037e-08	26.287022	-0.010268025	-20.83466	0.59438837	0.0049429205	0.072	79.0	15509.490458011627
88	-153.95	0.0	-153.95	-153.95	1000.0	-16.027075	0.064047694	-15.918598	-17.600433	89000	-2.3305416e-08	4.426607	-0.0059861536	-2.3313026	0.57099146	0.0014100134	0.031	79.0	15531.185101032257
89	-87.47	0.0	-87.47	-87.47	1000.0	-8.445598	0.17356147	-8.39185	-13.913104	90000	-2.82377e-08	0.30017388	-0.00779259	-0.0421353	0.5695994	0.0015666476	0.061	79.0	15690.887663602829
90	-131.08	0.0	-131.08	-131.08	1000.0	-3.9159539	0.14877574	-3.8317478	-8.552522	91000	2.2649765e-07	75.57124	-0.0069514676	-71.78487	0.56284547	0.0070375497	0.089	79.0	15711.042786359787
91	-194.59	0.0	-194.59	-194.59	1000.0	-20.956102	0.27241826	-12.346862	-20.967674	92000	-5.3405763e-08	15.174051	-0.01092565	-5.765416	0.5723971	0.008849274	0.072	79.0	15730.146948337555
92	-120.16	0.0	-120.16	-120.16	1000.0	-12.740126	0.14568989	-12.734819	-17.344938	93000	5.197525e-08	0.5646286	-0.008500219	-0.3834489	0.5894766	0.0027984418	0.017	79.0	15752.421899557114
93	-121.8	0.0	-121.8	-121.8	1000.0	-12.259551	0.0045120306	-12.117139	-12.26001	94000	3.4872443e-08	0.6346212	0.0019235987	-0.008431613	0.5806484	0.030659033	0.35	2.0	15770.293447494507
94	-30.9	0.0	-30.9	-30.9	594.0	-10.560685	0.8576414	-9.5175085	-12.345483	95000	-2.8967857e-08	33.407944	-0.0062263007	-27.549732	0.58045286	0.012367247	0.109	79.0	16239.291890382767
95	-149.87	0.0	-149.87	-149.87	1000.0	-13.331252	0.2850134	-5.769163	-13.536027	96000	9.1195105e-09	4.8855686	-0.009157281	-4.2123966	0.5674472	0.01029273	0.08	79.0	16259.474415302277
96	-21.2	0.0	-21.2	-21.2	416.0	-5.761414	0.23722894	-5.7505994	-13.259014	97000	-1.5050173e-08	5.49504	1.584959e-05	-3.422949	0.5588365	0.021936914	0.262	2.0	16532.087194681168
97	-103.39	0.0	-103.39	-103.39	1000.0	-9.956749	0.084299885	-7.2923098	-9.959809	98000	1.579523e-08	2.7273133	-0.008324537	-0.41706753	0.5587395	0.0052322177	0.098	79.0	16555.463175296783
98	-61.45	0.0	-61.45	-61.45	1000.0	-6.558071	0.13447545	-6.5025907	-10.592938	99000	7.778406e-09	1.4228462	-0.012627413	-0.5614622	0.53624845	-0.0027047934	0.084	79.0	17181.64378976822
99	-121.96	0.0	-121.96	-121.96	1000.0	-10.248087	0.12789235	-6.213893	-10.257199	100000	-4.696846e-08	4.597015	-0.007063812	-3.8480039	0.5249123	0.0042284145	0.053	79.0	17204.56632757187
100	-21.895	3.9750004	-17.92	-25.87	322.0	-8.963416	2.7200248	-6.6399655	-12.614602	101000	3.236532e-08	8.748078	-0.011205303	-5.3401384	0.5173405	0.018750379	0.188	2.0	17414.11257481575
101	-137.86	0.0	-137.86	-137.86	1000.0	-10.84064	0.01575232	-10.787979	-11.001572	102000	4.649162e-08	9.683553	-0.0033792297	-8.470656	0.5171662	0.030336423	0.304	3.0	17433.134425401688
102	-145.63	0.0	-145.63	-145.63	1000.0	-13.654771	0.00227579	-13.653479	-13.724626	103000	2.1487475e-08	3.413233	0.001778703	-1.2032089	0.5166768	0.016472386	0.236	2.0	17451.316847085953
103	-134.03	0.0	-134.03	-134.03	1000.0	-14.325415	0.016726168	-14.304317	-14.763675	104000	-3.9756298e-08	1.470351	-0.0024067394	-0.31936657	0.5162366	0.019975062	0.159	5.0	17470.922075748444
104	-27.990002	5.500001	-22.49	-33.49	438.5	-6.3337355	2.5959477	-5.3208985	-13.7158375	105000	-2.899766e-08	3.9852166	-0.009300768	-1.2372191	0.51500815	0.011726131	0.047	79.0	18051.81603384018
105	-14.43	0.3699999	-14.06	-14.8	193.0	-13.629523	6.4231954	-4.637929	-19.969172	106000	4.169345e-08	6.298897	-0.011752805	-4.5719943	0.5343627	0.015043275	0.181	18.0	18205.85909962654
106	-9.915	3.9250002	-5.99	-13.84	173.0	-8.347549	3.1224644	-4.0510163	-12.531052	107000	1.2863428e-08	2.5772634	-0.0145071	-0.810899	0.5344892	0.00875038	0.088	79.0	19019.53688263893
107	-169.71	0.0	-169.71	-169.71	1000.0	-12.3947315	0.0846584	-11.319933	-12.506098	108000	-3.439188e-08	38.052578	-0.0026575625	-23.216118	0.5160276	0.016111149	0.204	2.0	19038.55784225464
108	-48.47	0.0	-48.47	-48.47	552.0	-10.903277	5.0920596	-5.960428	-17.273983	109000	3.2782554e-09	13.024345	-0.0030448989	-11.855153	0.51573586	0.019068627	0.159	3.0	19978.63604450226
109	-27.8	0.0	-27.8	-27.8	282.0	-19.68855	3.3540628	-11.034591	-22.431389	110000	-2.142787e-08	23.94972	-0.0034579514	-22.110676	0.51525104	0.01695214	0.251	2.0	20087.06822371483
110	-149.1	0.0	-149.1	-149.1	1000.0	-13.171358	0.07115852	-12.93668	-13.660799	111000	-3.543496e-08	10.707297	-0.003533838	-4.2330995	0.5148425	0.017341755	0.239	3.0	20105.654190778732
111	-19.72	0.0	-19.72	-19.72	230.0	-8.052276	0.89295775	-6.4251604	-14.970778	112000	3.695488e-08	61.44442	-0.0053912243	-54.95298	0.5142056	0.015174127	0.142	2.0	20231.593177080154
112	-25.9	0.0	-25.9	-25.9	247.0	-6.0387216	0.47491673	-5.6514325	-15.88888	113000	-5.7816507e-09	4.3474216	-0.0038759587	-2.214095	0.51396793	0.023509912	0.381	3.0	20294.188788175583
113	-32.1	0.0	-32.1	-32.1	367.0	-15.39611	7.6714435	-5.0358734	-21.667044	114000	-1.5601517e-08	5.0126295	0.0013089548	-4.325041	0.5134738	0.01507589	0.226	3.0	20572.76212334633
114	-23.95	0.0	-23.95	-23.95	352.0	-12.3716135	6.75449	-3.1198747	-17.42742	115000	-4.045665e-09	4.690997	-0.0135530755	-3.1088204	0.51297194	0.005085557	0.087	79.0	20706.49929499626
115	-146.46	0.0	-146.46	-146.46	1000.0	-13.284644	0.108803876	-13.042759	-15.240236	116000	-3.784895e-08	7.7712965	0.004219123	-5.5358944	0.5324917	0.0259634	0.329	2.0	20726.290192604065
116	-28.31	0.0	-28.31	-28.31	371.0	-12.9285755	6.575637	-2.4946966	-18.099405	117000	-7.033348e-09	5.8156424	-0.0065690195	-5.31673	0.5328272	0.015601247	0.152	4.0	20959.119149446487
117	-130.85	0.0	-130.85	-130.85	1000.0	-13.938387	0.04977348	-13.2044525	-14.009262	118000	6.1243774e-08	2.58396	-0.0070475414	-1.0041908	0.5333255	0.0077352235	0.041	79.0	20979.235156059265
118	-201.61	0.0	-201.61	-201.61	1000.0	-15.09612	1.076822	-12.450681	-16.375862	119000	3.4689904e-08	33.887882	-0.006184408	-27.333591	0.5279606	0.00801629	0.052	79.0	20998.57306289673
119	-200.33	0.0	-200.33	-200.33	1000.0	-22.972258	0.81614804	-19.010677	-23.876087	120000	-4.9114227e-08	19.658607	-0.0021865678	-18.954998	0.5196271	0.017164422	0.226	4.0	21016.476176261902
120	-16.28	0.0	-16.28	-16.28	234.0	-15.819511	5.1255507	-5.683715	-18.740557	121000	-2.1457673e-08	16.489515	-0.008310709	-14.995236	0.52002317	0.021978352	0.269	3.0	21113.204210996628
121	-23.406668	7.571285	-16.76	-34.0	318.0	-5.647127	1.5876826	-2.8710206	-10.631055	122000	-2.0489097e-09	3.355293	0.0015586782	-2.557559	0.52039194	0.015283462	0.264	2.0	21650.87132191658
122	-183.23	0.0	-183.23	-183.23	1000.0	-17.519224	0.6680359	-6.6458397	-18.012026	123000	-3.2648444e-08	11.038776	0.000579052	-10.308546	0.52055854	0.018978974	0.292	2.0	21669.198267698288
123	-12.69	0.0	-12.69	-12.69	220.0	-18.102446	4.0751414	-11.027261	-22.230755	124000	5.2928925e-08	19.325323	-0.0017820494	-18.766401	0.52065414	0.018019343	0.23	4.0	21783.507932662964
124	-122.54	0.0	-122.54	-122.54	1000.0	-1.3597404	1.2509292	0.14651468	-11.348269	125000	-1.9645691e-07	105.17587	-0.007220889	-99.37341	0.5204222	0.00629153	0.027	79.0	22939.441345214844
125	-183.24	0.0	-183.24	-183.24	1000.0	-28.334679	0.8949284	-11.309328	-28.866928	126000	6.103516e-08	79.24242	-0.000556829	-76.24791	0.5325643	0.016731152	0.241	3.0	22957.734184265137
126	-154.44	0.0	-154.44	-154.44	1000.0	-11.830535	0.15728064	-11.551735	-14.844463	127000	1.02758406e-07	16.488922	-0.0071746116	-13.681321	0.53285986	0.0038851958	0.052	79.0	22978.093943834305
127	-139.34	0.0	-139.34	-139.34	1000.0	-12.059527	0.09481543	-12.051299	-15.053565	128000	7.2836876e-08	3.9077628	-0.010005015	-3.4796245	0.52096933	0.004636821	0.044	79.0	22998.217163324356
128	-164.54	0.0	-164.54	-164.54	1000.0	-15.575492	0.40620354	-13.888571	-16.191729	129000	-2.375245e-08	9.623669	-0.0008738709	-8.775775	0.5190769	0.017119274	0.171	4.0	23016.688579797745
129	-170.39	0.0	-170.39	-170.39	1000.0	-17.967056	0.96075106	-11.795566	-19.393942	130000	7.0035457e-09	3.0103745	-0.008360001	-2.9048953	0.51945347	0.010959631	0.115	79.0	23036.76292824745
130	-168.18	0.0	-168.18	-168.18	1000.0	-12.903574	0.8096966	-11.732506	-14.202416	131000	9.644032e-08	22.049389	-0.0014160709	-20.685654	0.5196501	0.015180747	0.168	4.0	23056.683225870132
131	-100.83	0.0	-100.83	-100.83	1000.0	-11.657595	0.17016326	-11.344611	-12.747588	132000	5.4836273e-09	2.1276464	-0.007831985	-1.4731979	0.51979476	0.001798389	0.05	79.0	23077.763070344925
132	-195.35	0.0	-195.35	-195.35	1000.0	-17.767544	2.3765469	-10.405496	-20.71793	133000	1.9812583e-07	6.652753	-0.015336504	-6.4414687	0.5315541	0.0014905581	0.072	79.0	23099.17099761963
133	-18.38	3.9207227	-14.59	-23.78	243.66667	-10.316466	0.12715113	-10.209614	-13.60434	134000	2.4557114e-08	29.569284	-0.0063827895	-24.273428	0.52209747	0.01728272	0.278	3.0	23520.358406305313
134	-76.66	0.0	-76.66	-76.66	1000.0	-5.2808437	0.0059930976	-5.280519	-5.470211	135000	-6.2942505e-08	4.298836	-0.0073074466	-3.8883367	0.52184373	0.0053975703	0.034	79.0	24475.686987876892
135	-140.45	0.0	-140.45	-140.45	1000.0	-9.82125	0.13426614	-7.234733	-9.967654	136000	-1.4805794e-07	19.732409	-0.0057089822	-17.577808	0.51174897	0.008465976	0.046	79.0	24495.76494908333
136	-190.62	0.0	-190.62	-190.62	1000.0	-18.056751	1.1978737	-13.972452	-19.35784	137000	-1.15633014e-07	3.3738077	-0.004166838	-3.1596549	0.518429	0.019389978	0.163	2.0	24513.213378190994
137	-174.83	0.0	-174.83	-174.83	1000.0	-21.012861	1.6901436	-13.939998	-22.590593	138000	5.9604646e-09	9.367755	-0.008871134	-9.246655	0.5185107	0.0023226482	0.038	79.0	24532.800186157227
138	-96.75	0.0	-96.75	-96.75	1000.0	-7.604946	0.1497703	-7.580003	-12.319707	139000	-5.2452087e-09	4.9405246	-0.009328653	-3.2890291	0.51428646	0.0022936082	0.076	79.0	24553.70453095436
139	-11.08	0.0	-11.08	-11.08	179.0	-10.996273	1.1715215	-9.394582	-12.92242	140000	-6.0886144e-08	25.979269	-0.011307698	-24.129541	0.5107505	0.0060798386	0.073	79.0	24652.22930622101
140	-167.38	0.0	-167.38	-167.38	1000.0	-19.614065	0.94066954	-14.529642	-20.73028	141000	3.3020974e-08	6.371607	0.004899347	-6.311442	0.49171188	0.030390123	0.292	2.0	24669.786294460297
141	-172.58	0.0	-172.58	-172.58	1000.0	-12.964749	0.58482903	-11.715437	-13.856905	142000	8.642674e-08	24.228003	0.0024318246	-21.943947	0.4913796	0.015464651	0.26	2.0	24687.32578396797
142	-170.92	0.0	-170.92	-170.92	1000.0	-16.960459	0.8070982	-14.784151	-18.304638	143000	-1.5944243e-08	1.7961102	-0.0038620662	-1.408534	0.49105856	0.0044746757	0.031	79.0	24706.86630153656
143	-131.0	0.0	-131.0	-131.0	1000.0	-8.70412	0.7562775	-6.6386857	-14.261302	144000	1.1587143e-07	20.317657	-0.012869189	-18.977936	0.4751224	0.0026052482	0.06	79.0	24727.273178100586
144	-150.81	0.0	-150.81	-150.81	1000.0	-13.018557	0.0889913	-12.821824	-13.149263	145000	-4.172325e-09	5.8525996	-0.0003525784	-5.0049067	0.45638806	0.01717657	0.121	4.0	24745.387102603912
145	-162.14	0.0	-162.14	-162.14	1000.0	-20.385195	0.91075665	-14.58253	-21.39656	146000	2.7418137e-08	12.363068	-0.0072866906	-11.378168	0.45625797	0.0010785033	0.058	79.0	24764.496937274933
146	-144.24	0.0	-144.24	-144.24	1000.0	-12.973332	0.27169025	-12.486502	-14.105627	147000	5.4359436e-08	2.8892758	-0.00915705	-2.5801177	0.45465425	0.004706812	0.07	79.0	24784.811727046967
147	-83.35	0.0	-83.35	-83.35	1000.0	-5.417707	0.28636613	-5.2363253	-13.757821	148000	-1.2278557e-08	7.4197726	-0.0095720235	-6.1882033	0.46091065	0.0026349558	0.058	79.0	25753.55877161026
148	-195.18	0.0	-195.18	-195.18	1000.0	-22.6177	1.0842993	-7.9127393	-23.557722	149000	1.8239021e-08	8.824924	-0.008173028	-8.687702	0.4640698	0.0032112778	0.025	79.0	25772.395319223404
149	-96.45	0.0	-96.45	-96.45	1000.0	-7.768317	0.2280548	-7.7420907	-14.965582	150000	1.7881393e-09	3.6394007	-0.00037503487	-2.4493952	0.4656575	0.027103372	0.271	2.0	25790.93220758438
150	-193.61	0.0	-193.61	-193.61	1000.0	-21.94968	2.9416454	-9.310822	-24.921427	151000	2.4199485e-08	2.7948484	0.0026309001	-2.442543	0.46556658	0.018439552	0.273	2.0	25809.759847164154
151	-13.89	0.0	-13.89	-13.89	206.0	-12.542924	1.8872732	-8.936897	-14.977068	152000	-3.761053e-08	7.366703	-0.0023243015	-6.538765	0.4655425	0.015429487	0.163	6.0	25893.417469739914
152	-113.38	0.0	-113.38	-113.38	1000.0	-14.546616	0.550972	-11.357213	-15.322126	153000	1.7547607e-07	8.671569	-0.003724248	-8.067244	0.46546814	0.01597883	0.264	2.0	25911.761330366135
153	-176.67	0.0	-176.67	-176.67	1000.0	-13.793699	1.3027432	-11.2020855	-16.677917	154000	-9.167194e-08	25.082779	0.0016579687	-24.318264	0.4654441	0.0176066	0.255	2.0	25930.3095870018
154	-98.38	0.0	-98.38	-98.38	1000.0	-4.113902	0.27921808	-4.041426	-12.822833	155000	-2.5749207e-08	31.293083	-0.007514473	-27.850445	0.46551892	0.0040658116	0.081	79.0	27030.323968410492
155	-13.83	0.0	-13.83	-13.83	154.0	-9.472905	0.26761287	-9.359992	-10.313872	156000	5.042553e-08	8.863588	-0.015243774	-6.0953064	0.46450257	0.005866931	0.106	79.0	27932.35013794899
156	-163.78	0.0	-163.78	-163.78	1000.0	-12.114038	0.20474458	-7.337143	-12.3089285	157000	-2.4318695e-08	19.437136	0.002870825	-17.620462	0.44872668	0.026281608	0.276	2.0	27950.615206480026
157	-12.77	0.0	-12.77	-12.77	196.0	-15.556303	3.8820617	-7.8992543	-18.293388	158000	7.891655e-08	12.595694	-0.0011163013	-11.265004	0.4485841	0.017524438	0.225	3.0	28038.69860434532
158	-135.94	0.0	-135.94	-135.94	1000.0	-14.733792	0.40982458	-13.288398	-15.083129	159000	-2.7239322e-08	2.2425153	-0.004031479	-1.8639083	0.4484255	0.016591495	0.117	3.0	28058.9629611969
159	-121.23	0.0	-121.23	-121.23	1000.0	-8.2444105	0.29380232	-7.3146286	-10.145616	160000	2.0456314e-07	12.859638	-0.008503278	-12.142895	0.44832975	0.0027638618	0.058	79.0	28078.04697370529
160	-88.72	0.0	-88.72	-88.72	1000.0	-11.922538	0.6396912	-10.545658	-13.027094	161000	1.5830993e-07	7.2772193	-0.0062766084	-6.0924854	0.45508724	0.01863823	0.353	2.0	28100.759895324707
161	-78.01	0.0	-78.01	-78.01	1000.0	-8.483786	0.019126758	-8.469682	-9.035096	162000	3.5762786e-09	0.36758733	0.002652333	-0.30789542	0.455159	0.016927317	0.2	7.0	28121.421174526215
162	-13.17	0.0	-13.17	-13.17	176.0	-10.586795	2.5381021	-4.525859	-11.789213	163000	-3.6120415e-08	2.4997885	0.00018121547	-1.5465536	0.4548743	0.016194038	0.256	3.0	28229.567584991455
163	-117.75	0.0	-117.75	-117.75	1000.0	-10.490445	0.035579324	-10.432972	-10.545159	164000	7.271767e-08	1.6010092	-0.0021598926	-1.4739792	0.45457113	0.015705772	0.165	2.0	28248.505837917328
164	-99.66	0.0	-99.66	-99.66	1000.0	-8.104858	0.18576203	-7.868462	-11.675879	165000	-1.7106533e-08	5.336973	-0.0050490513	-3.667749	0.45433426	0.0034378308	0.048	79.0	29176.958166360855
165	-93.01	0.0	-93.01	-93.01	1000.0	-9.361426	0.028533177	-9.329069	-9.980431	166000	-5.9463083e-08	0.27911785	-0.005168099	-0.0029180646	0.4577326	-0.0009095927	0.029	79.0	29195.690813541412
166	-134.09	0.0	-134.09	-134.09	1000.0	-7.223811	0.42448238	-6.2540407	-9.416437	167000	-3.1280518e-07	35.93412	-0.011887601	-33.91875	0.46313775	0.0036246653	0.069	79.0	29215.717086315155
167	-124.2	0.0	-124.2	-124.2	1000.0	-12.906708	0.007756113	-12.890011	-12.930248	168000	1.5646219e-09	5.0015044	0.0039947364	-0.021028042	0.4413923	0.022518612	0.281	2.0	29235.076287269592
168	-87.8	0.0	-87.8	-87.8	1000.0	-14.150287	0.06696218	-12.939277	-14.307503	169000	-6.532669e-07	25.014383	-0.0002483859	-23.625423	0.44100636	0.019366518	0.384	2.0	29252.79907655716
169	-95.72	0.0	-95.72	-95.72	1000.0	-8.059709	0.076192684	-7.9316936	-9.35092	170000	-4.687905e-08	6.8397937	0.0006158191	-2.5010467	0.4407498	0.015416708	0.2	4.0	30362.421656847
170	-77.88	0.0	-77.88	-77.88	1000.0	-9.7505665	0.0109128775	-9.405739	-9.751913	171000	-2.360344e-08	3.7352	-0.0061335373	-3.201057	0.44023257	-0.0009660357	0.044	79.0	30381.293194770813
171	-97.39	0.0	-97.39	-97.39	1000.0	-7.9869657	0.0010555027	-7.985871	-7.99018	172000	-1.1920929e-08	4.8662233	-0.0049511185	-3.3238764	0.41771534	0.0017307064	0.036	79.0	30402.105674505234
172	-9.95	0.0	-9.95	-9.95	138.0	-9.789086	0.008092977	-9.78398	-9.8171625	173000	-1.42753125e-08	6.683803	-0.0053891926	-2.4833298	0.41100135	0.02179373	0.181	3.0	30471.46077489853
173	-97.41	0.0	-97.41	-97.41	1000.0	-8.593884	0.001597505	-8.5493555	-8.595703	174000	-9.417534e-09	1.0775298	-0.0044226837	-0.90117717	0.41080862	0.01203976	0.072	79.0	30491.67401075363
174	-160.89	0.0	-160.89	-160.89	1000.0	-8.0878315	0.047486108	-8.073032	-9.527634	175000	1.7380714e-07	62.745586	0.0019678234	-58.644302	0.40662226	0.019414056	0.263	2.0	30510.27941775322
175	-138.58	0.0	-138.58	-138.58	1000.0	-15.846459	0.028840596	-15.680025	-15.876214	176000	4.5895575e-08	3.0548654	-0.0014607174	-2.555953	0.40654513	0.015826229	0.181	5.0	30529.219232082367
176	-28.47	0.0	-28.47	-28.47	449.0	-14.004213	0.23081465	-13.681653	-14.234994	177000	2.5749207e-08	45.82625	-0.0071302443	-43.906586	0.40622312	0.0111577725	0.132	79.0	30832.304795980453
177	-13.74	0.0	-13.74	-13.74	195.0	-9.84357	2.2466927	-5.1977744	-10.951147	178000	3.2395125e-08	1.116952	-0.003078671	-0.44423378	0.39948368	0.018258335	0.158	10.0	30923.374498844147
178	-91.53	0.0	-91.53	-91.53	1000.0	-10.175924	0.024750583	-10.162814	-10.918772	179000	5.1677226e-08	1.8680762	-0.009401565	-0.6637083	0.39823276	-0.005021463	0.048	79.0	31634.32580780983
179	-100.05	0.0	-100.05	-100.05	1000.0	-10.330655	0.03557442	-9.366098	-10.3638115	180000	9.298324e-08	0.08993452	-0.0077982903	-0.08371924	0.38038504	0.00856143	0.065	79.0	31656.641610622406
180	-71.11	0.0	-71.11	-71.11	1000.0	-9.407148	0.021143757	-9.397513	-10.015664	181000	1.8978119e-07	5.760256	-0.003289196	-5.152674	0.3762072	0.030951377	0.381	2.0	31675.250606536865
181	-116.23	0.0	-116.23	-116.23	1000.0	-8.412159	0.050640173	-7.18797	-8.452717	182000	3.590584e-07	9.454438	-0.009164548	-8.955187	0.3761663	0.004351632	0.046	79.0	31694.95897746086
182	-70.69	0.0	-70.69	-70.69	1000.0	-8.7105055	0.08405103	-8.698397	-11.354006	183000	1.0955334e-07	3.0402858	-0.00562556	-2.3673205	0.38485453	0.0029047884	0.031	79.0	32426.98998785019
183	-64.42	0.0	-64.42	-64.42	1000.0	-10.240661	0.09691546	-7.183372	-10.261249	184000	-1.6689301e-09	13.780356	-0.006962274	-12.95654	0.37129053	0.006066655	0.038	79.0	32843.54155778885
184	-85.21	0.0	-85.21	-85.21	1000.0	-6.7404246	0.002919121	-6.6810017	-6.747611	185000	-1.6212464e-07	2.5531406	-0.007843253	-2.1647575	0.3650365	0.0004509386	0.041	79.0	32863.79360342026
185	-87.64	0.0	-87.64	-87.64	1000.0	-5.9071875	0.10518958	-5.6713533	-8.185864	186000	-8.392334e-08	6.6131783	-0.0052358867	-6.329749	0.34308755	0.015642684	0.149	74.0	33335.36372447014
186	-154.19	0.0	-154.19	-154.19	1000.0	-8.717322	0.013071521	-8.408904	-8.724343	187000	-1.36137e-07	44.106636	-0.0060050036	-40.873333	0.34521073	-0.0033486248	0.026	79.0	33356.12543845177
187	-78.29	0.0	-78.29	-78.29	1000.0	-14.352146	0.023714453	-14.344334	-15.080568	188000	1.2350083e-07	38.249718	-0.009600061	-34.33537	0.34347346	0.0072160508	0.068	79.0	34214.71735882759
188	-90.39	0.0	-90.39	-90.39	1000.0	-3.567479	0.15494673	-3.5516498	-8.456875	189000	1.3422967e-07	26.68005	-0.006479889	-24.290295	0.32244417	0.0054918	0.045	79.0	35229.46846818924
189	-117.83	0.0	-117.83	-117.83	1000.0	-11.730508	0.13073981	-8.480312	-11.78203	190000	1.5720725e-09	1.6025316	-0.0017762724	-0.53802836	0.3246307	0.015439903	0.088	4.0	36375.169548511505
190	-20.043333	5.6289515	-12.28	-25.45	284.66666	-9.935903	1.0675434	-8.376444	-11.274626	191000	4.7683715e-09	26.892967	-0.0030786274	-23.440495	0.3249701	0.0155379	0.219	3.0	36801.00751924515
191	-73.11	0.0	-73.11	-73.11	1000.0	-6.340042	0.12049325	-6.22105	-7.5081553	192000	-7.96318e-08	0.65945137	-0.009492165	-0.602119	0.32498538	0.0063078157	0.076	79.0	36822.48062944412
192	-155.4	0.0	-155.4	-155.4	1000.0	-4.9061856	0.11559458	-4.6925106	-7.2117987	193000	3.2234192e-07	102.5943	-0.01101387	-97.28518	0.31211555	0.0035623773	0.093	79.0	36842.355078458786
193	-156.28	0.0	-156.28	-156.28	1000.0	-14.768059	0.0021391495	-14.762346	-14.783139	194000	2.026558e-09	8.734668	-0.0035600031	-2.0628452	0.33571148	0.018201038	0.14	2.0	36861.026372909546
194	-84.08	0.0	-84.08	-84.08	1000.0	-12.207366	0.33398756	-11.90876	-15.755875	195000	1.4448166e-07	13.516202	-0.008756334	-12.900809	0.33600736	0.020950343	0.32	2.0	36880.655334711075
195	-100.8	0.0	-100.8	-100.8	1000.0	-13.6524	0.17691658	-8.567211	-13.831815	196000	2.07901e-07	11.097856	-0.0026172034	-10.4428835	0.33633655	0.016734943	0.282	3.0	36898.63704276085
196	-82.08	0.0	-82.08	-82.08	1000.0	-7.7821574	0.08614788	-7.7791314	-10.5050125	197000	-4.4703485e-09	0.17611234	0.003615225	-0.07979729	0.33691534	0.024297658	0.471	2.0	36919.17460155487
197	-133.81	0.0	-133.81	-133.81	1000.0	-10.881554	0.08902895	-8.068059	-10.885188	198000	-7.033348e-08	7.1393046	-0.00083194044	-5.990868	0.3372183	0.015767178	0.214	5.0	36936.7138774395
198	-64.09	0.0	-64.09	-64.09	1000.0	-11.890435	0.06450695	-11.83779	-13.318495	199000	-1.8334389e-07	29.073847	-0.009161827	-27.028793	0.33776298	0.007845754	0.074	79.0	37656.82734107971
199	-62.71	0.0	-62.71	-62.71	1000.0	-6.649706	0.00070562103	-6.648935	-6.654316	200000	1.2344123e-07	0.33311164	0.00035278787	-0.22408341	0.32827163	0.021761427	0.251	2.0	38708.8388030529
200	-148.02	0.0	-148.02	-148.02	1000.0	-8.108843	0.094876565	-6.1699085	-8.162623	201000	-7.43866e-08	45.977135	-0.012495451	-41.056488	0.32813904	0.013910975	0.118	79.0	38727.8443300724
201	-30.98	0.0	-30.98	-30.98	461.0	-9.1006	0.17204815	-9.088245	-14.534648	202000	-2.1517277e-08	13.097708	-0.0048664417	-10.8213	0.33044243	0.006502035	0.052	79.0	39148.96527004242
202	-91.95	0.0	-91.95	-91.95	1000.0	-5.7273035	0.00092381105	-5.726424	-5.7499385	203000	1.2874604e-08	10.644058	-0.0008514533	-10.017404	0.3259536	0.019414961	0.174	3.0	39167.51183319092
203	-134.26	0.0	-134.26	-134.26	1000.0	-14.3214245	0.17327936	-8.951841	-14.381668	204000	-1.0073185e-08	8.918979	-0.0060207937	-1.7264204	0.32575473	0.008466359	0.058	79.0	39187.214005708694
204	-93.17	0.0	-93.17	-93.17	1000.0	-6.2346044	0.20642011	-6.2150106	-12.749604	205000	1.2862682e-07	8.829521	-0.0040748804	-7.8460135	0.31635812	0.0228366	0.22	2.0	39207.543236255646
205	-113.88	0.0	-113.88	-113.88	1000.0	-10.074845	0.042723246	-8.724493	-10.076233	206000	-1.5032292e-07	2.1221805	4.110694e-06	-1.7131684	0.31628546	0.018580697	0.28	2.0	39225.450278520584
206	-87.98	0.0	-87.98	-87.98	1000.0	-9.859168	0.07956953	-9.76798	-11.403336	207000	-1.4424324e-08	2.0681212	-0.0010411531	-1.306104	0.3163426	0.01604706	0.161	1.0	39244.12126135826
207	-64.11	0.0	-64.11	-64.11	1000.0	-10.757748	0.07532307	-8.411552	-10.792528	208000	4.6014787e-08	19.247883	0.00054952665	-17.525291	0.31636396	0.021874407	0.28	2.0	39697.052832365036
208	-108.64	0.0	-108.64	-108.64	1000.0	-6.003503	0.11863552	-5.69928	-6.514405	209000	1.8644333e-07	21.58985	0.00038682247	-19.784258	0.31620392	0.015107744	0.219	2.0	39716.78929567337
209	-125.82	0.0	-125.82	-125.82	1000.0	-10.526108	0.0001332916	-10.522109	-10.526209	210000	-7.796287e-08	7.2811337	-0.0015092294	-4.7133245	0.31592786	0.017090416	0.209	6.0	39735.87770032883
210	-138.8	0.0	-138.8	-138.8	1000.0	-17.161938	0.15254717	-12.730874	-17.211578	211000	-8.60095e-08	16.41569	-0.009591341	-7.4628305	0.31549415	0.007244289	0.064	79.0	39755.15346980095
211	-56.46	0.0	-56.46	-56.46	1000.0	-12.56411	0.029887915	-12.543902	-13.475954	212000	7.939339e-08	46.14798	-0.0013505102	-42.89369	0.29109216	0.015980866	0.196	3.0	40370.54498434067
212	-137.41	0.0	-137.41	-137.41	1000.0	-6.441285	0.033209104	-5.9520407	-6.5030575	213000	-8.940697e-08	52.77507	-0.008477175	-48.018497	0.2906569	0.0019895565	0.059	79.0	40389.89845466614
213	-74.45	0.0	-74.45	-74.45	1000.0	-13.204257	0.026313564	-13.162266	-13.3441305	214000	7.6293944e-08	30.759766	-0.006245507	-27.453514	0.26487133	0.005582233	0.033	79.0	41521.84262752533
214	-165.75	0.0	-165.75	-165.75	1000.0	-9.560432	0.05536139	-7.9167004	-9.596814	215000	8.678436e-08	50.133484	-0.0069402396	-45.24053	0.2565303	0.0055857566	0.065	79.0	41541.807554244995
215	-128.06	0.0	-128.06	-128.06	1000.0	-16.223928	0.012346971	-16.207882	-16.323174	216000	-7.843971e-08	11.778256	0.0036566155	-7.6010103	0.26422873	0.020281572	0.312	2.0	41560.44389986992
216	-148.91	0.0	-148.91	-148.91	1000.0	-13.499544	0.010522463	-13.256899	-13.512599	217000	-5.1259996e-09	5.6425323	-0.007851256	-2.5195072	0.26437515	0.0048940727	0.067	79.0	41579.60655212402
217	-88.47	0.0	-88.47	-88.47	1000.0	-11.962039	0.106493875	-11.902965	-15.119965	218000	1.02758406e-07	10.859526	-0.008961741	-8.330606	0.26177278	0.0027146284	0.085	79.0	42528.585649728775
218	-96.74	0.0	-96.74	-96.74	1000.0	-9.106407	0.0070036864	-9.090754	-9.115177	219000	2.1263958e-08	2.4994502	-0.00817165	-0.49941444	0.26729092	0.0025963266	0.067	79.0	42548.66325736046
219	-138.12	0.0	-138.12	-138.12	1000.0	-12.494418	0.2004372	-9.49346	-12.6392355	220000	-1.7285346e-08	8.91482	-0.008645105	-6.274885	0.2591737	0.004189192	0.063	79.0	42567.72103214264
220	-88.3	0.0	-88.3	-88.3	1000.0	-9.129117	0.24835375	-8.662022	-10.699323	221000	3.784895e-08	1.1510365	-0.011791547	-0.32604194	0.24755226	0.004611196	0.105	79.0	43452.40497112274
221	-89.2	0.0	-89.2	-89.2	1000.0	-13.6323	0.18823494	-8.053679	-13.780732	222000	-9.346008e-08	19.294119	-0.00984507	-16.120333	0.25296184	0.0071982522	0.066	79.0	43473.2947602272
222	-91.54	0.0	-91.54	-91.54	1000.0	-9.352257	0.01307961	-9.319344	-9.404317	223000	3.516674e-08	4.523775	-0.01110295	-1.5536058	0.251539	0.0061735683	0.08	79.0	44654.847378492355
223	-133.94	0.0	-133.94	-133.94	1000.0	-9.362019	0.056649942	-8.157672	-9.422509	224000	-1.270771e-07	15.887759	-0.007863602	-14.750285	0.23978257	0.0049805176	0.04	79.0	44674.85467505455
224	-105.35	0.0	-105.35	-105.35	1000.0	-10.751494	0.0746329	-10.647281	-12.990593	225000	1.1995435e-08	3.550735	-0.0026611965	-1.7085005	0.24889234	0.015318756	0.346	3.0	44693.69077253342
225	-149.69	0.0	-149.69	-149.69	1000.0	-14.085008	0.16953169	-9.152876	-14.138057	226000	-1.9878149e-08	5.721743	-0.0028305547	-2.9529023	0.24932404	0.019409677	0.225	9.0	44712.14355516434
226	-90.83	0.0	-90.83	-90.83	1000.0	-12.040982	0.07381806	-11.9698305	-13.905892	227000	2.2530555e-08	12.139267	-0.0058163055	-7.688996	0.24951173	0.006437783	0.027	79.0	45809.12161064148
227	-154.39	0.0	-154.39	-154.39	1000.0	-12.046527	0.23979262	-8.744069	-12.315199	228000	5.6385993e-08	17.196539	0.008657479	-12.273455	0.24283873	0.03492857	0.349	2.0	45827.36524939537
228	-15.01	0.0	-15.01	-15.01	229.0	-14.481082	1.702189	-10.966071	-15.530326	229000	3.2633544e-08	15.753455	-0.0015073443	-14.672241	0.24262528	0.019131675	0.192	1.0	45932.078689575195
229	-155.15	0.0	-155.15	-155.15	1000.0	-17.847586	0.28153715	-12.793572	-18.1203	230000	-2.8133393e-08	13.516068	-0.00066601543	-12.290877	0.24250814	0.015391939	0.204	8.0	45949.71904754639
230	-150.79	0.0	-150.79	-150.79	1000.0	-17.573189	2.6568477	-10.45504	-19.51828	231000	-8.678436e-08	4.554629	-0.006753985	-4.240163	0.2406883	0.005201565	0.034	79.0	45968.138122320175
231	-91.21	0.0	-91.21	-91.21	1000.0	-9.671118	0.24591981	-8.874863	-10.836449	232000	1.1563301e-08	2.5085166	-0.005614647	-2.0548077	0.25649616	0.0023436372	0.034	79.0	47022.50492954254
232	-144.8	0.0	-144.8	-144.8	1000.0	-11.427539	0.3584954	-6.812279	-12.2289295	233000	-3.9994717e-08	20.224318	-0.006847874	-18.787998	0.26600567	0.0014773852	0.036	79.0	47042.76705908775
233	-143.39	0.0	-143.39	-143.39	1000.0	-9.55077	0.017294643	-9.085426	-9.575699	234000	-9.775162e-08	22.77646	0.0035293617	-21.063663	0.26676828	0.030955538	0.321	2.0	47060.999249219894
234	-179.29	0.0	-179.29	-179.29	1000.0	-20.343468	0.7855466	-14.167261	-20.881039	235000	4.428625e-08	11.456142	-0.005156187	-11.154701	0.26686883	0.006289133	0.046	79.0	47080.20275568962
235	-154.97	0.0	-154.97	-154.97	1000.0	-14.598078	0.92402226	-12.63028	-16.219086	236000	-9.0897085e-09	12.150112	-0.0035405604	-11.434513	0.25603604	0.023431662	0.288	3.0	47098.43674945831
236	-28.21	0.0	-28.21	-28.21	376.0	-11.724164	1.192755	-9.734582	-12.664534	237000	5.8233738e-08	18.054567	-0.0020192694	-15.585865	0.25582957	0.01555208	0.149	4.0	47260.02998781204
237	-111.22	0.0	-111.22	-111.22	1000.0	-9.534948	0.00818658	-9.518549	-9.550253	238000	-1.1026859e-08	7.6334763	-0.0058342335	-3.6010647	0.25566676	0.0013323299	0.059	79.0	47280.30888557434
238	-102.11	0.0	-102.11	-102.11	1000.0	-7.1940594	0.18382536	-7.0079784	-11.35317	239000	7.0810316e-08	9.869337	-0.007250978	-8.101152	0.25126824	0.005858325	0.05	79.0	47300.70856022835
239	-26.44	0.0	-26.44	-26.44	366.0	-15.207475	5.3370423	-8.240724	-19.73063	240000	-1.9848347e-08	10.165063	-0.0030047654	-8.204195	0.26790303	0.02629844	0.243	3.0	47427.60348343849
240	-88.21	0.0	-88.21	-88.21	1000.0	-9.721069	0.2951458	-9.229834	-13.012511	241000	-7.748604e-10	2.3502922	-0.010475075	-2.0462356	0.26815966	0.006409399	0.076	79.0	48561.64118170738
241	-133.78	0.0	-133.78	-133.78	1000.0	-13.721804	1.9462473	-6.9243016	-15.503508	242000	-6.854534e-10	0.16686921	-0.005271091	-0.12889732	0.28008786	0.016156448	0.216	2.0	48578.82226872444
242	-24.89	0.0	-24.89	-24.89	401.0	-7.0462227	1.5015514	-5.213944	-10.189954	243000	-2.9936434e-08	2.239606	-0.0025030312	-0.5373945	0.28032324	0.01961676	0.204	4.0	48806.11550474167
243	-157.79	0.0	-157.79	-157.79	1000.0	-18.249044	1.7357703	-8.589487	-19.54788	244000	-7.367134e-08	3.9216022	-0.012114457	-3.7994251	0.28094837	0.0043399353	0.084	79.0	48825.1961209774
244	-19.89	0.0	-19.89	-19.89	290.0	-7.1635528	1.5928968	-4.645247	-11.777665	245000	-2.8163194e-09	2.057737	-0.010084389	-0.6671653	0.28041962	0.00025964357	0.072	79.0	49367.310789346695
245	-16.88	0.0	-16.88	-16.88	256.0	-7.8006797	0.151494	-7.3433514	-8.317701	246000	-1.577288e-08	5.779492	-0.0100326175	-4.7160225	0.27968404	0.0004208423	0.051	79.0	49515.9248316288
246	-76.32	0.0	-76.32	-76.32	1000.0	-7.556631	0.09729451	-7.349662	-8.548845	247000	1.1806376e-08	0.44602937	-0.0066405702	-0.1267592	0.26328644	0.0018603705	0.05	79.0	50268.77867913246
247	-14.99	0.0	-14.99	-14.99	202.0	-7.4165044	1.8000166	-2.3854146	-8.327524	248000	-4.4703483e-10	1.3862334	-0.0104734115	-0.30720484	0.2581087	-0.0020840091	0.041	79.0	50351.83582663536
248	-85.74	0.0	-85.74	-85.74	1000.0	-8.759734	0.016155215	-8.727655	-8.908228	249000	1.758337e-09	0.3010264	-0.0052869623	-0.0883338	0.24747154	-0.0011870911	0.061	79.0	50371.63847899437
249	-129.53	0.0	-129.53	-129.53	1000.0	-9.595599	0.098000176	-8.449819	-9.668201	250000	7.104874e-08	15.82548	0.0007868547	-11.626545	0.2450253	0.017780531	0.26	61.0	50390.8177986145
250	-137.79	0.0	-137.79	-137.79	1000.0	-13.197416	0.012018308	-13.070037	-13.221834	251000	2.1129846e-08	5.2469244	0.0033681656	-2.2557373	0.22357365	0.024498777	0.279	1.0	50409.05326128006
251	-120.3	0.0	-120.3	-120.3	1000.0	-11.892578	0.7822448	-10.2676325	-13.451779	252000	2.0205974e-08	0.36781996	-0.007888225	-0.31765255	0.22331268	0.00591649	0.042	79.0	50428.53424715996
252	-104.67	0.0	-104.67	-104.67	1000.0	-10.813578	0.035195347	-10.005321	-10.864223	253000	-2.5629998e-08	0.26043853	-0.004377372	-0.056800127	0.24092358	0.0047003697	0.024	79.0	50450.257132291794
253	-154.07	0.0	-154.07	-154.07	1000.0	-17.297684	1.5909389	-10.591823	-18.83408	254000	-8.797645e-08	1.9422808	-0.011903038	-1.9115931	0.24744259	0.006169726	0.103	79.0	50469.81389427185
254	-83.8	0.0	-83.8	-83.8	1000.0	-8.316425	0.13413554	-8.275462	-12.498755	255000	-1.3533979e-08	0.5516854	-5.319602e-05	-0.100257725	0.23893096	0.025529044	0.368	2.0	50489.15148139
255	-116.58	0.0	-116.58	-116.58	1000.0	-10.903853	0.08459059	-8.494272	-10.9847355	256000	2.0503998e-08	0.76294625	-0.0023985947	-0.62781703	0.238849	0.015447774	0.105	4.0	50509.04427862167
256	-84.94	0.0	-84.94	-84.94	1000.0	-11.323963	0.41172075	-10.534729	-11.849301	257000	-2.1409988e-07	6.5284424	-0.0033377314	-5.711786	0.23889741	0.0013287978	0.037	79.0	50530.034502744675
257	-142.22	0.0	-142.22	-142.22	1000.0	-11.451682	0.5562299	-8.474675	-12.431165	258000	-4.4465065e-08	11.221179	-0.008530588	-10.30452	0.23923615	0.0050361706	0.076	79.0	50551.44008207321
258	-22.07	0.0	-22.07	-22.07	320.0	-11.977399	4.1858273	-5.642653	-16.490765	259000	-1.2157485e-08	2.4293425	-0.0016254783	-1.5041333	0.23718046	0.015618274	0.229	7.0	50768.401624679565
259	-108.35	0.0	-108.35	-108.35	1000.0	-13.11941	1.5808654	-9.465236	-15.085395	260000	7.510185e-09	3.4184911	-0.012673251	-3.2617166	0.23820606	0.008626866	0.058	79.0	50787.537660598755
260	-108.06	0.0	-108.06	-108.06	1000.0	-8.006264	0.046947848	-7.923499	-8.9310875	261000	5.984306e-08	6.244486	-0.003541783	-5.7118278	0.25353956	0.0056714676	0.023	79.0	50807.60208487511
261	-89.9	0.0	-89.9	-89.9	1000.0	-4.968995	0.29625237	-4.7219667	-10.409727	262000	-4.506111e-08	18.465572	0.0042854133	-15.110486	0.25250393	0.021859797	0.333	2.0	52062.42254948616
262	-97.19	0.0	-97.19	-97.19	1000.0	-10.502225	0.055339098	-8.764684	-10.521323	263000	6.9081786e-08	1.2561792	-0.005167903	-0.7898679	0.25264108	0.0025910763	0.039	79.0	52082.43728709221
263	-123.82	0.0	-123.82	-123.82	1000.0	-10.099766	0.033339635	-9.665827	-10.162192	264000	-3.218651e-08	6.8134704	0.004677142	-5.5079985	0.24200691	0.01923536	0.294	2.0	52102.500062704086
264	-22.08	0.0	-22.08	-22.08	359.0	-9.358744	0.48907867	-8.709425	-12.260202	265000	7.766485e-08	8.901495	-0.0055836067	-7.797783	0.24196036	0.015824514	0.155	2.0	52346.74685263634
265	-130.83	0.0	-130.83	-130.83	1000.0	-10.144821	0.044458922	-8.757451	-10.157574	266000	-4.899502e-08	10.611487	-0.0038083156	-8.775811	0.24183272	0.00039430356	0.009	79.0	52367.00990152359
266	-117.93	0.0	-117.93	-117.93	1000.0	-13.134236	0.0065431073	-13.119686	-13.146128	267000	-8.5830685e-09	3.9926364	-0.0041339616	-2.2067764	0.22998804	0.0029077234	0.027	79.0	52387.11268019676
267	-122.21	0.0	-122.21	-122.21	1000.0	-8.739536	0.27715194	-8.002046	-11.32119	268000	3.576279e-08	11.447221	-0.001038146	-10.926405	0.21481346	0.017604014	0.342	2.0	52404.774878025055
268	-162.74	0.0	-162.74	-162.74	1000.0	-11.475262	0.095283404	-11.101944	-11.868013	269000	-8.72612e-08	22.304361	0.0016783334	-20.82452	0.21451531	0.022149224	0.299	1.0	52421.91848754883
269	-49.73	0.0	-49.73	-49.73	789.0	-6.846155	2.5318584	-5.5286613	-16.043077	270000	-1.937151e-10	1.6856852	-0.0034334036	-0.15868104	0.21445277	0.020154906	0.235	2.0	53190.61544251442
270	-158.88	0.0	-158.88	-158.88	1000.0	-11.35513	0.011487895	-11.329231	-11.376116	271000	1.00255015e-07	23.82237	-0.004195712	-20.137184	0.21432194	0.006570626	0.07	79.0	53209.969385147095
271	-103.38	0.0	-103.38	-103.38	1000.0	-13.42638	0.37335408	-13.106506	-15.86574	272000	-1.09791756e-07	8.459404	0.002909264	-7.534243	0.20478074	0.019528769	0.331	2.0	53227.73517036438
272	-12.8	0.0	-12.8	-12.8	185.0	-11.580054	2.3070276	-6.7340026	-12.846375	273000	-1.2755394e-08	9.337283	-0.0010602071	-8.241042	0.20463647	0.016422193	0.262	8.0	53314.2082157135
273	-31.06	0.0	-31.06	-31.06	429.0	-7.1382403	2.9296591	-3.7587032	-9.888908	274000	6.5267085e-09	2.974434	-0.010561018	-1.1298192	0.20381021	-0.00059241225	0.054	79.0	53588.99794435501
274	-141.56	0.0	-141.56	-141.56	1000.0	-10.07705	0.10372181	-9.987886	-10.416724	275000	-1.9991398e-07	19.744492	-0.008617712	-16.766495	0.22104312	-5.608666e-05	0.047	79.0	53608.452271938324
275	-121.23	0.0	-121.23	-121.23	1000.0	-17.09374	0.09288753	-14.158115	-17.099186	276000	3.1089783e-07	21.46842	0.00205947	-17.636679	0.20261663	0.020012742	0.301	2.0	53626.9444770813
276	-121.18	0.0	-121.18	-121.18	1000.0	-12.94253	0.00082695874	-12.940112	-12.957097	277000	1.1146069e-08	1.1722907	-0.010134286	-0.32928675	0.20241848	0.0017600755	0.045	79.0	53647.39201283455
277	-118.67	0.0	-118.67	-118.67	1000.0	-10.766959	0.05536392	-10.74115	-12.316061	278000	-7.4505807e-10	4.73002	-0.0063322745	-1.8714938	0.17202106	0.016857674	0.184	1.0	53666.021011829376
278	-139.65	0.0	-139.65	-139.65	1000.0	-12.750701	0.3262352	-12.059579	-13.828161	279000	-3.3259393e-08	3.589762	0.002877776	-2.6680155	0.17181398	0.016487248	0.214	1.0	53684.139825344086
279	-99.07	0.0	-99.07	-99.07	1000.0	-10.727455	0.09747112	-10.708891	-13.799612	280000	2.3186207e-08	1.4185672	-0.0031861	-0.72202665	0.17158563	0.029311607	0.322	2.0	53704.93848776817
280	-115.54	0.0	-115.54	-115.54	1000.0	-13.654142	0.12090857	-9.877527	-13.671242	281000	2.5391579e-08	4.1975875	-0.010081763	-2.6579576	0.17120427	0.010784844	0.066	79.0	53725.372664928436
281	-134.35	0.0	-134.35	-134.35	1000.0	-11.973994	0.028232086	-11.923673	-12.050226	282000	3.349781e-08	6.226655	-0.010342794	-3.235005	0.15729076	0.012270245	0.101	79.0	53745.22281193733
282	-122.42	0.0	-122.42	-122.42	1000.0	-13.771414	0.054257	-13.73335	-13.900035	283000	1.1253357e-07	2.0748286	-0.005982141	-1.9261284	0.14431332	0.009137	0.046	79.0	53763.870951890945
283	-132.73	0.0	-132.73	-132.73	1000.0	-10.945993	0.048190575	-10.829704	-11.916785	284000	-7.510185e-09	8.621672	0.0025338503	-6.028229	0.14662458	0.020108871	0.253	6.0	53782.06452870369
284	-142.1	0.0	-142.1	-142.1	1000.0	-12.752477	0.024348758	-12.720267	-13.425864	285000	-1.680851e-08	3.3509207	-0.0033899336	-2.2890568	0.14613932	0.015891073	0.217	2.0	53799.409774541855
285	-121.05	0.0	-121.05	-121.05	1000.0	-13.734879	0.016067667	-13.732019	-14.241097	286000	4.053116e-09	4.768889	0.0006467505	-1.2776952	0.14590408	0.01951309	0.144	1.0	53818.077959537506
286	-118.43	0.0	-118.43	-118.43	1000.0	-12.579504	0.25053763	-12.020978	-12.817054	287000	-1.1324882e-08	0.55654204	-0.0066293967	-0.45769718	0.14579274	0.017287206	0.114	2.0	53835.66371631622
287	-92.21	0.0	-92.21	-92.21	1000.0	-6.384999	0.15490611	-6.36581	-11.266373	288000	-4.2319297e-08	10.55017	-0.008453786	-9.433516	0.145708	0.0055855657	0.048	79.0	55026.57815337181
288	-14.9	0.0	-14.9	-14.9	215.0	-11.528361	2.4246418	-6.9092245	-12.891378	289000	3.683567e-08	5.1442285	-0.007869987	-4.3482156	0.15405534	0.009685739	0.053	79.0	55102.94788980484
289	-104.34	0.0	-104.34	-104.34	1000.0	-11.525545	0.07709828	-11.063047	-11.635068	290000	2.3722649e-08	0.92449707	0.0029810872	-0.76120424	0.12766919	0.021300932	0.232	2.0	55120.965067625046
290	-105.38	0.0	-105.38	-105.38	1000.0	-10.640966	0.0013778502	-10.637987	-10.643189	291000	4.3945388e-08	0.37847918	-0.0025128894	-0.007374108	0.12717131	0.0021584055	0.011	79.0	55141.59964108467
291	-158.61	0.0	-158.61	-158.61	1000.0	-11.397262	0.03892923	-10.554831	-11.418596	292000	-1.5461445e-07	23.33595	-0.008183635	-19.785933	0.11727014	0.0014176142	0.034	79.0	55160.48258686066
292	-116.65	0.0	-116.65	-116.65	1000.0	-16.213282	0.06638869	-15.796007	-16.312786	293000	-4.851818e-08	18.758562	0.008186316	-13.875219	0.104837485	0.01630302	0.324	7.0	55179.10234498978
293	-15.08	4.9500003	-10.13	-20.03	208.0	-5.19382	0.35530573	-4.9274693	-12.462524	294000	1.475215e-08	3.9514213	-0.0029043092	-2.130225	0.10481738	0.015287942	0.193	4.0	55917.17273783684
294	-118.42	0.0	-118.42	-118.42	1000.0	-13.91457	0.24209568	-6.3438277	-13.989404	295000	-3.33786e-08	5.807464	0.0012977527	-4.5005593	0.104973555	0.016569598	0.263	2.0	55937.79081702232
295	-16.755001	6.075	-10.68	-22.83	280.5	-7.612777	3.9392507	-3.9490507	-12.671633	296000	2.4169683e-08	2.3500533	0.0025960892	-1.4790264	0.104952104	0.016537143	0.297	3.0	56258.34404492378
296	-126.77	0.0	-126.77	-126.77	1000.0	-13.640465	0.025383824	-12.838782	-13.641917	297000	-4.5895576e-09	2.7208476	-0.0061048656	-1.6722096	0.10493411	0.016645996	0.167	1.0	56275.661153793335
297	-17.15	0.0	-17.15	-17.15	295.0	-9.317492	3.6676202	-3.1709723	-11.813185	298000	1.308322e-08	1.2156423	-0.0016628513	-1.0058036	0.10495318	0.016091919	0.221	3.0	56457.92107987404
298	-154.89	0.0	-154.89	-154.89	1000.0	-7.406934	0.14758492	-7.3136587	-10.541647	299000	-4.2438508e-08	64.04751	0.0043591703	-59.360855	0.105094	0.025251709	0.272	2.0	56476.84951043129
299	-156.03	0.0	-156.03	-156.03	1000.0	-16.203773	0.28484768	-15.096787	-16.458616	300000	4.5746564e-08	4.293121	-0.004481358	-2.4707327	0.105207354	0.0022339353	0.022	79.0	56496.09118556976
300	-159.69	0.0	-159.69	-159.69	1000.0	-15.5102215	0.048071448	-14.135256	-15.540172	301000	3.2529236e-08	4.4188147	0.0022075342	-0.6843908	0.0945787	0.01721974	0.148	3.0	56514.26347160339
301	-122.63	0.0	-122.63	-122.63	1000.0	-14.192405	0.06985711	-14.167575	-16.33468	302000	7.212162e-09	6.5242157	-0.007317998	-4.412655	0.094083376	0.0063220835	0.078	79.0	56533.966522693634
302	-15.1	0.0	-15.1	-15.1	210.0	-11.874486	3.5513508	-4.9296136	-13.7087965	303000	-2.5749207e-08	3.830026	-0.013460179	-0.64262486	0.08264587	0.0063917674	0.137	79.0	56607.42799305916
303	-15.665001	5.9091725	-6.76	-23.39	243.25	-9.568152	2.182941	-5.4233074	-15.842173	304000	3.963709e-08	36.24348	-0.0011897176	-33.617443	0.064300865	0.022854632	0.266	2.0	56956.859678030014
304	-130.83	0.0	-130.83	-130.83	1000.0	-14.222705	0.033202056	-14.154933	-14.95923	305000	5.00679e-09	1.0914958	-0.009418229	-0.77478766	0.064058766	0.0071178307	0.078	79.0	56976.11314916611
305	-5.85	0.0	-5.85	-5.85	101.0	-13.791666	3.710044	-2.7628107	-15.322012	306000	1.6868114e-08	5.4777822	-0.009603147	-4.879713	0.06791658	0.0033915057	0.073	79.0	57033.145334243774
306	-15.44	6.103529	-7.18	-21.74	225.33333	-4.609579	2.9488952	-2.1095915	-10.244509	307000	6.753206e-08	4.089041	-0.003398717	-2.7318544	0.05267007	0.015878009	0.217	2.0	57291.34373855591
307	-17.59	0.0	-17.59	-17.59	257.0	-8.142124	3.3068051	-2.4103222	-10.285262	308000	-7.307529e-08	9.848527	-0.009763814	-8.483323	0.052484043	0.0042846766	0.077	79.0	57404.854873895645
308	-143.08	0.0	-143.08	-143.08	1000.0	-12.777581	0.46945	-11.920419	-13.308906	309000	-8.273125e-08	4.010771	-0.0070031113	-3.75876	0.04793233	0.0022018945	0.017	79.0	57423.49482917786
309	-115.11	0.0	-115.11	-115.11	1000.0	-13.530055	0.05311212	-11.929918	-13.556419	310000	3.004074e-08	3.3099773	-0.0053338176	-2.9489305	0.044702306	0.006004777	0.025	79.0	57443.03834748268
310	-127.03	0.0	-127.03	-127.03	1000.0	-12.050412	0.06739931	-11.528378	-12.11019	311000	-6.443262e-08	0.9576231	0.0024729653	-0.58451486	0.037119836	0.019997273	0.223	2.0	57461.19464945793
311	-15.96	0.0	-15.96	-15.96	239.0	-10.42011	2.7721283	-5.1106243	-12.611289	312000	3.0577183e-08	3.0496354	-0.00062270253	-2.0757113	0.037152197	0.01998661	0.223	5.0	57554.925298690796
312	-117.52	0.0	-117.52	-117.52	1000.0	-11.094967	0.09392049	-10.66115	-11.1700325	313000	-8.1539156e-08	0.4990247	0.0012667314	-0.43284476	0.03721033	0.015427601	0.222	2.0	57573.18345117569
313	-20.29	0.0	-20.29	-20.29	260.0	-13.285152	6.066712	-2.0821614	-16.942123	314000	7.274747e-08	6.3416786	-0.0027954667	-6.058749	0.03722571	0.01902418	0.158	3.0	57660.34082317352
314	-160.25	0.0	-160.25	-160.25	1000.0	-10.824113	0.3557786	-10.282009	-11.445771	315000	-1.5103817e-07	31.449286	-0.005981501	-29.488628	0.036978886	0.0021591408	0.016	79.0	57679.746703624725
315	-112.01	0.0	-112.01	-112.01	1000.0	-12.84361	0.03803309	-12.825366	-13.97796	316000	-1.592636e-07	2.4371676	-0.0054934006	-2.1854954	0.0324001	0.007404545	0.042	79.0	57700.74170470238
316	-120.96	0.0	-120.96	-120.96	1000.0	-11.573965	0.034797117	-11.358986	-11.650208	317000	6.818772e-08	0.59733695	-0.004679169	-0.24931383	0.040469162	0.015211329	0.213	5.0	57718.564328193665
317	-21.59	0.0	-21.59	-21.59	278.0	-10.455757	2.415469	-5.6463833	-12.051508	318000	-1.2414529e-09	2.52283	-0.0023586154	-2.166492	0.04066607	0.015317779	0.143	5.0	57785.79918384552
318	-120.53	0.0	-120.53	-120.53	1000.0	-12.477352	0.020394452	-12.450173	-12.529197	319000	1.3351441e-08	0.7536632	-0.0011200147	-0.23717457	0.04070998	0.015289526	0.128	4.0	57803.547947883606
319	-115.31	0.0	-115.31	-115.31	1000.0	-13.401711	0.04824579	-11.996805	-13.42881	320000	1.7642975e-08	3.0367346	-0.006165207	-2.4158843	0.040596414	0.0026735845	0.042	79.0	57823.94388008118
320	-15.795	3.6450005	-12.15	-19.44	229.5	-7.292477	4.883584	-0.79868317	-11.791942	321000	-2.6673078e-08	3.7670004	-0.00837248	-3.1344714	0.036104634	0.008733545	0.085	79.0	58042.19566488266
321	-17.6	0.0	-17.6	-17.6	253.0	-10.067916	1.8723146	-6.179475	-11.172518	322000	1.7642975e-08	12.929758	-0.006528082	-11.734887	0.03950771	0.015424266	0.154	2.0	58098.336933374405
322	-7.44	0.0	-7.44	-7.44	123.0	-13.033985	4.2081914	-1.5875139	-14.643141	323000	9.834766e-10	1.81078	-0.0041831275	-1.0153884	0.039527874	0.01664837	0.227	5.0	58157.857150793076
323	-8.815001	0.5949998	-8.22	-9.41	142.5	-10.692805	4.7468734	-1.6752118	-13.67117	324000	-3.1143428e-09	1.4259694	-0.0010838251	-0.69960856	0.039876793	0.01869231	0.271	2.0	58261.83486652374
324	-128.06	0.0	-128.06	-128.06	1000.0	-14.129611	0.5953036	-13.304927	-15.230682	325000	6.3717366e-08	1.6831481	-0.0133555755	-1.6191374	0.040099468	0.0138449585	0.084	79.0	58281.99911284447
325	-25.46	0.0	-25.46	-25.46	329.0	-7.109035	3.4942708	-1.8996501	-10.518286	326000	1.180172e-07	17.31279	-0.0031024686	-15.898523	0.06158349	0.02255072	0.354	2.0	58438.150230169296
326	-6.9	0.0	-6.9	-6.9	115.0	-14.409953	4.152056	-2.712751	-16.018148	327000	-2.30968e-08	2.6401255	-0.0064235413	-2.2149603	0.06187138	0.017869368	0.163	10.0	58504.02510666847
327	-101.75	0.0	-101.75	-101.75	1000.0	-12.450162	0.027201215	-12.435858	-13.287135	328000	-9.298325e-09	4.3325477	-0.0012087573	-3.371103	0.06185412	0.022093285	0.303	9.0	58522.79951071739
328	-117.48	0.0	-117.48	-117.48	1000.0	-10.702142	0.0127443625	-10.603322	-10.716056	329000	-1.4472008e-07	1.143285	-0.005045633	-1.0077119	0.062895246	0.0062691676	0.023	79.0	58542.63430118561
329	-10.43	1.1669903	-9.45	-12.07	158.0	-6.7345986	5.3425803	-0.25637874	-11.804769	330000	-2.0623206e-08	4.1583195	-0.011677674	-3.8373785	0.044987142	0.0049301796	0.119	79.0	58688.62952566147
330	-9.11	0.0	-9.11	-9.11	133.0	-11.567845	2.6273017	-3.1948724	-13.324328	331000	1.3542176e-07	4.0616374	-0.0021445383	-2.8775454	0.03845213	0.017558912	0.159	2.0	58731.85050082207
331	-124.21	0.0	-124.21	-124.21	1000.0	-11.167056	0.015056693	-10.923149	-11.193288	332000	-3.4332274e-08	2.1934228	-0.0029030596	-1.2944875	0.038245212	0.0050488417	0.022	79.0	58751.58518886566
332	-136.87	0.0	-136.87	-136.87	1000.0	-12.16352	0.005197515	-12.158386	-12.307875	333000	-1.3566017e-07	3.2028162	-0.0040789843	-2.4396954	0.03349134	0.005477459	0.058	79.0	58772.42453408241
333	-17.44	0.0	-17.44	-17.44	241.0	-13.883703	5.8952026	-0.8013628	-17.783329	334000	-4.1842462e-08	25.40769	0.0017144221	-21.748634	0.03977165	0.020161854	0.279	2.0	58878.4500412941
334	-141.48	0.0	-141.48	-141.48	1000.0	-11.638068	0.00044774107	-11.637225	-11.639094	335000	-1.592636e-07	6.7448263	-0.011519178	-6.076892	0.039803877	0.0023239534	0.122	79.0	58897.64237689972
335	-126.12	0.0	-126.12	-126.12	1000.0	-14.389009	0.027071482	-14.105816	-14.451041	336000	-2.8014183e-08	3.2018032	0.0039775427	-2.2253647	0.03514443	0.01808343	0.283	2.0	58915.8692612648
336	-94.56	0.0	-94.56	-94.56	1000.0	-13.131637	0.07117724	-12.792035	-13.178666	337000	-1.6975403e-07	10.99045	-0.0056925737	-10.160511	0.03493466	0.0016902919	0.019	79.0	58937.65556073189
337	-129.26	0.0	-129.26	-129.26	1000.0	-12.953786	0.106070876	-9.601982	-12.963858	338000	1.0009203e-07	0.015785165	-0.008135791	-0.00010676868	0.028091405	0.006034935	0.063	79.0	58957.36317038536
338	-105.81	0.0	-105.81	-105.81	1000.0	-11.627996	0.04853305	-11.589146	-12.966489	339000	-4.2796135e-08	0.95956266	0.0037788916	-0.8368226	0.030031713	0.032677237	0.34	2.0	58976.65564036369
339	-94.53	0.0	-94.53	-94.53	1000.0	-10.359191	0.05045787	-10.249764	-10.702889	340000	-1.4066696e-08	0.73697174	-0.0035387261	-0.6135299	0.029946165	0.001102761	0.01	79.0	58996.98229932785
340	-114.24	0.0	-114.24	-114.24	1000.0	-9.406654	0.08927613	-9.139926	-9.537517	341000	8.559227e-08	4.194167	-0.007851032	-3.7320096	0.03491762	-2.6612162e-05	0.023	79.0	59017.798985004425
341	-31.99	0.0	-31.99	-31.99	435.0	-7.994165	3.562024	-1.3482368	-11.35815	342000	8.970499e-09	2.365148	-0.009843758	-2.06077	0.024031188	0.004539693	0.08	79.0	59280.29406809807
342	-119.74	0.0	-119.74	-119.74	1000.0	-9.314048	0.038124777	-9.141654	-9.36922	343000	-2.8610229e-08	7.1568203	-0.0064165383	-5.6484547	0.012877984	0.0015767533	0.034	79.0	59300.49802136421
343	-87.53	0.0	-87.53	-87.53	1000.0	-13.572024	0.060517218	-11.682216	-13.586675	344000	4.2772294e-07	19.513624	-0.008518858	-17.924006	0.019097095	0.006067485	0.067	79.0	59326.26638674736
344	-130.1	0.0	-130.1	-130.1	1000.0	-9.685989	0.048889823	-9.324432	-9.748358	345000	2.9730796e-07	11.071989	-0.0057959743	-10.236603	0.021336077	0.0028530797	0.035	79.0	59346.00805425644
345	-100.41	0.0	-100.41	-100.41	1000.0	-11.234524	0.051710248	-11.217392	-12.851122	346000	5.6266785e-08	1.170598	-0.0027328394	-0.98888904	0.022660723	0.016140027	0.278	7.0	59363.63635134697
346	-133.63	0.0	-133.63	-133.63	1000.0	-10.402369	0.037435446	-10.234829	-10.4823065	347000	9.8228455e-08	10.435073	0.0048154774	-8.443363	0.02319399	0.025686858	0.32	1.0	59381.054948568344
347	-92.08	0.0	-92.08	-92.08	1000.0	-13.182289	0.011168213	-13.168028	-13.287243	348000	4.196167e-08	14.153269	-0.005903711	-13.398589	0.023301138	0.0074777612	0.044	79.0	59401.30732750893
348	-108.29	0.0	-108.29	-108.29	1000.0	-9.556965	0.00017459599	-9.5521	-9.557255	349000	-4.732609e-08	1.8848723	-0.004957591	-1.3906618	0.010077952	-0.0018999586	0.026	79.0	59421.54170417786
349	-130.39	0.0	-130.39	-130.39	1000.0	-11.338913	0.026891176	-10.716529	-11.352751	350000	3.71933e-08	5.0152574	-0.003406251	-3.343997	0.018497428	0.0077105053	0.046	79.0	59441.27942943573
350	-115.94	0.0	-115.94	-115.94	1000.0	-12.157865	0.022432016	-12.148951	-12.783808	351000	-2.4050474e-08	1.2523377	-0.006908077	-1.0965781	0.022747861	0.0047927024	0.037	79.0	59462.16576075554
351	-115.7	0.0	-115.7	-115.7	1000.0	-13.678367	0.12851413	-9.617052	-13.685551	352000	-2.1100044e-08	4.7773094	-0.006246173	-2.601198	0.01551477	0.00524453	0.059	79.0	59480.84387278557
352	-150.58	0.0	-150.58	-150.58	1000.0	-12.096303	0.009727832	-12.019157	-12.108247	353000	1.704693e-08	10.718967	0.003983215	-8.848536	0.008099283	0.025348915	0.31	2.0	59498.20940232277
353	-110.41	0.0	-110.41	-110.41	1000.0	-13.6913	0.04236137	-13.689671	-15.030195	354000	-2.2816658e-07	6.8121886	0.0022809838	-6.1410985	0.008135838	0.033626888	0.301	2.0	59517.53798317909
354	-76.22	0.0	-76.22	-76.22	1000.0	-11.230058	0.0028257116	-11.222648	-11.234052	355000	-1.2993813e-07	12.815528	-0.006763359	-11.7063875	0.008156853	0.0042352644	0.064	79.0	60195.549256801605
355	-25.02	0.0	-25.02	-25.02	259.0	-5.84163	1.8050561	-2.1677587	-7.7966614	356000	1.0931492e-07	10.239106	-0.009799913	-9.46861	-0.0018898252	-0.00487479	0.06	79.0	60304.125482559204
356	-54.96	0.0	-54.96	-54.96	1000.0	-11.432283	0.07313512	-9.120867	-11.435804	357000	-1.1301041e-07	33.838867	-0.0049739736	-31.694187	0.014189963	0.0042242208	0.016	79.0	60939.39040994644
357	-122.76	0.0	-122.76	-122.76	1000.0	-6.7079086	0.18727522	-5.85787	-6.816873	358000	1.759529e-07	32.816856	0.0061524496	-28.705837	0.010719058	0.023329537	0.289	2.0	60957.39527988434
358	-64.34	0.0	-64.34	-64.34	1000.0	-9.326222	0.13463868	-9.08149	-12.137288	359000	-1.17778775e-07	9.699257	-0.006141604	-8.249396	0.010470831	0.005019367	0.035	79.0	61405.66652703285
359	-113.62	0.0	-113.62	-113.62	1000.0	-6.4918447	0.0016705479	-6.489548	-6.504185	360000	1.16825106e-07	20.56702	-0.005951104	-18.701704	0.02472939	0.0077748243	0.046	79.0	61425.47831487656
360	-122.65	0.0	-122.65	-122.65	1000.0	-11.702802	0.027940787	-10.821566	-11.706034	361000	4.5984983e-08	3.1416552	-0.007283797	-0.64012027	0.015053987	0.0054367054	0.039	79.0	61444.7393951416
361	-154.1	0.0	-154.1	-154.1	1000.0	-12.521757	0.010582405	-12.502999	-12.546293	362000	-6.556511e-09	20.959068	0.010991058	-10.236048	-0.0092030745	0.018192668	0.247	9.0	61463.08523082733
362	-99.89	0.0	-99.89	-99.89	1000.0	-14.562361	0.037360493	-14.560502	-15.743093	363000	-1.7356872e-07	17.25115	-0.002256963	-16.358364	-0.010898194	0.020425145	0.327	3.0	61483.86420607567
363	-67.09	0.0	-67.09	-67.09	1000.0	-9.78141	0.03641739	-9.722856	-10.531813	364000	1.3804436e-07	8.8420315	-0.005992688	-8.245722	-0.01140213	0.007140059	0.052	79.0	61980.692810058594
364	-65.54	0.0	-65.54	-65.54	1000.0	-10.080549	0.10254045	-6.9055986	-10.14276	365000	-1.4495849e-07	11.959721	-0.0065405923	-11.263638	-0.022277832	0.008070055	0.029	79.0	62007.18385243416
365	-140.56	0.0	-140.56	-140.56	1000.0	-6.7567253	0.0004484777	-6.752743	-6.757355	366000	-1.2111664e-07	47.726	-0.0072621475	-45.582813	-0.022606585	0.0078073745	0.057	79.0	62026.28242278099
366	-29.805	1.4850006	-28.32	-31.29	315.0	-8.859533	0.68260306	-7.3249083	-13.591696	367000	3.7387014e-08	4.658943	-0.0049169813	-4.374857	-0.0025247333	0.015538533	0.134	7.0	62386.08034276962
367	-106.89	0.0	-106.89	-106.89	1000.0	-13.74574	0.1196459	-9.964098	-13.749741	368000	1.1968612e-07	7.701297	-0.002202156	-7.246056	-0.0022001264	0.017636009	0.308	2.0	62404.46449947357
368	-81.97	0.0	-81.97	-81.97	860.0	-8.369899	2.6796942	-7.126854	-15.047898	369000	-5.2601097e-09	5.657264	-0.0082681	-2.94112	-0.0021927757	0.009260303	0.063	79.0	63083.30813765526
369	-147.56	0.0	-147.56	-147.56	1000.0	-13.591745	0.0259211	-13.543304	-13.67111	370000	2.7388335e-08	14.661179	0.0055148876	-13.641644	-0.0012834066	0.02318662	0.337	2.0	63101.246405124664
370	-22.470001	2.1400003	-20.33	-24.61	275.0	0.05689334	1.4043826	1.9833078	-9.356837	371000	-1.1205673e-08	39.35329	-0.01450133	-35.723614	-0.0013202426	0.012731732	0.136	79.0	63411.12940096855
371	-90.22	0.0	-90.22	-90.22	1000.0	-10.119263	0.10632697	-6.759139	-10.125152	372000	-8.34465e-09	1.7235373	-0.0022235275	-1.3059182	-0.008029342	0.027471837	0.411	5.0	63432.40151119232
372	-70.42	0.0	-70.42	-70.42	1000.0	-8.465699	0.018654061	-8.451615	-8.992319	373000	5.1879886e-07	1.8280293	0.0021606598	-1.7374376	-0.008400166	0.021290313	0.305	2.0	63906.458463191986
373	-87.28	0.0	-87.28	-87.28	1000.0	-7.2376804	0.0099527305	-7.171383	-7.2588005	374000	-5.3882598e-08	2.4159505	-0.0104256775	-1.478014	-0.0084416885	0.0043339753	0.045	79.0	64163.72973561287
374	-108.14	0.0	-108.14	-108.14	1000.0	-9.235665	0.027066272	-8.463689	-9.254235	375000	-7.212162e-08	3.4350934	0.009504356	-3.1301131	-0.027306298	0.029165154	0.374	2.0	64184.544301748276
375	-42.99	0.0	-42.99	-42.99	433.0	-7.664743	0.5735104	-6.7764354	-9.34244	376000	-1.4066696e-08	3.6775923	0.0007337851	-2.4045172	-0.027406512	0.015618057	0.222	3.0	64438.57810878754
376	-86.31	0.0	-86.31	-86.31	1000.0	-9.788341	0.055908665	-9.5151	-9.865582	377000	-1.6021728e-07	1.3058194	0.0009089632	-1.0835229	-0.027543278	0.018279169	0.208	3.0	64458.41961193085
377	-51.14	0.0	-51.14	-51.14	510.0	-8.6305685	1.5967888	-6.9479	-10.20451	378000	-1.7635525e-08	10.825106	-0.0071209823	-8.113078	-0.027664214	0.0058416515	0.141	79.0	64580.155886650085
378	-116.03	0.0	-116.03	-116.03	1000.0	-12.78218	0.5199044	-10.223602	-13.3845215	379000	-5.3286552e-08	2.2342482	-0.009371683	-2.1959534	-0.034547526	0.004522504	0.065	79.0	64599.85465621948
379	-119.73	0.0	-119.73	-119.73	1000.0	-12.76342	1.2766539	-9.05392	-14.299221	380000	-6.496906e-09	0.21826291	-0.00072795147	-0.2038328	-0.028620401	0.033062868	0.381	2.0	64618.444461107254
380	-78.13	0.0	-78.13	-78.13	874.0	-9.189627	0.108568184	-8.995304	-9.627661	381000	2.6524066e-08	3.5057824	-0.002628675	-1.3682973	-0.028451962	0.01627105	0.136	7.0	65434.092517375946
381	-78.94	0.0	-78.94	-78.94	1000.0	-7.7413926	0.0967569	-7.490073	-8.560475	382000	-2.270937e-08	0.30396128	-0.00550709	-0.23160481	-0.028345114	-0.0007771674	0.033	79.0	65456.84936261177
382	-129.62	0.0	-129.62	-129.62	1000.0	-7.142634	0.41693813	-6.8018928	-8.260833	383000	-9.10759e-08	31.932886	0.0054968693	-30.067259	-0.036646996	0.025622614	0.366	2.0	65476.13260936737
383	-75.06	0.0	-75.06	-75.06	1000.0	-6.932263	0.29817066	-6.6505985	-12.616395	384000	-1.5974045e-08	0.24635914	-0.008303079	-0.16638124	-0.03684731	0.001896651	0.055	79.0	66039.7075111866
384	-147.07	0.0	-147.07	-147.07	1000.0	-12.53514	0.1464498	-7.941406	-12.588811	385000	4.6491624e-09	7.167996	0.001138967	-5.403493	-0.042527687	0.01796593	0.311	2.0	66057.81009602547
385	-118.75	0.0	-118.75	-118.75	1000.0	-13.886586	0.14372872	-13.665621	-14.82752	386000	-2.2864342e-07	3.5745094	-0.0074664108	-3.3695505	-0.04262286	0.005810727	0.056	79.0	66079.17435407639
386	-112.06	0.0	-112.06	-112.06	1000.0	-11.982047	0.17568922	-11.601349	-12.169366	387000	-6.061792e-08	0.65076244	-0.0063658184	-0.62546945	-0.046348117	-0.0011917482	0.028	79.0	67194.9663078785
387	-160.52	0.0	-160.52	-160.52	1000.0	-14.096302	0.13604945	-9.796226	-14.101017	388000	-1.7404556e-08	6.920827	0.00060741795	-4.682859	-0.049428634	0.018915173	0.227	2.0	67213.81393814087
388	-150.65	0.0	-150.65	-150.65	1000.0	-20.858559	0.20724344	-16.257544	-21.059439	389000	-2.4414064e-07	28.111565	0.0017751231	-27.040478	-0.049577307	0.019923272	0.281	2.0	67231.46952795982
389	-128.06	0.0	-128.06	-128.06	1000.0	-16.144459	0.10279882	-12.895692	-16.151676	390000	-7.43866e-08	10.08369	-0.011285077	-7.477968	-0.049745843	0.005377368	0.072	79.0	67250.8208501339
390	-91.15	0.0	-91.15	-91.15	1000.0	-5.8633556	0.3548689	-5.532951	-13.398096	391000	2.412796e-07	8.417582	-0.0027521541	-7.724637	-0.052124098	0.018399382	0.237	3.0	67268.95705628395
391	-114.04	0.0	-114.04	-114.04	1000.0	-10.227309	0.13283192	-9.075288	-10.377722	392000	2.5391579e-08	5.278932	-0.0048233923	-4.784656	-0.05230444	-0.00072482345	0.009	79.0	67289.67052650452
392	-80.95	0.0	-80.95	-80.95	1000.0	-8.389867	0.32806498	-7.9131675	-8.98343	393000	-4.172325e-09	0.5175686	-0.0051435106	-0.4132423	-0.067028776	0.0071932506	0.036	79.0	67310.79657363892
393	-136.41	0.0	-136.41	-136.41	1000.0	-13.474033	0.13758637	-9.12677	-13.489118	394000	-1.4416873e-08	2.1062155	0.0006207296	-0.2585547	-0.059894934	0.024335824	0.313	2.0	67330.87009572983
394	-50.69	0.0	-50.69	-50.69	620.0	-12.005793	0.8804675	-10.784988	-13.971745	395000	2.7894973e-08	22.494055	0.0005947891	-21.121597	-0.059656747	0.026479462	0.335	2.0	67983.26140761375
395	-71.34	0.0	-71.34	-71.34	1000.0	-7.838658	0.30804345	-7.457652	-10.404044	396000	5.5074693e-08	0.81393707	-0.008401153	-0.69726366	-0.059445553	0.0019809615	0.022	79.0	68755.72516322136
396	-37.06	0.0	-37.06	-37.06	429.0	-7.774885	1.0897106	-6.569428	-9.2158375	397000	2.9206275e-09	6.3726645	-0.0025290572	-4.8239403	-0.064151384	0.019076139	0.184	3.0	69395.36405682564
