Epoch	AverageEpRet	StdEpRet	MaxEpRet	MinEpRet	EpLen	TotalEnvInteracts	AverageQVals	StdQVals	MaxQVals	MinQVals	LossPi	LossQ	Time
1	-99.95066	15.812583	-85.446	-121.943	1000.0	2999	1.2102112	0.5550458	2.3461196	0.1625599	-1.2106427	0.0002420474	88.17480778694153
2	-93.32733	8.344624	-81.529	-99.447	1000.0	5999	-0.12696731	0.5230709	1.014276	-1.2451429	0.12701344	8.134086e-05	528.3532497882843
3	-94.168	23.660269	-63.764	-121.47	1000.0	8999	-1.5416845	0.48067328	-0.30213135	-2.7135203	1.5412563	8.231243e-05	947.2342400550842
4	-97.48467	22.028366	-70.4	-124.357	1000.0	11999	-2.679722	0.5569952	-0.22209166	-4.0837483	2.679344	0.00012665482	2312.1226859092712
5	-134.04433	30.771492	-108.882	-177.374	1000.0	14999	-3.4206164	0.8942136	-0.19265983	-5.232852	3.4207373	0.00016084131	2509.8161249160767
6	-120.73533	61.06667	-34.747	-170.673	874.0	17999	-4.41784	1.0723866	-1.053932	-7.5093856	4.4187775	0.0005140446	3325.683145046234
7	-128.30634	9.394914	-120.586	-141.531	1000.0	20999	-5.508089	1.3493675	-1.6503371	-9.298793	5.509529	0.0011359089	3601.499740123749
8	-138.45534	35.97867	-110.201	-189.229	1000.0	23999	-6.412403	1.6387572	-2.3800747	-11.828453	6.413781	0.0009965305	3879.0558581352234
9	-117.106995	63.22094	-10.295	-173.089	796.5	26999	-7.2931323	1.9587321	-2.8176253	-13.253142	7.2943854	0.0012792783	4420.04393529892
10	-117.00167	67.84301	-21.613	-173.627	795.3333	29999	-8.177261	2.3108194	-2.7632089	-14.563443	8.178654	0.0011819042	4979.9231243133545
11	-137.379	23.201685	-105.082	-158.543	1000.0	32999	-8.783312	2.5276482	-2.7720833	-15.677851	8.784645	0.001630723	5167.829696655273
12	-135.02766	21.508993	-108.589	-161.274	1000.0	35999	-9.36583	2.677677	-2.4538407	-16.626522	9.367371	0.0019533576	5289.501442432404
13	-145.96967	17.251934	-121.6	-159.171	1000.0	38999	-9.912549	2.7988648	-2.3733747	-17.553932	9.913894	0.0013233813	5428.628805875778
14	-155.565	20.467394	-127.344	-175.248	1000.0	41999	-10.515745	2.993929	-2.176221	-18.17959	10.517276	0.0014550152	5658.36695599556
15	-167.99234	14.755276	-147.126	-178.582	1000.0	44999	-11.0813675	3.1598809	-2.0844824	-18.835295	11.082793	0.0018712821	5969.4259605407715
16	-118.06033	11.887214	-101.348	-127.992	1000.0	47999	-11.476037	3.2714927	-2.0896196	-19.398796	11.477558	0.0009562192	6225.286005973816
17	-116.10925	59.558205	-25.685	-187.093	867.75	50999	-11.747408	3.4845426	-2.0674188	-19.790216	11.748592	0.0012002221	6892.08318567276
18	-156.43666	26.51988	-118.933	-175.438	1000.0	53999	-12.041815	3.5524352	-2.0606809	-20.211912	12.042945	0.0011652246	7124.255859851837
19	-140.14766	25.01539	-117.999	-175.112	1000.0	56999	-12.408495	3.6569364	-2.1307461	-20.52465	12.409581	0.0013933459	7327.230938911438
20	-135.22433	30.01823	-101.872	-174.646	1000.0	59999	-12.636352	3.7074397	-1.9403406	-20.80417	12.637545	0.0012082661	7874.023503065109
21	-134.04633	17.039005	-110.438	-150.031	1000.0	62999	-12.778176	3.6985352	-2.0447896	-21.046486	12.779187	0.0012016373	8170.302467346191
22	-152.39099	19.988972	-124.125	-166.861	1000.0	65999	-12.98653	3.7253506	-1.920562	-21.30257	12.98774	0.0013581981	8592.822108983994
23	-130.933	13.669001	-114.837	-148.252	1000.0	68999	-13.139607	3.7152247	-1.8066669	-21.556305	13.140564	0.001461482	9071.463285684586
24	-104.762	26.529016	-70.069	-134.477	1000.0	71999	-13.160889	3.7699513	-1.7714299	-21.735998	13.16182	0.0010097509	10919.63084435463
25	-94.162506	60.40879	-11.824	-176.514	796.75	74999	-13.080172	3.8926494	-1.967951	-21.840084	13.081055	0.0011138549	12489.927136421204
26	-122.076	17.091272	-105.207	-145.502	1000.0	77999	-13.192727	3.9053302	-1.9564611	-21.98797	13.19349	0.0023602515	12914.437946557999
27	-66.163	64.67433	-10.758	-149.056	532.0	80999	-13.1774645	3.9592085	-2.0170753	-22.08858	13.178351	0.0022244877	13568.405727863312
28	-118.82833	34.662663	-71.094	-152.356	1000.0	83999	-13.234595	3.990617	-1.9442946	-22.256828	13.235437	0.0021511465	15399.090840101242
29	-76.87	51.39975	-15.701	-128.052	753.25	86999	-13.136453	4.113461	-1.9764621	-22.400255	13.13737	0.0031859677	16286.765709161758
30	-82.958	32.391167	-37.151	-106.127	890.3333	89999	-13.110779	4.0984864	-1.9477127	-22.379164	13.111695	0.0029207536	17266.32194709778
31	-119.79867	38.45639	-68.916	-161.87	1000.0	92999	-13.068451	4.1747527	-1.9832699	-22.477169	13.069247	0.0024635175	18627.17203426361
32	-118.682655	35.10596	-74.909	-160.856	1000.0	95999	-13.034994	4.1899686	-1.7450968	-22.658968	13.035606	0.002582779	20204.600526571274
33	-158.791	18.69867	-137.879	-183.264	1000.0	98999	-13.141176	4.2068233	-1.7921128	-22.653965	13.1419115	0.0024489749	20440.688498020172
34	-139.40999	20.405615	-114.144	-164.118	1000.0	101999	-13.221408	4.2122087	-1.5506234	-22.688938	13.221832	0.002493829	20866.909113883972
35	-94.461	60.313084	-21.204	-160.599	757.2	104999	-13.25509	4.207442	-1.6074507	-22.819542	13.255567	0.0024162568	21653.83262205124
36	-156.284	28.256212	-124.722	-193.29	1000.0	107999	-13.303665	4.2628293	-1.3809146	-22.806938	13.304024	0.0024404533	21903.772720336914
37	-90.320335	56.221107	-11.132	-136.089	741.3333	110999	-13.344224	4.25975	-0.72679436	-22.83567	13.344617	0.002556853	22448.19993209839
38	-132.82701	10.042113	-120.295	-144.879	1000.0	113999	-13.374139	4.2447724	-0.93812823	-22.886799	13.374675	0.0024654015	22675.90658402443
39	-111.9325	53.683372	-28.083	-170.157	854.75	116999	-13.38453	4.2303753	-0.88595784	-22.92297	13.384902	0.002309845	23122.608231306076
40	-151.54066	30.120283	-117.401	-190.672	1000.0	119999	-13.417425	4.2457066	-1.0002538	-22.921926	13.417809	0.0025276248	23310.40655565262
41	-163.55367	15.204422	-144.91	-182.153	1000.0	122999	-13.502393	4.2626796	-0.6934073	-23.004658	13.502862	0.0021589876	23496.296909332275
42	-142.15967	22.264206	-116.403	-170.722	1000.0	125999	-13.556474	4.2500157	-0.74296725	-22.98471	13.556772	0.001590656	23682.617862939835
43	-144.872	24.700815	-119.141	-178.198	1000.0	128999	-13.586379	4.235494	-0.83381796	-23.06837	13.586732	0.0019247615	23868.37628865242
44	-153.67766	10.299294	-145.025	-168.151	1000.0	131999	-13.65715	4.221669	-0.93426025	-23.047785	13.657868	0.0023154072	24060.51617360115
45	-128.17633	14.731609	-116.239	-148.932	1000.0	134999	-13.673314	4.191763	-0.91390765	-23.134884	13.673714	0.0020838585	24245.178080797195
46	-116.56301	63.96571	-26.416	-168.16	807.0	137999	-13.685261	4.196835	-0.9468231	-23.054136	13.685523	0.0019642448	24627.65234065056
47	-141.315	24.088264	-107.35	-160.567	1000.0	140999	-13.720558	4.2034006	-0.80804116	-23.161089	13.720992	0.002377114	24828.462239980698
48	-125.39634	41.090958	-67.786	-160.796	1000.0	143999	-13.703628	4.2277565	-1.1836572	-23.133312	13.70403	0.0022152208	27338.67624115944
49	-90.12967	10.202191	-75.726	-98.058	1000.0	146999	-13.618376	4.269666	-1.0277473	-23.136938	13.618791	0.0020369282	29548.080119371414
50	-52.2148	39.97931	-16.151	-119.986	608.0	149999	-13.53354	4.2905025	-1.1051043	-23.128223	13.533914	0.0019883101	31282.204894065857
51	-119.486	53.87593	-68.09	-193.895	1000.0	152999	-13.451233	4.343907	-1.1457549	-23.236723	13.451483	0.0020873107	31960.791099071503
52	-134.00566	38.609924	-79.628	-165.483	1000.0	155999	-13.46771	4.3745127	-1.2743024	-23.209038	13.46782	0.0025082529	32232.448612213135
53	-102.155	64.06982	-9.593	-173.163	788.25	158999	-13.474384	4.3932815	-1.138917	-23.216581	13.474798	0.0019847052	34692.24465465546
54	-123.75199	45.58304	-63.51	-173.745	1000.0	161999	-13.451494	4.402812	-1.1518847	-23.243534	13.451834	0.0024271675	35339.05281686783
55	-154.519	16.249939	-131.867	-169.2	1000.0	164999	-13.526223	4.405109	-1.08252	-23.344137	13.526585	0.0027654883	35523.55883669853
56	-166.41333	27.772167	-128.225	-193.456	1000.0	167999	-13.543353	4.4074693	-1.2339482	-23.259394	13.543508	0.0022628796	35695.72424077988
57	-98.98	54.133602	-8.369	-150.584	788.25	170999	-13.5728035	4.3972335	-0.69051534	-23.294483	13.572985	0.0025632516	35929.686306238174
58	-130.026	35.37989	-104.204	-180.052	1000.0	173999	-13.554834	4.384507	-0.5914194	-23.256618	13.555002	0.002157193	36244.777888298035
59	-97.13601	32.24318	-73.613	-142.727	1000.0	176999	-13.514263	4.418432	-0.6069726	-23.299541	13.514311	0.0018288016	37767.76215815544
60	-116.43225	64.61098	-11.353	-180.838	799.75	179999	-13.5321045	4.4168215	-0.45176685	-23.294031	13.5322895	0.0025293	38128.957171440125
61	-129.0755	70.86038	-9.165	-193.67	788.5	182999	-13.556205	4.4344506	-0.35339978	-23.373808	13.556448	0.002233351	38732.6714720726
62	-96.32166	12.734847	-79.693	-110.626	1000.0	185999	-13.556879	4.452703	-0.4206901	-23.408283	13.557018	0.0021174958	40514.71358394623
63	-138.00533	7.956645	-128.816	-148.224	1000.0	188999	-13.540143	4.4287496	-0.31250733	-23.501892	13.540531	0.0024171288	40779.14200234413
64	-65.234	31.476458	-24.899	-101.71	784.0	191999	-13.496381	4.4604135	-0.24202195	-23.443888	13.4969	0.0021104568	42857.69212770462
65	-158.011	14.775359	-140.291	-176.461	1000.0	194999	-13.507224	4.452058	-0.18771803	-23.479807	13.50762	0.002111065	43044.45486474037
66	-145.90833	33.086563	-99.123	-169.957	1000.0	197999	-13.57363	4.4390545	-0.1504845	-23.546337	13.573966	0.002208214	43588.030497312546
67	-140.75667	4.9750957	-135.07	-147.188	1000.0	200999	-13.55306	4.430477	-0.24237835	-23.53731	13.553468	0.001978446	43770.44929623604
68	-95.6926	67.237274	-10.526	-186.991	724.8	203999	-13.559167	4.4278026	-0.43149367	-23.609762	13.5594015	0.0024389962	44384.404876708984
69	-135.57666	0.36933783	-135.056	-135.873	1000.0	206999	-13.57628	4.4263897	-0.39067063	-23.514273	13.576596	0.0022350848	44612.53962302208
70	-74.35625	37.020836	-17.488	-115.572	814.75	209999	-13.58392	4.414792	-0.2966858	-23.52736	13.584125	0.002351962	46414.83196210861
71	-132.02467	42.939182	-71.768	-168.673	1000.0	212999	-13.519946	4.4506073	-0.25240755	-23.7331	13.520127	0.0022568398	47890.64391899109
72	-80.63075	72.88327	-9.768	-189.387	613.75	215999	-13.516669	4.464071	-0.23777825	-23.649715	13.517032	0.0027852396	48253.00658941269
73	-76.0965	52.96976	-22.658	-161.713	773.25	218999	-13.507212	4.4974236	-0.20589802	-23.610155	13.50758	0.002281813	50278.522559165955
74	-91.291504	52.820705	-21.177	-160.614	847.0	221999	-13.439035	4.518419	-0.055841163	-23.6143	13.439179	0.002507191	51967.669694662094
75	-147.93233	3.3190656	-144.454	-152.401	1000.0	224999	-13.456924	4.52126	-0.04889013	-23.562016	13.457224	0.0022938596	52339.666461229324
76	-134.993	35.037937	-107.186	-184.415	1000.0	227999	-13.476238	4.5204053	-0.0704982	-23.639065	13.476508	0.0021653585	52707.80502009392
77	-58.6448	47.781723	-7.584	-127.833	611.2	230999	-13.438646	4.541502	0.25343722	-23.572832	13.438997	0.0024365599	53840.119733810425
78	-101.626656	65.338776	-14.662	-172.157	752.6667	233999	-13.42343	4.5408354	0.36280906	-23.609219	13.423396	0.0028833644	54193.15210175514
79	-126.784996	10.952849	-115.985	-141.801	1000.0	236999	-13.406661	4.5390143	0.3276651	-23.590525	13.406834	0.0022776914	54388.008456707
80	-167.90033	29.898727	-130.746	-203.958	1000.0	239999	-13.458517	4.543638	0.44556165	-24.432146	13.458873	0.002273722	55379.53913593292
81	-91.09833	41.928253	-57.45	-150.205	996.0	242999	-13.423922	4.5809145	0.4569804	-24.44294	13.424374	0.002274583	57046.55101633072
82	-122.58625	64.48897	-26.493	-206.022	864.5	245999	-13.4149275	4.582651	0.49820167	-24.481934	13.415214	0.002797031	57568.343540906906
83	-90.85326	51.24678	-15.848	-149.244	811.5	248999	-13.433618	4.5891876	0.49324435	-24.482433	13.433981	0.0021642977	59119.48251461983
84	-84.194664	56.72339	-17.94	-156.489	756.3333	251999	-13.409664	4.6175575	0.54501545	-24.448566	13.409817	0.0026486763	60590.839664936066
85	-135.17601	16.326105	-116.466	-156.247	1000.0	254999	-13.395337	4.5960846	0.48602122	-24.470907	13.395425	0.0032423437	60777.41682767868
86	-144.679	23.75608	-115.533	-173.723	1000.0	257999	-13.406541	4.589292	0.48070621	-24.515675	13.406852	0.002331088	60966.181458473206
87	-147.77666	36.19414	-116.556	-198.515	1000.0	260999	-13.455279	4.584577	0.35957825	-24.517094	13.455484	0.0023723398	61151.78792190552
88	-110.628	57.48649	-11.6	-152.623	794.0	263999	-13.460492	4.5916204	0.3042466	-24.53923	13.460653	0.0027504107	61394.909932136536
89	-116.58875	64.540245	-12.537	-189.697	805.0	266999	-13.4882965	4.585336	0.3764341	-24.54816	13.488484	0.0028843472	61874.07273697853
90	-102.753334	27.38018	-64.195	-125.107	1000.0	269999	-13.453353	4.5834618	0.17958961	-24.518133	13.453504	0.0031911642	63918.70226979256
91	-97.5495	58.846893	-11.466	-154.97	794.0	272999	-13.413554	4.603697	0.33862346	-24.538754	13.413992	0.0031424446	65429.79519176483
92	-94.82467	60.876926	-27.572	-175.0	807.6667	275999	-13.425079	4.597543	0.059360668	-24.51552	13.425417	0.0027770863	66075.93158149719
93	-113.559006	54.787506	-22.997	-164.171	853.25	278999	-13.438005	4.611079	-0.016344115	-24.587072	13.438264	0.0027528482	66863.8097281456
94	-125.98334	21.302025	-98.092	-149.789	1000.0	281999	-13.427028	4.5985756	0.2786126	-24.555298	13.427331	0.003509442	67443.72017979622
95	-145.93733	18.276777	-121.466	-165.379	1000.0	284999	-13.43932	4.5744295	0.028487056	-24.561584	13.43961	0.002341058	67698.6015059948
96	-141.10533	14.874174	-122.503	-158.911	1000.0	287999	-13.446396	4.571521	0.06598231	-24.633217	13.446575	0.0028921904	67927.37539196014
97	-121.32666	10.823265	-109.256	-135.513	1000.0	290999	-13.4632	4.542417	-0.1020481	-24.533918	13.463446	0.002622742	68164.35523223877
98	-127.29733	50.237965	-75.813	-195.44	1000.0	293999	-13.437392	4.542372	-0.18205392	-24.566628	13.437745	0.0021716808	69727.29959130287
99	-104.38775	72.137215	-7.166	-184.86	780.25	296999	-13.445329	4.57168	-0.19203505	-24.73112	13.445595	0.0022012133	70844.55664253235
100	-111.981995	36.987587	-69.78	-159.848	1000.0	299999	-13.430175	4.587538	-0.02558586	-24.625051	13.430468	0.002508945	72124.18189573288
101	-167.35666	17.839392	-148.596	-191.345	1000.0	302999	-13.458039	4.580203	0.097949535	-24.594028	13.4583025	0.002384777	72310.0139784813
102	-128.10533	44.807003	-66.402	-171.448	1000.0	305999	-13.48948	4.6064067	0.024919257	-24.595118	13.489866	0.0024007552	73776.96874475479
103	-101.314	53.46285	-13.183	-155.848	801.5	308999	-13.477804	4.6043477	0.09533624	-24.598341	13.47801	0.0025706445	74065.3690340519
104	-123.47466	7.402905	-117.639	-133.92	1000.0	311999	-13.4961	4.593126	0.11611059	-24.688719	13.496365	0.0023466623	74316.86791753769
105	-55.2885	48.93111	-6.483	-129.523	590.25	314999	-13.459839	4.5906096	0.21406315	-24.644737	13.460122	0.0029277694	75937.19177222252
106	-136.1535	70.274895	-18.665	-199.61	829.0	317999	-13.458715	4.620883	0.007010475	-24.658121	13.459057	0.0020566476	76431.32011437416
107	-151.74832	18.856485	-137.637	-178.4	1000.0	320999	-13.489549	4.6213527	-0.03000015	-24.624596	13.489948	0.0022386084	76745.7007009983
108	-157.89833	22.422844	-134.687	-188.215	1000.0	323999	-13.516738	4.620814	0.00944455	-24.716665	13.517136	0.0020216515	77127.82017707825
109	-145.65	12.138101	-128.504	-154.938	1000.0	326999	-13.552876	4.613737	0.066470265	-24.649971	13.553349	0.0021969134	77465.18216323853
