Epoch	AverageEpRet	StdEpRet	MaxEpRet	MinEpRet	EpLen	TotalEnvInteracts	AverageQVals	StdQVals	MaxQVals	MinQVals	LossPi	LossQ	Time
1	-89.142334	8.373909	-77.303	-95.299	1000.0	2999	0.83314085	0.4140112	1.9824147	0.009019919	-0.83582604	0.00020265928	77.61247277259827
2	-91.02334	17.364538	-75.93	-115.346	1000.0	5999	-0.13041995	0.568495	1.0906668	-1.2843153	0.12988041	5.813969e-05	155.31014895439148
3	-93.43734	17.430733	-74.235	-116.425	1000.0	8999	-1.3517462	0.53305197	0.0057976395	-2.4432986	1.3514354	7.693742e-05	246.67272281646729
4	-124.87667	35.384876	-75.873	-158.16	1000.0	11999	-2.3508852	0.57108647	-0.8914297	-3.744223	2.3504994	0.00010162306	319.08684372901917
5	-128.39034	28.976627	-104.528	-169.173	1000.0	14999	-3.3511202	0.6699639	-1.6675093	-5.962703	3.3476279	0.00013861446	1711.101182937622
6	-93.53002	56.694683	-17.935066	-154.468	777.3333	17999	-4.202597	0.78313804	-2.3629274	-7.7354083	4.197893	0.0006804914	2048.038064479828
7	-128.56	36.649113	-78.299	-164.65	1000.0	20999	-5.0604815	1.04797	-2.9182417	-9.245299	5.055545	0.0009970777	2484.3009486198425
8	-174.76534	3.952342	-171.263	-180.289	1000.0	23999	-6.0548377	1.4897918	-3.4290676	-11.227903	6.051118	0.0010971195	2549.606527328491
9	-111.85366	38.719917	-78.987	-166.217	1000.0	26999	-6.768667	1.9239124	-3.392702	-12.971989	6.7651997	0.0015398647	2616.688029527664
10	-123.832	20.762825	-94.47	-138.73	1000.0	29999	-7.466016	2.306859	-3.1367497	-14.390658	7.4635215	0.0011574682	2680.946539402008
11	-120.41	38.990868	-92.31	-175.548	1000.0	32999	-8.090008	2.6110742	-3.246826	-16.00912	8.087655	0.0012824062	2744.8040432929993
12	-86.83659	42.552113	-25.230371	-144.289	848.75	35999	-8.584705	2.9027767	-3.355602	-17.189924	8.582452	0.0014557474	3079.971738100052
13	-147.067	38.40933	-93.185	-179.963	1000.0	38999	-9.069449	3.1544673	-3.351756	-18.31724	9.06758	0.0022121805	4179.292737483978
14	-175.01799	12.378095	-160.088	-190.398	1000.0	41999	-9.787497	3.5029283	-3.2174761	-19.23694	9.78583	0.0024281105	4240.927068948746
15	-133.42601	29.52977	-100.3	-172.012	1000.0	44999	-10.356421	3.765013	-3.1236477	-20.074673	10.354644	0.0026987465	5426.295722961426
16	-125.044	22.346056	-102.284	-155.411	1000.0	47999	-10.702393	3.8776338	-2.7930326	-20.816628	10.701019	0.0026102518	5490.90433716774
17	-98.36613	56.329327	-12.427488	-170.106	811.0	50999	-10.941679	3.9929922	-2.707997	-21.364197	10.940674	0.0020116922	5772.059072971344
18	-146.185	10.314499	-132.045	-156.358	1000.0	53999	-11.274909	4.1469536	-2.6606927	-21.921665	11.27387	0.002409678	5849.469296693802
19	-128.09166	31.670975	-83.317	-151.478	1000.0	56999	-11.509374	4.217981	-2.534265	-22.297186	11.508364	0.0025816665	5922.834878206253
20	-138.62532	39.984295	-83.616	-177.47	1000.0	59999	-11.782563	4.33179	-2.5291386	-22.773214	11.781607	0.0025472608	5994.926402568817
21	-146.64366	39.767757	-92.462	-186.791	1000.0	62999	-12.08751	4.430572	-2.56911	-23.434177	12.086666	0.0015572152	6059.48015165329
22	-148.19899	33.83335	-101.147	-179.25	1000.0	65999	-12.335167	4.535173	-2.4566972	-23.819878	12.333899	0.0018257747	6122.481320381165
23	-163.38568	3.1193087	-159.613	-167.252	1000.0	68999	-12.587592	4.624417	-2.3584363	-24.132908	12.586706	0.002033553	6187.248139381409
24	-110.37567	33.048264	-73.701	-153.803	1000.0	71999	-12.805894	4.7025847	-2.396762	-24.392868	12.805303	0.0015133413	7053.917064666748
25	-114.1803	69.640114	-17.411877	-178.424	763.3333	74999	-12.876345	4.7247343	-2.0676687	-24.545193	12.875491	0.002154951	7305.960172653198
26	-95.85631	56.83318	-5.7652164	-161.028	781.25	77999	-12.974776	4.7576084	-2.4025526	-24.7594	12.974034	0.0026730334	7430.469871520996
27	-126.31833	41.147247	-86.345	-182.928	1000.0	80999	-13.045393	4.780522	-2.2437062	-24.977757	13.044981	0.0021798378	7492.170506238937
28	-143.76733	29.393581	-106.084	-177.806	1000.0	83999	-13.101249	4.803607	-2.125061	-25.182993	13.100664	0.002116341	7551.947839975357
29	-155.23299	48.576603	-86.853	-195.138	1000.0	86999	-13.239911	4.862484	-2.012802	-25.293024	13.23945	0.0021174797	7613.314093828201
30	-117.01034	32.447487	-86.59	-161.973	1000.0	89999	-13.299509	4.9121513	-2.0222044	-25.312096	13.29887	0.0018239843	7673.808562755585
31	-112.74734	36.273827	-74.641	-161.543	1000.0	92999	-13.3558655	4.9123025	-2.0848591	-25.400017	13.3554735	0.0014531441	8388.261587381363
32	-151.61633	9.633636	-138.994	-162.368	1000.0	95999	-13.398675	4.9171734	-1.8842143	-25.4769	13.398156	0.0020792417	8449.160938739777
33	-136.44833	33.07815	-105.974	-182.422	1000.0	98999	-13.453608	4.9106116	-1.889024	-25.549572	13.453036	0.0021439537	8510.682480096817
34	-60.52161	40.630623	-8.064221	-105.83	664.0	101999	-13.429964	4.9342656	-1.6112226	-25.584543	13.429582	0.0018291093	9142.987926721573
35	-95.80116	49.86757	-19.143661	-158.712	831.5	104999	-13.3577795	4.974262	-1.760882	-25.619658	13.357458	0.0020437532	9406.12988615036
36	-113.06759	69.37827	-8.04537	-196.756	786.75	107999	-13.451143	4.980821	-1.9485972	-25.95435	13.450882	0.0031968774	9541.881116867065
37	-131.45567	32.4978	-85.526	-155.838	1000.0	110999	-13.453159	5.007133	-1.9866436	-25.82694	13.452796	0.0019045582	10519.495905160904
38	-160.30867	2.3097794	-157.453	-163.11	1000.0	113999	-13.531403	5.008821	-2.0441856	-25.926502	13.531019	0.0022129063	10581.654471874237
39	-134.237	27.765154	-95.468	-159.014	1000.0	116999	-13.565309	5.0070734	-1.867334	-25.852589	13.564854	0.0022681553	10642.636577129364
40	-126.80933	21.616201	-103.349	-155.513	1000.0	119999	-13.609511	5.0092564	-1.8766364	-25.932062	13.609235	0.0017989018	10706.161883831024
41	-110.51666	25.92342	-84.66	-145.953	1000.0	122999	-13.62369	4.9872556	-1.7535633	-25.963518	13.6231985	0.0026985859	10769.431998729706
42	-105.516	33.042877	-76.003	-151.649	1000.0	125999	-13.564457	4.9983287	-1.6888814	-26.057783	13.56411	0.0023363973	10833.156455993652
43	-174.35866	7.6295824	-163.571	-179.941	1000.0	128999	-13.602587	5.0186076	-1.798394	-26.041834	13.602206	0.0025674342	10893.364554405212
44	-135.428	29.887476	-94.588	-165.28	1000.0	131999	-13.634203	5.022349	-1.8352866	-26.06363	13.633776	0.0019983537	11254.489450216293
45	-118.562996	36.137104	-88.791	-169.422	1000.0	134999	-13.630673	5.022674	-1.7238158	-26.035616	13.630429	0.0017840649	12012.429964542389
46	-132.805	33.93747	-103.425	-180.362	1000.0	137999	-13.6536455	5.0128627	-1.7803162	-26.006733	13.653224	0.0026648177	12076.521700620651
47	-150.11601	40.380806	-98.533	-197.128	1000.0	140999	-13.692428	5.016918	-1.7016523	-26.061222	13.691474	0.0014525973	12136.448877573013
48	-95.46304	60.521397	-5.4501653	-156.136	775.75	143999	-13.70068	5.027933	-1.7711546	-26.195309	13.696168	0.0026307334	13356.515311717987
49	-126.69633	37.492973	-81.074	-172.907	1000.0	146999	-13.51405	4.9765577	-1.564182	-25.889183	13.502744	0.002266025	13416.528291940689
50	-83.8053	73.63148	-10.513229	-177.736	596.5	149999	-13.387099	4.8781247	-1.7380712	-25.73108	13.377927	0.0023537893	13727.873613119125
51	-141.94066	26.889738	-111.602	-176.966	1000.0	152999	-13.262407	4.820197	-1.7946246	-25.562033	13.25054	0.0030346462	13788.029154062271
52	-100.25276	51.104958	-12.145057	-135.998	801.5	155999	-13.152118	4.7584004	-1.7983526	-25.471611	13.143174	0.0019223769	13895.271104097366
53	-106.62536	57.50871	-11.751441	-165.957	801.25	158999	-13.083828	4.7212267	-1.5391467	-25.463963	13.075377	0.0023373307	14056.645727396011
54	-98.574814	54.43691	-17.838272	-166.396	815.75	161999	-13.027807	4.667724	-1.8622868	-25.41452	13.017639	0.0025319576	15106.15326833725
55	-99.961426	51.46219	-11.879694	-140.043	800.25	164999	-12.9347925	4.629906	-1.967353	-25.496107	12.922888	0.0027871476	15268.735414266586
56	-81.580666	53.299545	-7.605	-131.097	711.0	167999	-12.824611	4.5811725	-1.9491086	-25.320726	12.811769	0.003082287	15343.498341083527
57	-110.88866	51.21798	-30.301277	-167.166	898.75	170999	-12.751183	4.576147	-1.8086194	-25.26961	12.735427	0.0026351502	16066.352205514908
58	-79.83295	34.541653	-20.089779	-102.498	824.75	173999	-12.533226	4.5775123	-1.806222	-25.129602	12.511698	0.0032790925	17158.780575990677
59	-44.541107	27.271572	-19.724281	-82.708	601.0	176999	-12.247417	4.607877	-1.6321688	-25.048958	12.2245655	0.0032884039	20126.812370300293
60	-31.70393	26.57149	-6.1144953	-70.504	476.6	179999	-12.009139	4.6418147	-1.5387732	-24.834757	11.984671	0.004223506	22680.94594168663
61	-28.2733	20.813364	-5.3224773	-64.926	449.125	182999	-11.693894	4.66943	-1.2877485	-24.620857	11.657218	0.003628577	24673.227133750916
62	-30.10532	21.255426	-9.657802	-72.788	442.7143	185999	-11.222232	4.67262	-0.6390384	-24.306618	11.174776	0.005153428	26729.099532604218
63	-29.76369	21.549343	-5.585196	-69.663	466.0	188999	-10.769323	4.646011	-0.28891906	-23.838385	10.729224	0.005407845	29087.134555339813
64	-35.978554	34.568768	-8.822419	-115.95281	402.57144	191999	-10.486577	4.635712	-0.11239862	-23.462069	10.449843	0.003999628	31458.279782295227
65	-40.741734	30.525164	-7.6599584	-88.245	559.5	194999	-10.185959	4.633607	-0.08195272	-23.94109	10.1454115	0.010336411	33850.19491457939
66	-42.660408	32.731663	-6.029511	-108.553	560.0	197999	-9.922641	4.614297	0.11995863	-23.044815	9.885923	0.00960719	36307.94465494156
67	-35.439342	34.371944	-9.885984	-97.553894	445.42856	200999	-9.665814	4.531733	-0.15841916	-23.197107	9.626176	0.010971001	37743.23896789551
68	-19.046192	10.498979	-4.8234506	-40.934467	301.5	203999	-9.505444	4.5431695	-0.28090954	-22.63406	9.468596	0.0076237307	39286.02358198166
69	-17.38187	15.455633	-7.847774	-62.273	276.9	206999	-9.250844	4.552056	-0.31100535	-22.62101	9.208525	0.007317707	40909.061490535736
70	-20.213675	7.147123	-12.925042	-34.7264	300.55554	209999	-9.053	4.5337462	-0.15837443	-22.556147	9.01327	0.010256559	42174.07653903961
71	-27.557926	23.525888	-5.8420324	-69.156	414.5	212999	-8.832506	4.483388	-0.33481315	-22.41295	8.791205	0.010161451	44410.51850652695
72	-15.983196	11.5316515	-7.096411	-50.76	275.81818	215999	-8.667932	4.4568987	-0.3952584	-22.286234	8.628522	0.00765615	46076.06136202812
73	-18.994253	12.137964	-5.4840875	-53.273003	282.0	218999	-8.51635	4.4531555	-0.19039771	-22.590574	8.478851	0.009281727	47777.36392331123
74	-14.468577	8.31229	-5.6839733	-36.81068	240.1	221999	-8.391592	4.447853	-0.33403507	-22.194057	8.3540325	0.010233907	49207.99644756317
75	-21.972103	14.816012	-7.96659	-60.452	364.55554	224999	-8.286668	4.449481	-0.34486508	-22.061333	8.250005	0.0069118985	50856.854315280914
76	-22.243532	16.106274	-5.5192223	-58.67316	366.77777	227999	-8.175778	4.44882	-0.2888403	-22.093391	8.138019	0.010862415	52696.45578956604
77	-26.874859	18.900803	-7.060427	-68.73384	374.75	230999	-8.035107	4.413447	-0.42209738	-22.011328	7.999781	0.011332208	54781.91185736656
78	-21.066338	15.56027	-7.968333	-61.814	333.8889	233999	-8.030518	4.4281797	-0.5001882	-22.118149	7.9988847	0.008755485	55842.68494558334
79	-16.411871	5.6197853	-6.8121877	-26.622345	258.08334	236999	-8.022019	4.467484	-0.25896537	-22.224163	7.988843	0.01125304	57108.42265987396
80	-14.600852	6.182021	-5.83091	-23.964552	245.18182	239999	-7.946919	4.46293	-0.4066772	-22.207577	7.916257	0.010026718	58152.68200325966
81	-20.392399	14.357979	-9.996324	-57.215	327.2	242999	-7.9575963	4.508886	-0.51204896	-22.499485	7.9310675	0.008538247	60136.84377121925
82	-21.229294	14.891383	-5.900503	-56.524	358.25	245999	-7.9914055	4.5639067	-0.55293745	-22.73075	7.962463	0.008325383	61956.1428194046
83	-28.561546	19.107063	-10.262747	-56.49506	415.16666	248999	-7.959148	4.5848427	-0.6249708	-22.713093	7.930474	0.010071549	64193.35634946823
84	-21.918594	22.482422	-3.8854659	-89.271	320.72726	251999	-7.955516	4.6132226	-0.6000904	-22.706217	7.9269123	0.010817284	66074.9046034813
