Epoch	AverageEpRet	StdEpRet	MaxEpRet	MinEpRet	EpLen	TotalEnvInteracts	AverageQVals	StdQVals	MaxQVals	MinQVals	LossPi	LossQ	Time
1	-107.325	6.5550003	-100.77	-113.88	1000.0	1999	-0.13668571	0.2020698	0.42661017	-0.53912455	0.1350227	0.000525547	121.29675841331482
2	-115.100006	4.4799995	-110.62	-119.58	1000.0	3999	-0.8147842	0.35743296	-0.06306937	-1.6076002	0.81476706	0.00019785845	394.051944732666
3	-90.03	11.18	-78.85	-101.21	1000.0	5999	-1.831119	0.33802733	-1.0032057	-2.5387282	1.8311212	0.00020309609	650.9533410072327
4	-105.76	16.29	-89.47	-122.05	1000.0	7999	-2.6785398	0.37316608	-1.8548512	-3.5292807	2.6789522	0.0003053498	896.8464772701263
5	-111.285	3.4350014	-107.85	-114.72	1000.0	9999	-3.4169176	0.42375502	-2.4181383	-4.377669	3.4173295	0.00043051498	1161.7940950393677
6	-91.675	21.634998	-70.04	-113.31	1000.0	11999	-4.0835123	0.45677495	-2.9388657	-5.1456194	4.0835495	0.0004559288	2392.0545291900635
7	-111.745	5.1949997	-106.55	-116.94	1000.0	13999	-4.5833645	0.54145294	-3.4122326	-5.7664967	4.583482	0.00047057774	2515.8738639354706
8	-125.825005	55.665	-70.16	-181.49	1000.0	15999	-5.1308217	0.58870006	-3.8513074	-6.598804	5.1312637	0.0005418607	3540.331052541733
9	-144.72	31.029999	-113.69	-175.75	1000.0	17999	-5.6778455	0.709179	-4.23383	-8.099736	5.6782875	0.00070062425	3661.9307050704956
10	-80.895004	39.185	-41.71	-120.08	782.0	19999	-6.24855	0.9152881	-4.3885927	-9.360553	6.2489424	0.0012967853	4019.473031282425
11	-156.425	0.6450043	-155.78	-157.07	1000.0	21999	-6.764665	1.1216028	-4.4122505	-10.563095	6.7651334	0.0019035933	4182.41153216362
12	-150.38501	14.474998	-135.91	-164.86	1000.0	23999	-7.284692	1.3015903	-4.4771795	-11.474163	7.2850437	0.0030900333	4357.3098883628845
13	-166.54501	3.2750015	-163.27	-169.82	1000.0	25999	-7.8375463	1.5349215	-4.5316596	-12.414583	7.8381696	0.00258951	4545.183811664581
14	-79.240005	44.27	-34.97	-123.51	817.0	27999	-8.263862	1.745437	-4.5101247	-13.21614	8.264723	0.0022200018	5226.368271827698
15	-156.42499	14.055	-142.37	-170.48	1000.0	29999	-8.705782	1.9539089	-4.5611153	-14.032171	8.706921	0.0027822342	5336.506613492966
16	-141.92	33.820004	-108.1	-175.74	1000.0	31999	-9.145642	2.1661685	-4.3742466	-14.775189	9.146517	0.0035136128	5457.577828168869
17	-106.095	20.095001	-86.0	-126.19	1000.0	33999	-9.475843	2.3466277	-4.3263507	-15.429107	9.476959	0.0026909632	5578.973465681076
18	-94.095	18.355	-75.74	-112.45	1000.0	35999	-9.6668825	2.4769256	-4.228232	-16.077993	9.667289	0.0037334799	6524.411394119263
19	-108.65	16.46	-92.19	-125.11	1000.0	37999	-9.852215	2.5776262	-4.147844	-16.5083	9.853042	0.0034062762	6939.012360572815
20	-97.345	24.635002	-72.71	-121.98	1000.0	39999	-10.000333	2.6993306	-3.9961128	-17.067747	10.000908	0.0036624966	8216.827826976776
21	-123.205	55.785004	-67.42	-178.99	1000.0	41999	-10.237381	2.8914444	-3.9585137	-17.617142	10.238195	0.0029811896	9497.617221832275
22	-102.295	31.634995	-70.66	-133.93	1000.0	43999	-10.344881	3.00599	-4.0091944	-17.784286	10.345118	0.0031267046	10844.421169996262
23	-128.76	13.669998	-115.09	-142.43	1000.0	45999	-10.490981	3.079954	-3.8500113	-18.208597	10.491461	0.0037208681	10966.446287155151
24	-143.69	1.540001	-142.15	-145.23	1000.0	47999	-10.748262	3.1626108	-3.681106	-18.591885	10.748418	0.0031854885	11143.275918245316
25	-107.455	44.774998	-62.68	-152.23	1000.0	49999	-10.905925	3.247264	-3.6531188	-18.801586	10.907025	0.0029876914	12469.635878562927
26	-141.1	29.159996	-111.94	-170.26	1000.0	51999	-11.04802	3.3198943	-3.6113732	-19.180553	11.048635	0.0026678261	12634.320704460144
27	-127.025	31.614998	-95.41	-158.64	1000.0	53999	-11.199351	3.3854437	-3.5481985	-19.33091	11.199713	0.002956001	13132.054171800613
28	-135.615	10.455002	-125.16	-146.07	1000.0	55999	-11.346405	3.4113054	-3.4270444	-19.59736	11.346769	0.0029514332	13321.583263158798
29	-131.97	9.23	-122.74	-141.2	1000.0	57999	-11.511776	3.4589682	-3.5215821	-19.77537	11.512271	0.0025103483	13488.41427397728
30	-60.273335	47.99516	-11.5	-125.54	619.0	59999	-11.594976	3.5079174	-3.3116736	-19.982862	11.595194	0.00387041	14312.535055160522
31	-94.68667	57.43656	-13.46	-135.63	741.0	61999	-11.675954	3.5642934	-3.3759637	-20.181013	11.676794	0.0033280344	14581.989602804184
32	-114.420006	73.510544	-13.58	-186.73	736.6667	63999	-11.831122	3.6681826	-3.2558534	-21.109446	11.831573	0.004988963	15107.643099308014
33	-103.16499	29.874996	-73.29	-133.04	1000.0	65999	-11.862078	3.724314	-3.1716475	-20.941301	11.862448	0.0062823296	15974.54118847847
34	-127.215	13.225002	-113.99	-140.44	1000.0	67999	-11.948753	3.7276707	-3.2410069	-21.070082	11.949363	0.0049268026	16098.560407876968
35	-120.42	4.959999	-115.46	-125.38	1000.0	69999	-11.997372	3.7225964	-3.1494374	-21.221516	11.997901	0.0047447346	16222.055999994278
36	-161.295	17.205002	-144.09	-178.5	1000.0	71999	-12.144652	3.7557788	-3.012331	-21.297747	12.145474	0.005402903	16340.848568439484
37	-146.17	9.690002	-136.48	-155.86	1000.0	73999	-12.252935	3.7924132	-3.0743735	-21.398209	12.252966	0.0042828135	16459.487713336945
38	-148.45499	16.945	-131.51	-165.4	1000.0	75999	-12.344582	3.8131182	-3.0437531	-21.49443	12.344947	0.00458068	16717.951291561127
39	-93.57	43.7	-49.87	-137.27	938.5	77999	-12.322087	3.880718	-2.8932095	-21.627142	12.321845	0.0048197284	17792.458300113678
40	-97.655	25.735	-71.92	-123.39	1000.0	79999	-12.293597	3.9211538	-2.849441	-21.610456	12.2936125	0.005738906	18493.89616537094
41	-135.37	22.21	-113.16	-157.58	1000.0	81999	-12.357131	3.9193773	-2.773621	-21.681194	12.357404	0.005409142	18748.996864795685
42	-132.365	33.515003	-98.85	-165.88	1000.0	83999	-12.423562	3.9442878	-2.686433	-21.721777	12.424373	0.005203209	19002.456510782242
43	-115.58	4.3199997	-111.26	-119.9	1000.0	85999	-12.427231	3.911484	-2.6215134	-21.798498	12.427459	0.0045004003	19125.1804459095
44	-152.495	8.345001	-144.15	-160.84	1000.0	87999	-12.509262	3.9179115	-2.6673796	-21.897106	12.509957	0.0053734547	19281.30669260025
45	-84.71667	61.276443	-11.43	-161.41	728.6667	89999	-12.473859	3.9300673	-2.4336364	-21.89511	12.473406	0.0035371534	19502.064668655396
46	-78.52334	46.088154	-13.35	-111.82	735.3333	91999	-12.488357	3.9286869	-2.646157	-21.928127	12.488346	0.0064094043	19676.985466003418
47	-143.63	1.0800018	-142.55	-144.71	1000.0	93999	-12.499389	3.9165902	-2.607286	-21.872404	12.499924	0.0044553005	19850.53902077675
48	-99.520004	26.59	-72.93	-126.11	1000.0	95999	-12.487749	3.9294662	-2.4825284	-21.959152	12.4879675	0.0053324015	20760.642339468002
49	-150.51999	31.129997	-119.39	-181.65	1000.0	97999	-12.551054	3.957157	-2.5841467	-21.960867	12.551018	0.004425662	20927.88056755066
50	-134.355	0.29499817	-134.06	-134.65	1000.0	99999	-12.590593	3.937718	-2.524931	-21.96416	12.59034	0.0042092274	21130.99565076828
51	-91.72	75.72	-16.0	-167.44	625.5	101999	-12.641518	3.9566524	-2.3012283	-21.962622	12.641823	0.0055006254	21444.99765586853
52	-122.78	28.05	-94.73	-150.83	1000.0	103999	-12.6588125	3.9623904	-2.3182607	-21.966457	12.6593075	0.004930561	22007.731971502304
53	-115.41333	57.919434	-33.51	-157.3	826.0	105999	-12.701725	3.976138	-2.1831925	-22.021025	12.701967	0.00555367	22420.98609471321
54	-95.036674	60.36656	-15.38	-161.46	752.3333	107999	-12.720065	4.0094366	-2.3061886	-22.048372	12.720347	0.0049839057	22626.018181324005
55	-121.284996	7.6949997	-113.59	-128.98	1000.0	109999	-12.701061	4.0057154	-2.0556662	-22.099361	12.700519	0.004955433	22757.866807699203
56	-132.66	5.220001	-127.44	-137.88	1000.0	111999	-12.711461	3.9974885	-2.08105	-22.050774	12.711232	0.0049753617	22880.897447824478
57	-113.776665	74.53448	-9.45	-178.98	722.0	113999	-12.774768	4.0086646	-1.9778886	-22.058197	12.775351	0.005543887	23080.294085741043
58	-107.155	81.735	-25.42	-188.89	664.0	115999	-12.840331	4.068013	-1.9311951	-22.437351	12.840845	0.005488564	23267.281986951828
59	-113.27	67.36089	-18.01	-161.52	767.0	117999	-12.922423	4.1064644	-1.8870445	-22.416086	12.922382	0.005994882	23553.111929416656
60	-115.020004	1.170002	-113.85	-116.19	1000.0	119999	-12.898171	4.0969095	-1.7326287	-22.338833	12.898321	0.0058917063	23676.572340726852
61	-172.275	1.4449997	-170.83	-173.72	1000.0	121999	-12.960855	4.1237407	-1.723344	-22.300879	12.960476	0.0059047393	23798.154153585434
62	-171.04001	4.010002	-167.03	-175.05	1000.0	123999	-13.029599	4.1422195	-1.5596876	-22.376106	13.029205	0.0063094236	23960.977194309235
63	-100.67	40.74	-59.93	-141.41	1000.0	125999	-13.005165	4.1802783	-1.4842117	-22.368412	13.00542	0.0051487214	24931.86776161194
64	-94.42	20.04	-74.38	-114.46	1000.0	127999	-12.976023	4.1830297	-1.5733757	-22.349167	12.975191	0.004946351	26181.414208889008
65	-178.405	16.735	-161.67	-195.14	1000.0	129999	-13.012369	4.21341	-1.5120366	-22.902508	13.012689	0.0058124308	26412.556985855103
66	-99.02667	51.07155	-26.82	-136.58	813.3333	131999	-13.044396	4.2200527	-1.3588204	-22.976284	13.043435	0.006471379	26820.27308869362
67	-110.465004	26.525002	-83.94	-136.99	1000.0	133999	-12.993128	4.2444844	-1.4553761	-22.929317	12.994267	0.0058906637	27090.730501651764
68	-117.19501	42.715	-74.48	-159.91	1000.0	135999	-13.002032	4.2285147	-1.3243461	-22.934896	13.001884	0.005599955	28599.215970039368
69	-125.149994	11.389996	-113.76	-136.54	1000.0	137999	-12.972118	4.2418737	-1.3244169	-22.92309	12.971793	0.005844116	28760.26384472847
70	-114.655	36.515	-78.14	-151.17	1000.0	139999	-12.936429	4.238389	-1.2353554	-22.893566	12.936787	0.004357457	29979.107159376144
71	-104.385	35.075005	-69.31	-139.46	1000.0	141999	-12.94495	4.232433	-1.3918333	-22.984964	12.945224	0.0041925875	31202.07021021843
72	-120.71001	47.06	-73.65	-167.77	1000.0	143999	-12.927653	4.246666	-1.3809028	-22.901886	12.928411	0.00375836	32388.507493019104
73	-161.7	10.550003	-151.15	-172.25	1000.0	145999	-12.954517	4.2519264	-1.4816768	-22.941877	12.955247	0.0047735493	32542.165022850037
74	-140.16501	15.915001	-124.25	-156.08	1000.0	147999	-12.990754	4.2716846	-1.3771597	-22.881447	12.99126	0.0050425674	32717.969012498856
75	-37.003334	33.168427	-13.35	-83.91	478.0	149999	-12.939986	4.2699776	-1.3382355	-22.907698	12.9412365	0.00550358	33174.77070450783
76	-125.43	17.269997	-108.16	-142.7	1000.0	151999	-12.94681	4.282656	-1.2463716	-22.914705	12.947741	0.004054612	33407.570224523544
77	-176.035	10.824997	-165.21	-186.86	1000.0	153999	-12.997031	4.2781205	-1.46019	-22.914114	12.997891	0.0044790423	33625.194560050964
78	-98.51	58.763554	-26.41	-170.35	800.6667	155999	-13.007297	4.2895875	-1.3976805	-22.901972	13.008368	0.004411421	34204.47125816345
79	-94.525	79.785	-14.74	-174.31	611.5	157999	-13.026121	4.3308773	-1.384239	-22.94298	13.027151	0.004854057	34380.640392780304
80	-123.03	9.540005	-113.49	-132.57	1000.0	159999	-13.03414	4.299915	-1.4622145	-22.899351	13.034724	0.0057443744	35503.49919629097
81	-96.325	26.645	-69.68	-122.97	1000.0	161999	-13.004008	4.312701	-1.4004693	-22.925554	13.005181	0.005552687	35677.56416082382
82	-100.32001	53.032078	-27.25	-151.49	792.6667	163999	-12.99188	4.2993298	-1.363061	-22.920855	12.992279	0.004487829	36437.141788482666
83	-97.416664	63.660946	-34.78	-184.74	833.3333	165999	-12.960309	4.331395	-1.2409687	-22.93539	12.960733	0.0049100756	37530.244862794876
84	-70.14	55.89	-14.25	-126.03	623.0	167999	-12.983141	4.3516107	-1.2973592	-22.932825	12.9834175	0.0043415413	37804.18365192413
85	-131.47	17.73	-113.74	-149.2	1000.0	169999	-12.970978	4.336465	-1.2685101	-22.966434	12.971889	0.004685499	37968.53928232193
86	-130.5	16.449997	-114.05	-146.95	1000.0	171999	-12.998649	4.32312	-1.2428266	-22.90628	12.998752	0.005399957	38118.74890041351
87	-112.35667	69.85343	-15.95	-179.23	756.3333	173999	-13.01902	4.3281007	-1.194268	-22.883623	13.019257	0.0047779637	38363.501855134964
88	-75.99334	52.443928	-18.07	-145.07	766.6667	175999	-13.0080185	4.3560004	-1.1323726	-22.90229	13.007976	0.00482147	39631.69525003433
89	-108.55	12.610001	-95.94	-121.16	1000.0	177999	-12.961357	4.363345	-1.1900873	-22.971521	12.961329	0.0047993506	40315.090450286865
90	-40.083332	26.497032	-16.43	-77.08	537.3333	179999	-12.931675	4.3824387	-1.0777776	-22.948917	12.9319105	0.0043871817	41866.55423784256
91	-164.25	20.899994	-143.35	-185.15	1000.0	181999	-12.922547	4.3912187	-1.0482253	-23.031109	12.922478	0.005098089	41987.53121829033
92	-100.060005	42.562363	-42.79	-144.74	880.3333	183999	-12.92598	4.3847036	-1.0347396	-23.040697	12.925529	0.0056198584	42560.29880094528
93	-132.54	18.02	-114.52	-150.56	1000.0	185999	-12.912618	4.4049788	-1.0529565	-23.051323	12.912734	0.005040027	42687.625633239746
94	-160.805	4.4449997	-156.36	-165.25	1000.0	187999	-12.927012	4.402882	-1.0140226	-22.972166	12.927492	0.0047865664	42925.940574884415
95	-149.04001	17.480003	-131.56	-166.52	1000.0	189999	-12.966745	4.4013147	-1.0148603	-22.990938	12.967054	0.0050994246	43140.16082215309
96	-153.32	22.829994	-130.49	-176.15	1000.0	191999	-12.986736	4.393774	-0.9983865	-22.943275	12.986941	0.004459667	43287.14472126961
97	-138.875	9.794998	-129.08	-148.67	1000.0	193999	-13.039395	4.399221	-0.9872397	-23.017904	13.039626	0.00499661	43412.15057063103
98	-114.630005	9.399998	-105.23	-124.03	1000.0	195999	-13.03895	4.3871303	-1.0642904	-22.940472	13.03907	0.004827875	43527.158826828
99	-120.565	6.3650017	-114.2	-126.93	1000.0	197999	-13.023355	4.362207	-0.96689844	-22.964426	13.023986	0.0049825567	43649.81348800659
100	-116.95	17.350002	-99.6	-134.3	1000.0	199999	-13.054615	4.336794	-0.93806976	-22.920078	13.055125	0.0049023028	44986.889230012894
101	-118.42999	40.249996	-78.18	-158.68	1000.0	201999	-13.01343	4.335832	-1.0266061	-22.933214	13.013366	0.004952403	45913.72762513161
102	-93.03	70.899994	-22.13	-163.93	685.0	203999	-13.046662	4.3380833	-1.15018	-22.968267	13.047377	0.0042476603	46220.48227882385
103	-82.01	47.837498	-15.27	-124.97	752.6667	205999	-13.029029	4.347427	-1.0548413	-22.916546	13.029209	0.0059008533	46541.69988107681
104	-182.45001	3.7600021	-178.69	-186.21	1000.0	207999	-13.039332	4.3615212	-1.0928489	-22.945631	13.039842	0.005095175	46664.76540660858
105	-100.44334	63.04802	-11.56	-151.0	731.3333	209999	-13.093802	4.374017	-1.066182	-22.959438	13.09423	0.0049556857	46926.17409014702
106	-111.1	3.7200012	-107.38	-114.82	1000.0	211999	-13.078845	4.373042	-0.9663969	-23.001558	13.079202	0.004491129	47089.656598329544
107	-52.96	26.289999	-26.67	-79.25	719.5	213999	-13.038875	4.375422	-0.992785	-22.958555	13.039195	0.004875649	49279.736236810684
108	-91.399994	22.77	-68.63	-114.17	1000.0	215999	-12.997535	4.389014	-0.98602545	-22.896389	12.998129	0.004476386	49775.35702252388
109	-117.195	3.8450012	-113.35	-121.04	1000.0	217999	-12.980303	4.36355	-0.9882823	-22.891935	12.980883	0.0047343182	49910.76971101761
110	-132.22	7.800003	-124.42	-140.02	1000.0	219999	-12.984158	4.3555384	-1.0009241	-22.877094	12.984002	0.004422003	50065.22819399834
111	-138.6	13.360004	-125.24	-151.96	1000.0	221999	-13.006899	4.342526	-0.95231867	-22.884907	13.007289	0.005163582	50191.65112090111
112	-140.58	11.130005	-129.45	-151.71	1000.0	223999	-13.009895	4.329053	-1.0376445	-22.870964	13.0104265	0.004407089	50314.947808265686
113	-124.05	6.6100006	-117.44	-130.66	1000.0	225999	-13.001537	4.310491	-1.0967759	-22.928883	13.001605	0.0048090834	50491.92210149765
114	-136.895	9.705002	-127.19	-146.6	1000.0	227999	-13.027771	4.3079395	-1.144118	-22.95247	13.02836	0.0044994163	50655.64256978035
115	-77.75	29.87	-47.88	-107.62	893.0	229999	-13.012686	4.3041253	-1.1917303	-22.895523	13.012721	0.0046704737	51567.5422642231
116	-134.77	21.899998	-112.87	-156.67	1000.0	231999	-13.01589	4.302249	-1.2577456	-22.98176	13.016146	0.0042455816	51756.94323348999
117	-142.44	8.889999	-133.55	-151.33	1000.0	233999	-13.017005	4.298435	-1.1800693	-22.966988	13.016865	0.00585073	51867.613139629364
118	-122.87	14.459999	-108.41	-137.33	1000.0	235999	-13.01376	4.286544	-1.2324824	-22.911612	13.014317	0.0043361792	52006.59158158302
119	-139.18	23.840004	-115.34	-163.02	1000.0	237999	-13.020497	4.28638	-1.4011099	-22.917345	13.020707	0.005009548	52179.63820934296
120	-118.759995	48.279995	-70.48	-167.04	1000.0	239999	-13.032406	4.299118	-1.3548427	-22.914885	13.032581	0.0047354954	53268.97578883171
121	-117.585	3.4850006	-114.1	-121.07	1000.0	241999	-13.029541	4.2959847	-1.3947194	-22.943333	13.0301	0.0041812644	53392.11935567856
122	-77.380005	53.70504	-11.67	-130.64	678.0	243999	-13.0214615	4.276288	-1.4467974	-22.929367	13.022013	0.004606586	53959.45478439331
123	-158.095	22.195	-135.9	-180.29	1000.0	245999	-13.02436	4.284072	-1.4961896	-22.892752	13.0247345	0.004822024	54082.457201480865
124	-80.465	49.155	-31.31	-129.62	716.0	247999	-13.0400915	4.274098	-1.3969811	-22.872538	13.039836	0.004607095	54406.05120944977
125	-98.48334	54.37788	-21.74	-141.13	765.0	249999	-13.020904	4.2818294	-1.3806232	-22.891111	13.020912	0.0057180994	54616.84877038002
126	-121.3	9.050003	-112.25	-130.35	1000.0	251999	-13.017053	4.2733793	-1.4030272	-22.8654	13.017768	0.0042789555	54740.58328962326
127	-153.36	21.899994	-131.46	-175.26	1000.0	253999	-13.036505	4.2590966	-1.3290322	-22.870329	13.036545	0.004697696	55000.16072702408
128	-70.0	0.8499985	-69.15	-70.85	1000.0	255999	-13.009867	4.2876534	-1.4036797	-22.852587	13.0098295	0.005104981	56958.98737025261
129	-96.399994	8.84	-87.56	-105.24	1000.0	257999	-12.966569	4.3020077	-1.4308063	-22.932344	12.967187	0.0045299605	57092.38654208183
130	-125.81	1.2000008	-124.61	-127.01	1000.0	259999	-12.969219	4.2785206	-1.465567	-22.923868	12.969567	0.004904546	57487.51537322998
131	-89.725	56.364998	-33.36	-146.09	778.5	261999	-12.967536	4.2854505	-1.4259175	-22.892965	12.967842	0.005042675	57648.173337459564
132	-127.8	14.190002	-113.61	-141.99	1000.0	263999	-12.977967	4.274339	-1.4878478	-22.85941	12.978341	0.0044843485	57769.71408033371
133	-161.575	33.604996	-127.97	-195.18	1000.0	265999	-12.993293	4.287017	-1.3960105	-22.895258	12.993614	0.0057488163	59063.13936185837
134	-81.35333	29.245142	-44.82	-116.41	877.6667	267999	-12.949218	4.277597	-1.5499003	-22.849857	12.949662	0.004745937	59722.63580441475
135	-135.97	7.7700043	-128.2	-143.74	1000.0	269999	-12.954111	4.2741385	-1.3814678	-22.827278	12.954317	0.0057081394	59844.47810745239
136	-129.005	8.855	-120.15	-137.86	1000.0	271999	-12.95987	4.2661624	-1.5267456	-22.863443	12.959787	0.00510748	59969.8061106205
137	-99.68	74.32	-25.36	-174.0	686.5	273999	-12.986617	4.264222	-1.5961862	-22.857199	12.986697	0.0045197983	60292.57344150543
138	-171.11	36.14	-134.97	-207.25	1000.0	275999	-13.000248	4.2813125	-1.6407522	-24.388893	13.000232	0.004795472	60442.18159818649
139	-87.66	74.31542	-11.18	-164.0	600.75	277999	-13.030787	4.2972636	-1.5840951	-24.4297	13.03087	0.004546365	60761.42778158188
140	-57.94	46.338768	-10.89	-120.97	584.0	279999	-13.005416	4.3036094	-1.4619145	-24.45221	13.005527	0.0065226513	61237.19669294357
141	-131.605	16.064999	-115.54	-147.67	1000.0	281999	-12.993994	4.3037844	-1.5685337	-24.42448	12.994574	0.005688117	61376.531645298004
142	-152.58499	11.724998	-140.86	-164.31	1000.0	283999	-13.017971	4.305553	-1.5537119	-24.434109	13.0180645	0.006020969	61542.843448877335
143	-143.0	30.460003	-112.54	-173.46	1000.0	285999	-13.03017	4.3271713	-1.5161322	-24.419891	13.030092	0.0050282725	61703.03841280937
144	-166.62	3.290001	-163.33	-169.91	1000.0	287999	-13.0369835	4.314186	-1.5194464	-24.354029	13.037363	0.0056066057	61854.991466760635
145	-137.57	7.2300034	-130.34	-144.8	1000.0	289999	-13.070329	4.297796	-1.4366993	-24.399462	13.070665	0.0037233059	62622.516518354416
146	-82.80666	59.149834	-14.67	-158.9	751.0	291999	-13.040305	4.3130794	-1.4207865	-24.483004	13.040875	0.0045612087	63262.56179904938
147	-146.775	25.764996	-121.01	-172.54	1000.0	293999	-13.065988	4.325853	-1.4600922	-24.38508	13.0660305	0.004812419	63394.490466594696
148	-58.536663	39.611374	-22.87	-113.78	665.6667	295999	-13.0439625	4.320909	-1.469887	-24.381804	13.0445	0.004613948	64170.6815764904
149	-136.43	11.269997	-125.16	-147.7	1000.0	297999	-13.043392	4.335848	-1.4542899	-24.400888	13.0433	0.0048467414	64454.959052324295
150	-61.36	35.45657	-12.06	-93.94	738.6667	299999	-13.006989	4.3363	-1.4739912	-24.391253	13.007658	0.0044613783	66005.81025075912
151	-118.005005	3.6150017	-114.39	-121.62	1000.0	301999	-13.00321	4.338246	-1.5557513	-24.415287	13.003704	0.005160232	66148.39447665215
152	-102.69	17.21	-85.48	-119.9	1000.0	303999	-12.997312	4.3195786	-1.5847259	-24.41639	12.997811	0.004789884	66276.6399974823
153	-117.43	48.340004	-69.09	-165.77	1000.0	305999	-12.988466	4.341137	-1.5992243	-24.446764	12.9884	0.00545271	67488.76005721092
154	-154.59	39.28	-115.31	-193.87	1000.0	307999	-12.993985	4.348221	-1.453868	-24.430061	12.994068	0.005126926	67648.38341546059
155	-108.130005	68.370895	-13.26	-171.74	746.3333	309999	-12.995084	4.3357024	-1.5434439	-24.419289	12.994959	0.0047743744	67943.49949932098
156	-130.365	23.134998	-107.23	-153.5	1000.0	311999	-13.007707	4.3645015	-1.5580571	-24.4459	13.007868	0.0055906	68116.75554227829
157	-131.91	17.929996	-113.98	-149.84	1000.0	313999	-13.038695	4.323242	-1.4613454	-24.430569	13.0386	0.0039501623	68277.4800992012
158	-132.96	10.780003	-122.18	-143.74	1000.0	315999	-13.025397	4.3360105	-1.4742177	-24.444832	13.025255	0.0053764316	68552.96434402466
159	-52.396667	50.27783	-16.68	-123.5	529.0	317999	-12.989385	4.3537126	-1.1255102	-24.407278	12.98917	0.0054240483	69122.31553339958
160	-167.2	3.300003	-163.9	-170.5	1000.0	319999	-13.021777	4.3490276	-1.1049263	-24.428524	13.0219755	0.0052111833	69265.65146183968
161	-101.466675	64.66646	-11.93	-162.36	734.0	321999	-13.037687	4.3489137	-1.054095	-24.439415	13.037807	0.0045709494	69459.5159034729
162	-150.63	21.309998	-129.32	-171.94	1000.0	323999	-13.051228	4.3730397	-0.9679892	-24.418932	13.051582	0.0048520365	69619.96165943146
163	-70.869995	2.3999977	-68.47	-73.27	1000.0	325999	-13.015463	4.372008	-1.0153655	-24.419495	13.015776	0.004627753	71982.17957353592
164	-92.435	44.065002	-48.37	-136.5	870.5	327999	-13.001094	4.3723445	-1.1231334	-24.443398	13.001233	0.0047587873	72757.60110926628
165	-62.11667	56.813015	-12.37	-141.63	590.3333	329999	-13.00241	4.3719926	-0.978933	-24.48994	13.002645	0.005253908	73378.54275393486
166	-165.66501	27.445	-138.22	-193.11	1000.0	331999	-13.016955	4.38732	-0.9998343	-24.43269	13.016745	0.0047500716	73512.96763849258
167	-165.63501	15.605003	-150.03	-181.24	1000.0	333999	-13.041278	4.3852696	-0.9568353	-24.497173	13.041666	0.0046461714	73689.96793150902
168	-99.73667	53.283283	-25.52	-148.14	796.0	335999	-13.031709	4.3862863	-0.9935883	-24.542698	13.031885	0.0050375317	74111.68141102791
169	-107.75666	61.33937	-21.01	-151.33	766.3333	337999	-13.025333	4.3826118	-0.9916624	-24.543104	13.025716	0.0052338755	74325.81245350838
170	-139.63	13.530003	-126.1	-153.16	1000.0	339999	-13.048998	4.385192	-0.916596	-24.53722	13.049359	0.0053141876	74448.54783129692
171	-134.245	2.6449966	-131.6	-136.89	1000.0	341999	-13.05905	4.3754563	-0.9947338	-24.542368	13.058721	0.0046249973	74569.24146699905
172	-70.57	35.340004	-35.23	-105.91	769.5	343999	-13.025316	4.3708367	-1.0310854	-24.621016	13.025568	0.00505684	75103.68568134308
173	-87.149994	57.747364	-7.68	-143.18	708.0	345999	-13.047233	4.3624206	-0.9481687	-24.50597	13.047236	0.0051739463	75306.2070915699
174	-123.84	20.219997	-103.62	-144.06	1000.0	347999	-13.024331	4.34782	-0.8564271	-24.574978	13.024552	0.0060427543	76059.31809782982
175	-87.64	14.620003	-73.02	-102.26	1000.0	349999	-13.012766	4.3474793	-0.89289916	-24.498468	13.013043	0.004389183	78254.30655527115
176	-146.655	3.6349945	-143.02	-150.29	1000.0	351999	-13.022476	4.3475766	-0.8761991	-24.564093	13.022424	0.0056825867	78406.51052713394
177	-149.155	4.845001	-144.31	-154.0	1000.0	353999	-13.038117	4.3328114	-0.87061715	-24.544247	13.038207	0.004372198	78528.80887913704
178	-96.32333	46.267307	-32.44	-140.52	814.0	355999	-13.040494	4.331695	-0.90388644	-24.522438	13.041064	0.0049476824	78933.57415223122
179	-102.39	79.47	-22.92	-181.86	662.0	357999	-13.034706	4.3312573	-0.9552451	-24.586115	13.035065	0.004541995	79779.84764051437
180	-90.675	16.134998	-74.54	-106.81	1000.0	359999	-13.031865	4.340986	-0.8794346	-24.522602	13.032377	0.00491258	80366.05603480339
181	-138.58	18.470001	-120.11	-157.05	1000.0	361999	-13.038627	4.324702	-0.9936205	-24.601404	13.038502	0.0045361263	80520.2738828659
182	-168.57999	16.71	-151.87	-185.29	1000.0	363999	-13.058296	4.3275566	-1.0193906	-24.534813	13.058485	0.004966594	80642.64054298401
183	-152.52	0.13999939	-152.38	-152.66	1000.0	365999	-13.07951	4.333625	-0.9241148	-24.543938	13.07994	0.0053321784	80809.84867191315
184	-161.75	1.5200043	-160.23	-163.27	1000.0	367999	-13.11381	4.3320613	-0.88073874	-24.551296	13.11419	0.0052227424	80937.14168453217
185	-131.86	17.470001	-114.39	-149.33	1000.0	369999	-13.10803	4.3349657	-1.0066507	-24.670248	13.108075	0.0051210457	81063.31134676933
186	-154.795	13.095001	-141.7	-167.89	1000.0	371999	-13.136263	4.3286157	-1.1507323	-24.645016	13.136469	0.0048893346	81212.62308001518
187	-132.63	27.48	-105.15	-160.11	1000.0	373999	-13.13854	4.3165913	-1.0308728	-24.661615	13.138918	0.0047428845	82155.13388061523
188	-99.505005	22.145	-77.36	-121.65	1000.0	375999	-13.107863	4.326102	-0.9780804	-24.622503	13.108026	0.0039616115	82862.6884059906
189	-90.0	45.47208	-26.01	-127.52	803.0	377999	-13.097066	4.323648	-1.0717344	-24.575388	13.097324	0.0043516587	83303.71855282784
190	-114.835	45.254997	-69.58	-160.09	1000.0	379999	-13.105814	4.321147	-1.1103566	-24.593626	13.106055	0.0047173705	84434.32082009315
191	-84.63	59.68723	-16.25	-161.68	753.6667	381999	-13.084972	4.3174977	-1.1842632	-24.563019	13.084926	0.005244507	85825.70242738724
192	-52.865	34.395004	-18.47	-87.26	639.5	383999	-13.083514	4.332832	-1.1344998	-24.66058	13.083411	0.0039430154	87405.5674123764
193	-108.634995	31.755001	-76.88	-140.39	1000.0	385999	-13.046148	4.340026	-1.0375769	-24.64278	13.046237	0.0047026896	87949.88805937767
194	-156.16	1.8399963	-154.32	-158.0	1000.0	387999	-13.068868	4.3308506	-1.0002625	-24.595339	13.069256	0.0051444015	88121.44606018066
195	-151.31	29.61	-121.7	-180.92	1000.0	389999	-13.087335	4.3307767	-1.0277565	-24.693222	13.087619	0.005479804	88277.02330708504
196	-140.23999	1.2000046	-139.04	-141.44	1000.0	391999	-13.100179	4.3306994	-1.102149	-24.604467	13.100225	0.005947181	88393.8509092331
197	-99.25	55.10309	-22.92	-151.01	797.6667	393999	-13.0834875	4.332531	-1.0914422	-24.62402	13.083814	0.004625803	88818.73830723763
198	-153.08499	10.034996	-143.05	-163.12	1000.0	395999	-13.10141	4.3450427	-0.8770659	-24.659605	13.101328	0.0059344643	88936.72848391533
199	-133.10501	2.6050034	-130.5	-135.71	1000.0	397999	-13.100642	4.331887	-0.97791684	-24.643177	13.101186	0.0037513354	89054.98311400414
200	-136.515	6.994995	-129.52	-143.51	1000.0	399999	-13.100337	4.320428	-0.94609267	-24.658302	13.100392	0.0049100574	89203.12714648247
201	-75.03	51.65	-23.38	-126.68	706.5	401999	-13.098863	4.3069916	-0.9223545	-24.670876	13.099382	0.0049686446	89607.01057910919
202	-151.965	15.985001	-135.98	-167.95	1000.0	403999	-13.127788	4.304055	-0.9088407	-24.609371	13.127726	0.0050470093	89747.02128911018
203	-119.623344	60.36957	-36.98	-179.5	844.6667	405999	-13.11238	4.3219013	-0.8311134	-24.655254	13.112697	0.004615559	90102.16384100914
204	-166.41501	5.284996	-161.13	-171.7	1000.0	407999	-13.152537	4.329682	-0.9742882	-24.59831	13.153012	0.004389656	90222.12089252472
205	-95.05334	59.923054	-10.43	-141.28	729.6667	409999	-13.15022	4.3254685	-0.99318755	-24.617952	13.1507015	0.0052467054	90462.81526899338
206	-138.88	25.269997	-113.61	-164.15	1000.0	411999	-13.160487	4.3174086	-0.960432	-24.640425	13.16088	0.0046972753	90581.43219614029
207	-120.89	35.61	-85.28	-156.5	1000.0	413999	-13.154245	4.317538	-0.9201034	-24.631155	13.154718	0.005226597	90699.04655909538
208	-146.0	21.720001	-124.28	-167.72	1000.0	415999	-13.177692	4.310604	-0.9205563	-24.637396	13.177984	0.0037956536	90814.79484415054
209	-110.775	33.435005	-77.34	-144.21	1000.0	417999	-13.153668	4.3152237	-0.9389901	-24.695227	13.154029	0.005234297	91876.60372257233
210	-51.627502	53.71343	-16.73	-144.47	477.75	419999	-13.158215	4.3150787	-0.96515656	-24.656025	13.15874	0.0052078953	92517.86988449097
211	-111.155	9.684998	-101.47	-120.84	1000.0	421999	-13.135645	4.319997	-0.89118546	-24.596123	13.135555	0.005387522	93128.2290790081
212	-97.96	61.936085	-10.37	-142.09	716.0	423999	-13.160462	4.3069525	-1.0253465	-24.670458	13.160861	0.005317264	93315.86996817589
213	-99.305	63.775	-35.53	-163.08	756.5	425999	-13.153582	4.3153224	-0.95624304	-24.615261	13.153846	0.0057782065	93912.84785676003
214	-106.479996	30.859997	-75.62	-137.34	1000.0	427999	-13.143865	4.331213	-0.85776687	-24.620798	13.144006	0.0055245752	94544.71894216537
215	-132.53	57.49	-75.04	-190.02	1000.0	429999	-13.152819	4.341134	-0.9986447	-24.593311	13.15319	0.004788269	95885.45798182487
216	-103.886665	56.307495	-26.32	-158.27	807.3333	431999	-13.1483965	4.345038	-1.0909951	-24.676443	13.148775	0.0055719847	96285.2297899723
217	-91.77667	57.635895	-13.2	-149.83	739.0	433999	-13.131954	4.3462887	-1.1680021	-24.631794	13.132495	0.0047402754	96546.43214249611
218	-55.265	20.245	-35.02	-75.51	750.0	435999	-13.135269	4.347044	-1.0022359	-24.647154	13.135626	0.005848978	98230.57303977013
219	-153.64499	15.695	-137.95	-169.34	1000.0	437999	-13.106478	4.3615055	-1.1449585	-24.68794	13.106447	0.0051867417	98715.76564478874
220	-55.78	11.730001	-44.05	-67.51	856.5	439999	-13.108648	4.382662	-1.0337577	-24.69162	13.109126	0.0038259777	100265.75630307198
221	-113.975	32.674995	-81.3	-146.65	1000.0	441999	-13.101364	4.3815374	-1.0217769	-24.670935	13.101486	0.004932302	100986.41132855415
222	-94.634995	21.395	-73.24	-116.03	1000.0	443999	-13.093711	4.3805103	-1.2037787	-24.658455	13.094294	0.004478298	102229.18187904358
223	-143.03	21.290005	-121.74	-164.32	1000.0	445999	-13.11127	4.377893	-1.1207149	-24.653196	13.111369	0.0044115065	102353.4205467701
224	-136.64499	21.974998	-114.67	-158.62	1000.0	447999	-13.08521	4.3781667	-1.1772063	-24.549421	13.085701	0.0055390443	102478.26266622543
225	-69.64001	46.01771	-14.54	-122.94	685.0	449999	-13.078577	4.3737197	-1.1158634	-24.582989	13.078759	0.004942183	103163.89440894127
226	-152.455	17.744995	-134.71	-170.2	1000.0	451999	-13.074943	4.3627996	-1.1658661	-24.721521	13.075182	0.0053951675	103340.45528101921
227	-146.81	21.829998	-124.98	-168.64	1000.0	453999	-13.094486	4.3793864	-1.2854546	-24.689425	13.095041	0.005132861	103476.17652702332
228	-154.45	0.8899994	-153.56	-155.34	1000.0	455999	-13.113053	4.3807416	-1.1801059	-24.591206	13.113154	0.005354683	103646.49646186829
229	-148.22	16.529999	-131.69	-164.75	1000.0	457999	-13.116878	4.3881097	-1.2815734	-24.726871	13.117141	0.0050212727	103790.11160898209
230	-146.115	7.455002	-138.66	-153.57	1000.0	459999	-13.115891	4.3786373	-1.2575358	-24.535381	13.116058	0.004663027	103915.9411201477
231	-95.505005	69.465	-26.04	-164.97	680.5	461999	-13.138691	4.380579	-1.2772002	-24.597412	13.139486	0.00559641	104164.531072855
232	-129.925	52.845	-77.08	-182.77	1000.0	463999	-13.139555	4.3934684	-1.2184047	-24.528997	13.139878	0.0048176213	105433.98493242264
233	-99.770004	27.839998	-71.93	-127.61	1000.0	465999	-13.126675	4.3872952	-1.210514	-24.54281	13.127229	0.0042081852	106604.66344738007
234	-89.65667	31.438583	-45.87	-118.23	885.3333	467999	-13.119994	4.3882375	-1.1709455	-24.570736	13.120282	0.0057889717	107228.44140028954
235	-122.125	11.735001	-110.39	-133.86	1000.0	469999	-13.097909	4.387711	-1.1902523	-24.521633	13.097969	0.005030938	107352.13664531708
236	-73.09	36.59	-36.5	-109.68	798.0	471999	-13.118504	4.384074	-1.2404773	-24.528234	13.118816	0.004696934	108120.14597177505
237	-39.98	21.000292	-19.3	-68.78	603.0	473999	-13.084526	4.3985295	-1.2984563	-24.551758	13.084813	0.0048706997	109432.11072993279
238	-126.335	14.805	-111.53	-141.14	1000.0	475999	-13.067637	4.4026766	-1.2871013	-24.536568	13.0680275	0.004687097	109550.342928648
239	-125.72	18.559998	-107.16	-144.28	1000.0	477999	-13.069951	4.384197	-1.3254759	-24.570297	13.070348	0.0045799143	109962.74903821945
