Epoch	AverageEpRet	StdEpRet	MaxEpRet	MinEpRet	EpLen	AverageVVals	StdVVals	MaxVVals	MinVVals	TotalEnvInteracts	LossPi	LossV	DeltaLossPi	DeltaLossV	Entropy	KL	ClipFrac	StopIter	Time
0	-115.904	28.117357	-87.779	-148.86	1000.0	-0.5251509	0.08161011	-0.38697162	-0.5915686	4000	-5.9604645e-08	113.41742	0.010668471	-99.34271	0.918938	0.021830123	0.3345	1.0	26.88051700592041
1	-98.4525	14.243787	-80.316	-114.245	1000.0	-9.247744	0.029601526	-9.196247	-9.267046	8000	-4.4703484e-08	3.022865	0.010680735	-0.48894858	0.91863996	0.022212513	0.35175002	1.0	46.92742443084717
2	-94.228	27.045336	-52.212	-119.165	1000.0	-9.991434	0.1401196	-9.765372	-10.149245	12000	-1.4901161e-07	7.8801465	0.0069374554	-1.7860054	0.918573	0.015334382	0.23	1.0	1050.2235527038574
3	-85.0855	10.592527	-75.766	-103.091	1000.0	-9.197864	0.33098847	-8.824857	-9.554904	16000	0.0	1.9820366	-0.0058622696	-0.82424116	0.9185769	0.0040655406	0.06075	39.0	1087.7592630386353
4	-88.19725	13.652941	-74.763	-110.498	1000.0	-8.68157	0.15138897	-8.45551	-8.824403	20000	0.0	1.692848	-0.0026322026	-0.54852486	0.9149606	0.0044921655	0.036	39.0	1713.4646818637848
5	-91.05825	18.715605	-72.202	-121.542	1000.0	-8.508862	0.5870504	-7.913942	-9.228965	24000	-3.7252903e-09	3.640997	-0.0028212443	-1.4914931	0.91482836	0.00355728	0.0335	39.0	1750.7473695278168
6	-89.75325	26.756495	-49.956	-123.731	1000.0	-8.977964	0.6842551	-8.536987	-10.162045	28000	-8.940697e-08	4.650057	-0.004520798	-2.9766831	0.90964055	0.007697237	0.07625	39.0	1787.1310436725616
7	-87.746	29.652357	-44.561	-128.006	1000.0	-8.9985895	1.2113612	-7.9695797	-11.06639	32000	-5.9604645e-08	5.400606	-0.0032508	-3.2756977	0.90991765	0.00957703	0.0675	39.0	2588.04229927063
8	-71.72875	20.17695	-43.196	-96.391	1000.0	-9.253893	2.0052977	-6.6896057	-12.021987	36000	-1.4901161e-07	5.9106174	-0.0039006658	-5.152629	0.9043946	0.0035200857	0.036	39.0	3990.6745233535767
9	-96.337494	4.9746037	-88.867	-102.777	1000.0	-8.629937	2.3312507	-5.974845	-10.998079	40000	-8.940697e-08	4.7925587	-0.004311219	-3.8284998	0.90479624	0.006127719	0.06275	39.0	4025.2782323360443
10	-63.52775	25.10618	-31.312	-96.824	922.0	-8.545304	0.6122374	-8.084656	-9.584502	44000	-4.4703484e-08	6.7195787	-0.0047362596	-5.5753326	0.8989701	0.0059968717	0.04675	39.0	4862.9223465919495
11	-65.706505	26.978197	-26.057	-100.995	911.25	-7.576034	1.6923488	-4.8606367	-9.996032	48000	2.9802322e-08	1.724465	-0.0038070306	-1.0356562	0.8976848	0.0076258825	0.07775	39.0	5529.824241638184
12	-82.94325	23.156103	-46.519	-108.183	1000.0	-8.937791	1.4065982	-7.4091353	-10.357115	52000	7.4505806e-08	3.076412	-0.0026372808	-1.3763163	0.9028548	0.0030428015	0.023	39.0	5566.385178804398
13	-34.669	10.787302	-22.193	-50.78	677.0	-5.2782354	1.4026322	-3.1278226	-7.8021374	56000	7.450581e-09	3.460988	-0.0042946097	-1.8402821	0.89899457	0.007653225	0.053499997	39.0	6893.918484687805
14	-52.87625	4.916099	-46.315	-59.711	1000.0	-4.405951	0.117223464	-4.261862	-4.607068	60000	-1.8626451e-08	1.7629011	-0.0038141795	-0.33369428	0.89712816	0.004044886	0.023500001	39.0	7593.021325111389
15	-45.633	28.063555	-23.453	-99.795	688.2	-6.2358313	2.0926316	-4.737014	-9.854271	64000	2.2351742e-08	1.8026859	-0.0065879542	-0.42197436	0.89306825	0.009712562	0.079500005	39.0	8001.927822351456
16	-49.36825	22.883612	-12.25	-73.628	811.75	-5.252047	1.5777857	-4.2791595	-7.991949	68000	-5.9604645e-08	1.7906954	-0.0052091354	-0.738031	0.8929454	0.0068071317	0.073750004	39.0	8686.1782143116
17	-51.124752	25.400274	-12.746	-84.105	838.75	-4.5895047	0.3380642	-4.196134	-5.295178	72000	0.0	5.077079	-0.0060105044	-3.4846537	0.8917677	0.0067614075	0.06775	39.0	9765.43593788147
18	-50.508003	30.035156	-14.553	-91.996	699.4	-6.5924	2.4309661	-3.2416852	-9.575355	76000	0.0	3.0208147	-0.0053390525	-1.263712	0.8904685	0.0057128496	0.070999995	39.0	11027.414428949356
19	-41.1026	28.9355	-11.679	-95.64	632.6	-6.058035	2.5197163	-3.4276853	-9.552709	80000	-3.7252903e-09	3.2046971	-0.007893678	-0.7916026	0.893058	0.007592048	0.094	39.0	12111.924039125443
20	-39.4334	23.129456	-22.195	-84.031	664.8	-5.7280803	2.3043687	-3.5263975	-9.57821	84000	-1.6763806e-08	2.9376445	-0.0068600606	-0.86318696	0.88782716	0.0077623515	0.08025	39.0	13290.12233376503
21	-37.82675	20.566332	-13.705	-59.125	646.75	-4.2769074	0.31335995	-3.7176533	-4.682567	88000	-2.2351742e-08	3.142301	-0.004360616	-0.8960695	0.8797623	0.0075597623	0.0565	39.0	13886.82867193222
22	-67.639496	23.897627	-33.095	-95.651	1000.0	-6.8910713	2.4490917	-4.3140616	-9.6177635	92000	-1.4901161e-08	1.5857747	-0.0032423604	-0.66792506	0.8779999	0.0059245853	0.04475	39.0	15212.971188783646
23	-46.28225	21.779451	-25.833	-82.902	821.0	-6.2756577	2.2985346	-2.9874496	-9.645886	96000	1.1175871e-08	2.032063	-0.0063642897	-0.7160855	0.87511057	0.0062511815	0.08575	39.0	16311.408482789993
24	-58.02	4.691326	-53.475	-65.737	1000.0	-3.8549075	0.58572084	-3.1830783	-4.9085507	100000	7.450581e-09	3.3108497	-0.0036642924	-2.2116728	0.87489456	0.006135889	0.04375	39.0	17363.32106089592
25	-70.658005	31.246925	-16.739	-91.035	831.0	-6.8779545	1.5195765	-5.23537	-8.668519	104000	-1.0430813e-07	4.8415995	-0.003536813	-3.5941472	0.87439483	0.0040640263	0.026	39.0	18350.595061540604
26	-33.77975	25.330004	-11.404	-74.439	538.25	-6.3493786	2.1299334	-3.5680978	-8.666444	108000	-1.4901161e-08	2.084643	-0.0056839045	-1.158905	0.87755275	0.006992793	0.076	39.0	19177.558870077133
27	-37.6296	23.766182	-14.891	-78.156	640.8	-6.353809	1.6994724	-3.1324296	-8.464547	112000	-7.450581e-09	4.3396664	-0.00649314	-2.2967577	0.8798323	0.005491081	0.0625	39.0	20164.47875738144
28	-60.78225	11.910301	-44.737	-76.512	1000.0	-5.8050523	1.5013416	-3.6866887	-7.7435064	116000	2.2351742e-08	0.941678	-0.004836809	-0.14276022	0.87844455	0.0038981983	0.06475	39.0	21293.670305252075
29	-39.085	17.80683	-22.901	-64.062	700.6	-5.1458993	1.3486434	-3.4366672	-8.366011	120000	0.0	2.5123315	-0.005970099	-1.1322999	0.86911786	0.006373258	0.060999997	39.0	22528.580219745636
30	-79.1855	13.446078	-58.058	-94.392	1000.0	-7.0378995	0.9079975	-5.6498547	-8.208974	124000	8.940697e-08	1.0116906	0.020659769	-0.71379507	0.8729498	0.024004012	0.38925	6.0	23448.995713949203
31	-55.095	25.900177	-14.821	-84.957	823.5	-5.917051	1.0847688	-2.5555217	-7.220591	128000	0.0	1.9805515	0.0024988763	-1.0282073	0.87312657	0.020078808	0.29275	2.0	24155.28651022911
32	-58.777752	24.906494	-27.674	-86.007	825.75	-6.634498	2.2740984	-2.2862556	-8.827035	132000	-2.9802322e-08	0.89680225	-0.006206602	-0.31223035	0.8731351	0.006931026	0.057	39.0	25390.181177854538
33	-37.082752	17.572199	-13.337	-58.165	726.0	-6.97589	1.9278938	-3.0857055	-9.303146	136000	7.4505806e-08	4.1298122	-0.0040972717	-2.9881194	0.8777945	0.015069831	0.1405	10.0	26430.703562259674
34	-42.5175	23.055893	-18.977	-75.955	676.25	-5.1755605	0.99987304	-2.4059122	-7.2130804	140000	-7.450581e-09	1.4514618	-0.006929323	-0.7019607	0.8802592	0.008521175	0.09325	39.0	27891.358552217484
35	-63.936596	34.742508	-10.901	-95.653	751.8	-7.9100738	2.3315425	-2.8544781	-10.131243	144000	5.9604645e-08	2.83923	-0.0046478584	-2.068681	0.88594204	0.0009266276	0.039750002	39.0	29080.128160476685
36	-28.399834	29.070454	-8.602	-91.614	428.33334	-6.6030607	2.1137137	-1.8047264	-8.966958	148000	-1.4901161e-08	3.8023958	-0.0060614403	-2.8265362	0.8856478	0.007696906	0.06675	39.0	29920.4470539093
37	-58.547	34.691383	-8.841	-97.291	795.25	-7.130618	1.5060426	-4.458942	-9.301749	152000	2.9802322e-08	2.0651865	-0.0053742304	-1.2252619	0.8859986	0.005770097	0.053999998	39.0	31259.535455703735
38	-37.866833	27.50454	-14.585	-97.897	497.33334	-7.740536	2.1662452	-3.3716233	-9.947364	156000	1.4901161e-08	4.739055	-0.0041719684	-3.2415452	0.8887181	0.01532921	0.13825001	21.0	31755.799968481064
39	-24.316	15.030509	-11.878	-51.793	460.6	-3.3376539	2.0274034	-0.74714094	-7.8036094	160000	-5.9604645e-08	4.1466627	-0.0059994496	-3.0721302	0.8901609	0.008146073	0.073	39.0	33468.18376541138
40	-53.407204	33.26328	-16.537	-108.508	721.6	-6.213707	1.64021	-2.988219	-8.773894	164000	1.4901161e-08	2.0225255	-0.0047011673	-1.2079877	0.88543075	0.0077723027	0.0625	39.0	34525.15308570862
41	-64.58525	11.198598	-54.133	-82.79	1000.0	-5.704699	0.9798265	-4.5850506	-8.404093	168000	-1.4901161e-08	0.9756991	-0.005392978	-0.41314057	0.8890945	0.004507133	0.030749999	39.0	36170.042028188705
42	-38.499165	41.6747	-6.191	-127.228	511.66666	-7.211095	2.6124601	-2.9437869	-10.81111	172000	0.0	2.6671283	-0.007266339	-1.7886032	0.8932315	0.007873119	0.08275	39.0	37128.12552905083
43	-28.264002	18.377705	-13.571	-63.421	489.4	-3.5146532	0.83456117	-1.734817	-5.5564284	176000	-1.4901161e-08	4.2992783	-0.005833324	-3.1197453	0.88544697	0.008111663	0.074	39.0	38817.218911886215
44	-42.6836	32.99497	-18.0	-107.237	554.4	-8.235672	2.6101816	-3.5426266	-11.556648	180000	-2.9802322e-08	3.0024025	-0.0058664363	-1.5197321	0.88744724	0.0071363	0.07475	39.0	39386.96467232704
45	-43.335667	43.3587	-9.96	-128.314	520.6667	-5.2952027	3.9455214	-0.32392424	-11.8770075	184000	7.450581e-09	5.2675095	-0.0046047587	-3.7564664	0.8900756	0.0036802678	0.04225	39.0	40931.8647441864
46	-48.572002	37.889847	-9.98	-117.775	641.0	-6.711322	3.6424432	-0.9773553	-12.593963	188000	0.0	2.7025766	-0.0053795837	-1.6066463	0.88450974	0.007266703	0.06225	39.0	42339.25188732147
47	-54.9755	43.7773	-10.664	-121.948	653.0	-8.9314	3.1187916	-2.314796	-12.326959	192000	-1.1175871e-08	2.8997428	-0.0076527987	-1.6246853	0.88327855	0.0046402486	0.07175	39.0	43352.77087306976
48	-40.091	24.093164	-8.347	-67.694	662.75	-4.374293	1.0442919	-1.5836599	-5.625737	196000	7.450581e-09	2.9344847	0.0042642355	-1.473845	0.87639475	0.016673421	0.28875	2.0	44644.049709796906
49	-65.605606	37.240345	-23.195	-112.301	760.0	-9.156261	2.5400727	-5.716043	-11.864957	200000	-4.4703484e-08	3.0135689	-0.0054536723	-1.8538871	0.87601423	0.008325522	0.05275	39.0	45947.14594244957
50	-66.532745	37.383446	-8.416	-110.138	774.75	-7.8587847	3.6951864	-0.16393134	-11.923863	204000	-2.9802322e-08	4.5904145	-0.00428614	-2.981068	0.87222135	0.005360254	0.044749998	39.0	47444.342940568924
51	-33.197124	35.599186	-6.942	-120.326	454.0	-7.8486853	2.4448967	-5.0382633	-11.412935	208000	2.0489097e-08	4.82713	-0.0066595967	-3.6482053	0.869794	0.006328467	0.052500002	39.0	48720.880002737045
52	-55.267998	43.158737	-8.623	-98.811	613.0	-9.5521345	2.379928	-2.287933	-11.249328	212000	2.2351742e-08	0.8111892	-0.0054271184	-0.37142015	0.8646338	0.002588043	0.035	39.0	48879.56782627106
53	-30.385998	30.481049	-13.099	-109.459	410.875	-5.94241	2.810984	-1.3812283	-10.507374	216000	1.4901161e-08	2.4379518	-0.003072252	-1.1452832	0.8577308	0.015887663	0.18225	4.0	49525.85143041611
54	-46.696198	36.964878	-9.85	-106.465	571.0	-8.237597	2.8177307	-0.77271163	-10.880775	220000	-1.4901161e-08	1.6898189	-0.0059428266	-0.5562418	0.857111	0.0060281362	0.049000002	39.0	50957.48778629303
55	-17.562819	8.489604	-7.978	-38.221	297.45456	-4.232098	1.7072262	-0.9735755	-7.161979	224000	-1.4901161e-08	2.9148989	-0.007267438	-1.609926	0.8653451	0.0074305153	0.092250004	39.0	51999.34160232544
56	-41.46367	33.750984	-6.228	-96.69	537.3333	-8.287063	3.045032	-1.9395119	-11.092948	228000	-4.4703484e-08	1.342528	-0.007720068	-0.85886	0.86730397	0.004891716	0.0685	39.0	52422.20449209213
57	-36.5825	27.949335	-11.738	-77.726	530.6667	-6.09967	1.953763	-2.115762	-8.903744	232000	7.450581e-09	1.9354398	-0.0069326684	-0.88174176	0.8725878	0.008784991	0.0705	39.0	53540.92069506645
58	-38.093334	37.033295	-5.764	-100.045	464.83334	-7.0894246	3.2743213	-0.66309243	-10.742025	236000	7.450581e-09	1.5414629	-0.004536124	-0.80402136	0.8658528	0.0051121134	0.042999998	39.0	54800.32833147049
59	-56.06575	32.3119	-13.403	-94.901	809.0	-6.9014516	2.0563748	-0.32665733	-9.68645	240000	1.4901161e-08	3.1706073	-0.004962367	-2.151335	0.86720014	0.008151516	0.082	39.0	56268.81457400322
60	-50.1515	32.46098	-14.532	-91.097	632.1667	-7.9934773	1.7832657	-3.2920249	-9.779531	244000	-4.4703484e-08	1.9965177	-0.005681794	-1.6697617	0.8639146	0.0077988524	0.061	39.0	56598.71844506264
61	-72.7955	28.906466	-23.276	-95.283	856.0	-8.861736	1.0672281	-5.520987	-9.589994	248000	7.450581e-09	1.5057929	-0.0050199367	-0.9027991	0.86345834	0.0046857544	0.0795	39.0	56954.80160236359
62	-25.464	21.325499	-9.496	-78.983	386.875	-4.6875877	2.495851	0.5062932	-8.660814	252000	1.4901161e-08	1.6270328	-0.00640052	-1.1730171	0.85354275	0.008802192	0.058000002	39.0	58283.8541765213
63	-32.155666	21.243847	-10.291	-77.05	522.0	-4.324933	2.2914293	0.3452419	-8.140137	256000	0.0	3.1680517	-0.0065681245	-1.8166974	0.8593167	0.0077138026	0.078	39.0	59798.22485089302
64	-24.58875	22.356289	-6.119	-81.053	365.375	-6.2111354	2.5979218	-0.5358839	-9.001259	260000	2.0489097e-08	1.7699459	-0.008568695	-1.3799826	0.85532814	0.009280083	0.06625	39.0	61268.10548067093
65	-41.0544	32.562237	-7.587	-92.08	597.2	-6.3090897	2.165992	0.6340825	-8.668444	264000	-1.4901161e-08	1.341378	-0.007964997	-0.8905865	0.8564052	0.007038831	0.09725	39.0	61908.58295106888
66	-30.362202	18.634617	-6.75	-59.8	419.4	-7.009861	2.4075608	-1.4033774	-9.4713545	268000	-2.9802322e-08	3.8124552	-0.007089922	-2.480791	0.8496979	0.008607162	0.1125	39.0	62758.863001823425
67	-27.968164	18.771027	-11.37	-61.144	442.83334	-5.520423	2.7114756	2.344735	-7.836218	272000	2.9802322e-08	3.8443887	-0.0010719202	-2.6856418	0.84447426	0.021417681	0.29025	2.0	63473.72165393829
68	-26.561445	18.48827	-8.637	-59.752	391.66666	-5.244665	1.7843165	-0.7883333	-7.9866066	276000	-1.4901161e-08	2.5746264	0.0016498398	-1.0373375	0.84423643	0.016503163	0.1875	2.0	63913.80523729324
69	-29.865875	26.47654	-6.331	-77.139	430.0	-5.635123	1.8479866	-0.65999734	-7.711133	280000	1.4901161e-08	1.9906743	-0.004393951	-0.6380629	0.8440637	0.0067051277	0.045	39.0	65002.937950372696
70	-20.834667	18.464483	-7.519	-61.201	350.66666	-5.971187	2.031467	-0.67932415	-7.7704477	284000	1.4901161e-08	1.3207887	-0.0070502195	-0.9500256	0.8413907	0.00954584	0.06475	39.0	66463.46740698814
71	-31.63657	24.275103	-7.601	-84.353	416.57144	-6.2553506	2.1057284	-0.22627659	-9.30112	288000	-2.9802322e-08	4.797309	-0.006666716	-3.3782887	0.8471575	0.010959433	0.083000004	39.0	67084.71005916595
72	-46.62	15.613938	-23.25	-66.199	804.0	-5.4553547	1.0224775	-3.756795	-7.8426337	292000	0.0	3.2077477	-0.0063937837	-1.8902996	0.8481214	0.0068349317	0.079	39.0	68041.13851094246
73	-44.9344	25.653227	-13.046	-89.617	612.6	-4.969434	2.4198444	-0.45447582	-8.054423	296000	-7.450581e-09	4.380977	-0.0047991592	-3.0409427	0.84608763	0.005148411	0.06225	39.0	68833.06596851349
74	-17.803125	7.5787997	-8.291	-29.081	322.5	-5.0126677	1.8987398	-1.1558714	-8.594178	300000	-1.4901161e-08	1.6463886	-0.0064159743	-1.079922	0.8432826	0.008567268	0.07425	39.0	69866.58284854889
75	-26.670002	14.968111	-5.853	-52.462	456.8	-5.686262	1.5936282	0.32113826	-10.16868	304000	-1.4901161e-08	1.373855	-0.006401524	-0.9044447	0.8471989	0.007912759	0.0845	39.0	71252.95882153511
76	-21.6163	20.95976	-7.688	-82.966	329.6	-5.227912	1.7627115	-0.66124344	-7.7288127	308000	1.4901161e-08	1.3875763	-0.0072889645	-1.0576115	0.8458531	0.007625994	0.08875	39.0	71988.56395816803
77	-22.122858	14.407205	-8.894	-50.775	377.42856	-5.411206	2.020283	0.03465513	-9.567591	312000	-3.7252903e-08	3.7328491	-0.0073194657	-2.9902508	0.83965814	0.0075243413	0.08025	39.0	73194.88413763046
78	-20.389	6.307579	-10.848	-31.821	339.625	-3.7169764	2.5911725	0.7378018	-8.453751	316000	4.4703484e-08	4.653984	-0.008967126	-3.9662278	0.8329951	0.0057293624	0.085250005	39.0	73744.75479578972
79	-19.691555	8.339551	-5.502	-34.869	291.0	-4.9373393	1.9004338	-1.2947472	-8.219374	320000	1.4901161e-08	1.446843	-0.0063916557	-1.0202987	0.8312386	0.0030481499	0.06424999	39.0	74564.86689925194
80	-44.389397	23.693155	-6.975	-72.143	721.2	-5.001137	1.7163045	-1.5305066	-7.9351373	324000	0.0	2.670528	-0.0031861658	-1.8599014	0.8283928	0.0061721364	0.0425	39.0	76253.95329785347
81	-29.209202	6.8151975	-18.423	-38.54	479.8	-5.972537	1.43385	-1.9641465	-8.7659235	328000	1.1175871e-08	2.6449442	-0.004828838	-1.9582956	0.8277089	0.008188854	0.058	39.0	77170.41810798645
82	-16.780447	5.270169	-8.863	-29.176	285.0	-3.899694	2.755712	2.5045469	-8.598357	332000	1.4901161e-08	4.7944965	-0.0063691214	-4.264471	0.82166404	0.007160954	0.073750004	39.0	77837.0770740509
83	-22.18625	12.380995	-7.92	-50.956	396.0	-4.1874876	1.7365018	0.048434228	-8.415091	336000	3.7252903e-09	0.46609405	-0.0034301905	-0.2854107	0.8173534	0.018952481	0.19600001	3.0	78803.96756410599
84	-14.012817	4.8261323	-8.225	-25.946	240.09091	-4.1999693	1.9314535	-0.06157042	-8.242593	340000	5.9604645e-08	1.0766754	-0.009066018	-0.75860167	0.8172106	0.008209429	0.096750006	39.0	79665.30591535568
85	-36.539165	30.566204	-9.253	-84.543	506.5	-5.7326045	1.7388511	-0.71972597	-8.822958	344000	-1.1175871e-08	1.1902359	-0.0063216556	-0.6973924	0.80364877	0.008032793	0.092250004	39.0	80777.91512084007
86	-20.169365	11.804178	-5.247	-50.817	334.18182	-4.699513	2.0418959	-0.61855656	-9.234791	348000	7.450581e-09	1.4903202	-0.007194062	-1.2570611	0.80691594	0.009826813	0.105000004	39.0	81586.23932886124
87	-18.012691	9.315022	-7.906	-43.689	281.07693	-4.076279	2.192186	1.4291799	-8.75631	352000	1.1175871e-08	2.1578953	-0.008333926	-1.6617535	0.8041741	0.007179914	0.073249996	39.0	82388.70249295235
88	-29.450375	25.75452	-5.856	-80.224	434.375	-4.974929	2.05595	-0.2965756	-9.669937	356000	-2.9802322e-08	2.3303974	-0.0076956972	-1.487915	0.8010893	0.006676742	0.081750005	39.0	83562.86083650589
89	-26.578375	9.455213	-13.099	-43.016	418.125	-5.1864357	2.472299	-0.29852062	-10.630784	360000	-1.4901161e-08	2.669704	-0.0076618064	-1.9961425	0.79876626	0.008127203	0.101500005	39.0	84543.32611393929
90	-19.652334	6.637857	-8.517	-32.614	290.25	-4.387713	2.3228607	1.0893655	-10.347252	364000	1.4901161e-08	2.0525224	-0.0075549744	-1.6088068	0.7903279	0.009036407	0.08125	39.0	85071.20918011665
91	-27.117666	27.25547	-9.96	-111.735	302.25	-4.12067	2.2177625	1.0072573	-10.137392	368000	-3.7252903e-09	121.76784	-0.0053762216	-43.426865	0.7775396	-0.00041600305	0.082	39.0	85956.60172843933
92	-17.798923	7.197421	-7.216	-29.342	259.0	-8.80143	6.819255	0.16340785	-19.48652	372000	1.3969839e-08	64.502625	-0.008560582	-61.187042	0.78232163	0.010426804	0.0855	39.0	86597.67767333984
93	-15.9236145	5.650802	-8.114	-23.928	259.23077	-4.0546913	0.49910364	-3.0606716	-5.444992	376000	-1.8626451e-08	3.3767455	-0.0065626698	-1.2019355	0.7891051	0.0072655454	0.07275	39.0	87215.63354110718
94	-19.2955	7.127029	-7.143	-28.033	293.0	-4.133695	1.2045313	-1.7240124	-6.543595	380000	0.0	2.9363768	-0.0077055227	-1.5381494	0.78087884	0.0057189357	0.058750004	39.0	87910.77731204033
95	-17.2665	6.835719	-6.323	-26.638	275.9	-4.5262394	1.3960294	-0.9132877	-6.7177544	384000	3.7252903e-09	1.9430914	-0.0042772805	-0.9371336	0.77764285	0.007877093	0.049500003	39.0	88753.94786691666
96	-18.1041	8.598843	-9.272	-37.996	281.2	-4.6707807	1.5410202	-1.0581014	-7.5799036	388000	0.0	1.628027	-0.006553792	-0.710209	0.78041464	0.008666943	0.077750005	39.0	89528.07507181168
97	-17.734001	8.037582	-5.298	-31.77	298.9091	-4.6169515	1.6699735	0.53047234	-8.722403	392000	0.0	1.8942969	0.0014646519	-1.4162977	0.774698	0.016801067	0.24425	2.0	90159.74060940742
98	-18.12377	5.0617967	-11.725	-30.531	282.6154	-4.2343407	1.7751563	-0.3863545	-8.241906	396000	-1.4901161e-08	1.3760599	-0.0033053393	-1.0158134	0.77433527	0.019852307	0.268	2.0	90988.96565032005
99	-19.6254	9.217496	-9.41	-42.451	309.2	-3.8730614	2.1477625	0.44962847	-9.187646	400000	2.6077032e-08	0.89411163	-0.008136664	-0.64175206	0.77398175	0.010790732	0.0915	39.0	92020.21169567108
100	-16.216309	6.644986	-6.876	-29.643	251.92308	-3.967684	2.112577	1.4242886	-9.807359	404000	0.0	1.5773749	-0.007096179	-1.3087175	0.7680816	0.006810698	0.08425	39.0	92626.50133538246
101	-15.703071	4.3951616	-9.988	-23.867	242.21428	-4.2095723	2.154455	0.41203997	-9.203953	408000	1.4901161e-08	2.3010392	-0.0089934245	-2.0413835	0.75779617	0.0077266777	0.1015	39.0	93188.89658975601
102	-14.559625	6.4044147	-5.29	-28.827	217.1875	-3.906357	1.9564325	-0.057492465	-9.683323	412000	-1.4901161e-08	0.56823957	-0.00363018	-0.34731457	0.75135636	0.016176056	0.17925	4.0	93754.94682908058
103	-15.789857	6.082654	-8.067	-30.41	254.21428	-3.8772027	1.9812486	0.14402771	-8.472007	416000	0.0	0.92181265	-0.008550736	-0.72086203	0.75065464	0.008448199	0.089	39.0	94376.21702623367
104	-13.241125	4.5066743	-5.15	-21.775	214.25	-3.4918535	2.0274224	1.2136976	-8.672902	420000	1.4901161e-08	0.8164474	-0.011897831	-0.6433995	0.7551722	0.007898366	0.123500004	39.0	94927.05448412895
105	-18.891462	5.8790665	-5.498	-28.222	276.53845	-4.4250293	2.0135865	0.54777294	-8.917463	424000	1.1175871e-08	0.9301162	-0.0076292027	-0.7243231	0.74627113	0.0077381385	0.08625	39.0	95542.83344769478
106	-15.014	4.985137	-9.28	-29.459	239.14285	-4.04644	1.8518354	-0.29419208	-8.480884	428000	1.8626451e-08	0.5211025	-0.00983748	-0.3735766	0.7390593	0.010444169	0.117249995	39.0	96212.28745436668
107	-18.107168	6.788833	-9.604	-31.109	277.58334	-4.082762	1.9438398	1.5746268	-8.682462	432000	2.2351742e-08	0.9077907	-0.006853018	-0.6261338	0.73200816	0.009071854	0.09325	39.0	96972.09514665604
108	-17.48643	7.33704	-7.561	-32.956	264.07144	-4.005561	2.0508382	-0.07154296	-8.671098	436000	-2.2351742e-08	0.73820114	-0.007837452	-0.42393437	0.72335553	0.00834363	0.0995	39.0	97754.7686240673
109	-15.019214	4.861081	-9.148	-23.815	238.14285	-3.8436437	1.8476042	0.16709957	-8.647421	440000	3.7252903e-09	0.39209813	-0.008130701	-0.22241545	0.7153111	0.005990955	0.0775	39.0	98243.90582561493
110	-14.109601	4.3385572	-6.416	-21.093	223.86667	-3.511157	2.1016269	1.0587516	-8.532243	444000	2.2351742e-08	0.5029489	-0.008132637	-0.3700181	0.71243805	0.006867624	0.0695	39.0	98808.20239710808
111	-12.972117	4.309155	-7.411	-21.22	212.41176	-3.591254	1.7664993	0.3021394	-7.847314	448000	-7.450581e-09	0.55972266	-0.006772209	-0.44077086	0.7055865	0.005914362	0.07125	39.0	99368.61874389648
112	-13.522706	4.2894497	-6.039	-21.407	211.29411	-3.5857806	1.9937284	1.169095	-8.156035	452000	-7.450581e-09	0.4570221	-0.00837288	-0.29993248	0.7017602	0.0065082517	0.0845	39.0	99880.3824224472
113	-17.369694	4.685879	-9.012	-25.038	253.84616	-4.0426655	2.0428789	0.35870862	-8.898263	456000	-2.9802322e-08	0.6177702	-0.008958656	-0.46310914	0.6969459	0.011171062	0.09825	39.0	100403.7552921772
114	-16.977858	6.0014696	-7.802	-25.379	255.85715	-4.0275874	2.1405878	0.47917077	-8.872085	460000	-7.450581e-09	0.5471524	-0.007819371	-0.46192008	0.69063413	0.00466229	0.06925	39.0	101014.02911829948
115	-15.216571	4.335564	-6.549	-24.732	240.14285	-3.6463342	2.1087315	0.93348205	-8.69308	464000	2.9802322e-08	0.43372655	-0.008781338	-0.29235137	0.68408203	0.005538162	0.091000006	39.0	101583.41183280945
116	-30.2365	48.189606	-5.94	-203.0	245.71428	-3.8319302	2.351695	1.0504928	-8.938117	468000	3.7252903e-09	451.32492	-0.0037989654	-157.55167	0.6716495	0.0014560445	0.09275	39.0	102142.90864872932
117	-42.141373	113.185745	-4.336	-480.064	212.375	-8.311867	5.231586	-1.2282946	-27.26794	472000	2.2351742e-08	2650.2239	-0.0036500897	-335.53375	0.6704707	0.0010112801	0.04525	39.0	102750.09639644623
118	-14.50409	8.252813	-6.582	-35.601	232.63637	-4.6552525	5.82404	-1.7754936	-32.57581	476000	7.450581e-09	13.781736	-0.0067235497	-10.153851	0.66989625	0.008519564	0.0755	39.0	103569.16028046608
119	-14.355	5.3500476	-5.904	-24.162	224.1875	-7.173105	6.232753	-0.9178415	-19.261116	480000	-3.3527613e-08	49.73204	-0.00679167	-45.43284	0.6710993	0.009400147	0.0775	39.0	104157.59394407272
120	-16.591768	6.5643005	-4.914	-32.233	272.0	-4.1313944	0.6429955	-1.9621207	-5.563583	484000	-3.7252903e-09	3.3716762	-0.007069895	-0.90777034	0.6711335	0.0050614383	0.0975	39.0	105077.86332654953
121	-16.158285	7.8363347	-7.393	-38.949	239.14285	-4.2544103	1.0762292	-1.8053747	-6.128848	488000	1.071021e-08	3.5683858	-0.009205506	-1.1069449	0.66896194	0.0083642155	0.088750005	39.0	105931.60109353065
122	-15.161214	3.6022902	-9.648	-20.405	248.57143	-4.2106614	0.46826726	-1.8704692	-5.7794456	492000	9.313226e-09	3.0774243	-0.007013354	-1.1810658	0.6659638	0.0045245523	0.073	39.0	106475.94609236717
123	-16.470308	6.6789584	-6.64	-28.615	252.61539	-3.55145	1.1570123	-1.1904933	-6.542661	496000	-3.7252903e-08	2.836927	-0.00897003	-1.7701415	0.6670279	0.009935366	0.09425	39.0	107333.37149000168
124	-16.430834	7.8597226	-7.679	-35.967	287.33334	-3.9425774	1.1715887	-1.2382348	-7.3869367	500000	3.7252903e-09	2.0696023	-0.0063809953	-0.92831445	0.66483796	0.006683127	0.062	39.0	108337.28625631332
125	-14.435615	5.67183	-6.019	-23.494	226.61539	-3.796101	1.8432788	0.47067758	-7.9736986	504000	-1.4901161e-08	2.813709	-0.009804258	-2.165362	0.6618089	0.0076332777	0.083000004	39.0	109111.2608692646
126	-15.90193	3.2762883	-9.109	-21.515	242.92857	-4.1990767	1.6131023	-1.4275653	-8.422752	508000	0.0	2.3359926	-0.009672478	-1.5001153	0.65655607	0.0032610355	0.079	39.0	109702.32157921791
127	-14.738125	5.222462	-4.423	-20.777	230.9375	-3.966285	1.645005	0.046418816	-8.058142	512000	-1.1175871e-08	1.8537071	-0.008152587	-1.143077	0.6525504	0.0065781735	0.07275	39.0	110333.33186841011
128	-13.798934	4.421417	-5.511	-22.76	222.66667	-3.3487236	1.6315614	0.3947487	-7.424296	516000	-1.1175871e-08	1.1495228	-0.009661933	-0.7062036	0.6535723	0.0074680056	0.082499996	39.0	111064.67693972588
129	-14.944357	4.6541386	-7.386	-24.892	230.21428	-3.6205304	1.5627357	0.59493953	-7.836314	520000	-1.21071935e-08	1.4889271	-0.009438756	-1.0421855	0.65073216	0.010992996	0.08849999	39.0	111640.49228024483
130	-14.146187	5.8310547	-6.564	-25.83	216.8125	-4.4819794	1.8907719	0.10080874	-8.511237	524000	1.1175871e-08	2.2702122	-0.008141154	-1.6293215	0.6543151	0.011322247	0.0995	39.0	112297.28222727776
131	-18.574501	7.4100604	-7.804	-35.961	282.41666	-4.2715683	2.0775476	0.21424058	-9.022252	528000	1.4901161e-08	1.6555773	-0.008471282	-1.1902268	0.64723927	0.003908091	0.0915	39.0	113304.20705914497
132	-14.242625	5.592231	-5.255	-25.585	218.4375	-4.3645105	1.781857	-0.10382232	-10.157155	532000	2.2351742e-08	1.2336043	-0.0090736635	-0.94255686	0.636388	0.008208286	0.0795	39.0	113781.44105291367
133	-16.2806	5.2035584	-6.042	-24.56	253.0	-3.0680652	2.1225457	2.0539563	-7.9792314	536000	-2.9802322e-08	2.5864646	-0.006972853	-2.199974	0.6287481	0.0016235803	0.035	39.0	114538.32492089272
134	-13.975411	5.1381526	-4.602	-27.703	210.58824	-4.02882	1.9005457	-0.33482465	-10.459289	540000	7.450581e-09	0.6517006	-0.007913277	-0.44326144	0.61807644	0.0065474557	0.086500004	39.0	115014.25829672813
135	-13.989667	6.318531	-5.043	-25.982	226.93333	-3.445825	2.0562756	0.7975701	-9.505049	544000	-5.5879354e-09	0.7222153	-0.007460557	-0.46726683	0.607989	0.005343817	0.08725	39.0	115787.97037363052
136	-15.993785	6.404458	-7.204	-29.032	252.28572	-4.0168066	2.291005	0.6962984	-8.942449	548000	-2.9802322e-08	2.3242917	-0.007795986	-2.0411727	0.598808	0.0096150385	0.09125	39.0	116709.96901655197
137	-10.863334	3.943459	-5.733	-20.25	182.33333	-3.3971817	1.9705477	0.8355123	-8.718052	552000	0.0	0.9290671	-0.010853761	-0.7400675	0.59872687	0.009307818	0.0985	39.0	117376.69568705559
138	-14.443937	6.2347894	-7.174	-30.006	227.25	-3.7258234	1.9107062	0.45109302	-8.295193	556000	1.3038516e-08	0.94335693	-0.0047631897	-0.6062341	0.5995618	0.017219793	0.21200001	3.0	118111.12836790085
139	-13.811933	4.5150504	-6.857	-21.965	218.4	-3.8294024	1.8343403	0.99982876	-8.777356	560000	2.2351742e-08	0.53109	-0.008832216	-0.26812616	0.59958595	0.0014837992	0.07075	39.0	118784.66333031654
140	-17.028643	8.147754	-8.526	-41.747	251.78572	-3.5092812	2.2952669	3.2508194	-9.140047	564000	1.4901161e-08	3.5123305	-0.008909944	-3.1919374	0.59695727	0.006552024	0.07	39.0	119778.97151899338
141	-14.676875	3.7382915	-8.74	-21.729	231.875	-3.5856583	1.9428856	0.12446606	-8.784126	568000	0.0	0.51707965	-0.009079989	-0.3638659	0.5979632	0.00830464	0.08575	39.0	120439.38973999023
142	-17.131153	5.8550663	-9.08	-28.102	255.3077	-3.898269	2.0161557	1.4043806	-8.142713	572000	-3.7252903e-09	1.3718022	-0.009812951	-0.92611766	0.59620905	0.0076949047	0.09025	39.0	121456.83163905144
143	-12.806647	4.515814	-4.618	-21.476	202.05882	-4.0028143	2.0121698	-0.2070336	-9.382134	576000	-2.2351742e-08	1.1261026	-0.010125667	-0.96831167	0.5899482	0.007738067	0.0765	39.0	122106.53012633324
144	-14.599333	5.6022515	-3.293	-25.105	232.86667	-3.4350753	2.0659487	0.9141633	-8.352675	580000	1.8626451e-09	0.78327143	-0.008509202	-0.61670995	0.5769509	0.006755503	0.099	39.0	122798.60631847382
145	-14.812375	4.037424	-8.655	-23.946	228.0	-3.7566571	1.9000896	0.07609323	-7.8913913	584000	1.4901161e-08	0.5202238	-0.010297846	-0.38393402	0.5740234	0.0057064295	0.1	39.0	123441.5274579525
146	-14.12406	6.3686357	-5.842	-26.939	215.64706	-3.6163168	2.2105885	0.7178502	-9.639703	588000	-1.1175871e-08	0.6878845	-0.010004994	-0.47380978	0.56498724	0.0073970114	0.107999995	39.0	124012.38621473312
147	-14.492067	4.8633394	-6.47	-23.163	231.73334	-3.7978804	1.8323473	0.9690988	-8.623083	592000	1.1175871e-08	0.37438193	-0.009668291	-0.24718541	0.55640584	0.0041040033	0.1095	39.0	124619.85077619553
148	-16.350334	7.18804	-5.705	-36.865	239.26666	-3.7444658	2.0035682	2.1051092	-8.430668	596000	-1.8626451e-08	1.1643947	-0.008272009	-0.9981444	0.55050945	0.00634721	0.0935	39.0	125370.56623005867
149	-14.876	5.64459	-8.448	-27.478	227.26666	-4.042859	2.3424923	0.14804578	-9.977706	600000	-7.450581e-09	0.6106919	0.00058426056	-0.45163018	0.5505397	0.022372818	0.2935	2.0	125879.81996536255
150	-14.013312	6.179314	-3.827	-28.418	221.875	-3.4937067	2.0204375	0.5514393	-9.284964	604000	7.450581e-09	0.85752004	-0.010708174	-0.602497	0.5506159	0.011415331	0.1	39.0	126640.97803592682
151	-18.6008	25.739054	-5.319	-113.196	245.8	-2.6894135	2.977635	3.5912242	-10.016553	608000	8.940697e-08	28.004967	-0.005317889	-25.642433	0.5487723	-0.0012191422	0.07525	39.0	128419.60817861557
152	-11.845166	4.1321087	-7.633	-23.292	189.33333	-3.477566	1.4243722	-0.65744585	-7.6159506	612000	7.450581e-09	1.0450349	-0.008025207	-0.72634876	0.5521234	0.007573697	0.06875	39.0	129011.25534677505
153	-14.4986	5.9264474	-5.973	-29.886	225.26666	-4.2155666	2.0762682	-0.05175823	-8.953103	616000	-3.7252903e-09	0.90436274	-0.0064842515	-0.69956094	0.54292184	0.0072259847	0.07125	39.0	129663.83997750282
154	-13.676589	5.7070208	-5.375	-26.182	215.35294	-3.441929	1.7710471	0.5889002	-8.521535	620000	-1.4901161e-08	0.9775394	-0.010378318	-0.65272474	0.53985935	0.0057431934	0.116000004	39.0	130567.91719889641
155	-13.9322	4.6025777	-7.093	-21.202	221.06667	-3.5784903	1.6509387	0.075534135	-8.073067	624000	1.1175871e-08	0.42631257	-0.007097183	-0.252395	0.5428068	0.004205468	0.06475	39.0	131250.2359111309
156	-13.101277	6.1896954	-4.903	-25.698	205.0	-3.7771225	2.0276024	0.7440742	-8.472506	628000	-1.0244548e-08	0.37400573	-0.011386476	-0.2434073	0.53804815	0.00899779	0.12025	39.0	131943.57763385773
157	-14.359188	3.5005145	-6.984	-19.323	223.125	-4.0858407	1.7327526	-0.61115503	-7.664055	632000	3.7252903e-09	0.4577281	-0.009931773	-0.34592667	0.52810335	0.009750057	0.114250004	39.0	132509.1812338829
158	-15.795268	6.174095	-8.557	-34.374	234.66667	-3.8624794	2.6903834	3.6145372	-9.49797	636000	-1.1175871e-08	2.4311504	-0.0077982387	-2.122626	0.52046967	0.008812826	0.10925	39.0	133198.81408047676
159	-14.029532	4.5591755	-6.636	-23.341	222.4	-3.7597296	1.9868122	0.2981765	-8.614121	640000	-1.1175871e-08	0.89349794	-0.0069696642	-0.7271383	0.5048219	0.00638921	0.08925	39.0	134032.3338418007
160	-16.493572	5.193233	-7.531	-25.094	252.35715	-4.3270206	1.8810283	-0.7945021	-8.6171255	644000	3.7252903e-09	0.633266	-0.0071696397	-0.48205453	0.5014909	0.010558272	0.0755	39.0	134681.39388656616
161	-14.990723	9.391423	-8.06	-51.434	194.94444	-3.767761	1.858614	0.4114116	-7.791805	648000	-3.7252903e-09	20.385895	-0.003419064	-12.097734	0.5006194	0.00266214	0.0445	39.0	135297.64854216576
162	-13.004277	2.8949192	-7.578	-19.739	208.38889	-3.8608859	2.455047	0.9113848	-12.565873	652000	0.0	4.4322243	0.003023563	-4.0662436	0.500725	0.01580753	0.1735	4.0	136107.30859351158
163	-15.066533	6.6843586	-6.868	-33.362	234.93333	-3.479455	1.9008073	-0.046314925	-8.53161	656000	3.7252903e-08	1.3127184	-0.008854623	-0.9328915	0.5005836	0.00490535	0.08325	39.0	136869.09590482712
164	-12.830723	4.232092	-6.719	-23.05	204.88889	-3.7113535	2.128982	1.3815174	-9.968259	660000	7.450581e-09	0.913118	-0.0095730275	-0.7290423	0.4901045	0.008180731	0.10325	39.0	137577.06525063515
165	-12.932823	3.8049133	-7.101	-20.343	211.94118	-3.2287045	2.0489972	0.79066485	-8.846849	664000	-2.9802322e-08	0.8127458	-0.008149087	-0.66688204	0.48359227	0.005673783	0.087	39.0	138326.9090270996
166	-12.873445	4.2550735	-6.725	-21.006	200.27777	-3.7603421	1.9739792	0.94799757	-8.968745	668000	1.3038516e-08	0.47565705	-0.010131804	-0.3438991	0.48128033	0.009240039	0.08075	39.0	138887.6586482525
167	-13.167063	7.378724	-4.836	-30.487	215.75	-2.6597896	2.2691913	1.6217256	-8.392605	672000	5.9604645e-08	3.2308652	-0.0070634317	-2.9266467	0.47761783	0.001202576	0.0805	39.0	139893.25263023376
168	-11.0135	4.124391	-4.217	-20.429	181.77777	-3.1790354	1.7749244	0.44060782	-7.4861636	676000	-4.4703484e-08	0.53367925	-0.010324186	-0.42200214	0.4745848	0.012392098	0.11225	39.0	140456.85951805115
169	-13.062942	4.8327646	-3.981	-21.652	209.29411	-3.6718912	1.835433	-0.3759843	-8.019727	680000	0.0	0.518235	-0.008588985	-0.39233893	0.47115275	0.0058351103	0.088750005	39.0	141105.29163980484
170	-17.299076	5.035347	-9.111	-26.13	264.6154	-3.6243753	2.016376	0.11602253	-7.926333	684000	-7.450581e-09	0.7235099	-0.0070347963	-0.55516344	0.46625656	0.008004794	0.06875	39.0	141754.5391175747
171	-14.5686	4.3803263	-6.13	-21.76	225.73334	-3.7865145	2.0755842	0.78610116	-8.32846	688000	1.4901161e-08	0.40915492	-0.009927526	-0.31564426	0.45931473	0.007956791	0.10775	39.0	142420.7199628353
172	-14.111118	5.5314727	-7.112	-27.867	219.94118	-3.81785	2.0133495	0.006726891	-8.4384575	692000	-1.4901161e-08	0.41734204	0.0007146746	-0.3079809	0.45980307	0.015035404	0.22075	2.0	143002.76435112953
173	-15.494067	7.541579	-6.526	-32.158	239.53334	-3.7225375	1.9254155	-0.076134294	-8.298657	696000	-2.9802322e-08	0.56219506	-0.007459255	-0.4173971	0.45980603	0.0067699333	0.098	39.0	143716.0458664894
174	-15.019501	5.9413576	-5.441	-24.708	232.1875	-3.648599	1.9403617	-0.44896546	-8.485425	700000	1.8626451e-08	1.1843964	-0.007136278	-0.8728445	0.45170456	0.0057452377	0.09025	39.0	144724.53964853287
175	-13.00843	4.44306	-7.25	-23.78	210.5	-3.6461442	1.8136162	0.7028301	-8.44843	704000	4.0978193e-08	1.2431436	-0.007896744	-0.9420589	0.450576	0.0036251321	0.08	39.0	145773.92257022858
176	-13.953412	5.665368	-5.413	-23.933	214.76471	-3.6980424	1.9094144	0.8880476	-8.134252	708000	-1.1175871e-08	1.0624161	-0.007257512	-0.920611	0.44953716	0.011643751	0.12275001	39.0	146401.26725769043
177	-11.749474	4.8557363	-5.803	-26.299	186.6842	-3.387787	2.054876	0.5813357	-8.878925	712000	0.0	0.3152169	-0.009224018	-0.1914526	0.44734234	0.0053758356	0.09775	39.0	146919.79247403145
178	-11.729368	3.8630996	-3.476	-17.697	187.52632	-3.5070815	1.8190098	0.60058844	-7.547435	716000	-1.1175871e-08	0.50422	-0.012207294	-0.39074782	0.43800536	0.0097444765	0.13225	39.0	147501.48353672028
179	-12.74975	4.756985	-4.251	-22.327	203.375	-3.4556928	1.9851598	1.3564372	-8.537653	720000	1.8626451e-08	0.3751514	-0.006175995	-0.27908504	0.43535608	0.0035322623	0.05625	39.0	148131.7843527794
180	-12.85453	3.3548963	-6.441	-19.591	201.76471	-3.4996789	1.9617687	0.30854648	-7.871534	724000	-7.450581e-09	0.2831521	-0.009405312	-0.22012877	0.43134972	0.004014813	0.07675	39.0	148704.85305404663
181	-12.939334	5.7029033	-4.61	-27.228	206.88889	-3.5989907	2.092208	0.64047396	-8.515925	728000	4.4703484e-08	0.40248752	-0.008168399	-0.2596029	0.4220415	0.005120505	0.069749996	39.0	149455.00086665154
182	-14.958563	3.2516632	-8.073	-20.406	220.75	-4.051779	1.9540867	0.32501358	-7.95364	732000	-5.5879354e-09	0.32612792	-0.009409184	-0.24425116	0.4202933	0.007070498	0.1175	39.0	149919.81241607666
183	-12.366722	5.1369796	-4.742	-22.723	200.5	-3.1629405	2.287736	2.7711263	-8.205545	736000	5.2154064e-08	1.3816373	-0.009908499	-1.2705091	0.4061123	0.0037616116	0.080249995	39.0	150710.69134545326
184	-14.623934	5.9417605	-5.52	-27.931	228.53334	-3.8630435	1.7954956	-0.2536407	-7.9267273	740000	9.313226e-09	0.5075662	-0.0019160993	-0.28570423	0.41150716	0.015917353	0.12975	3.0	151574.09127783775
185	-14.7156	3.913677	-9.695	-27.375	223.4	-3.8169014	1.94724	1.0479131	-8.357605	744000	-1.4901161e-08	0.41985685	-0.007473357	-0.30184013	0.41204166	0.007102479	0.08125	39.0	152492.63282847404
186	-13.995125	3.38635	-9.51	-20.795	218.8125	-3.3948703	2.1453757	2.3602853	-8.66532	748000	0.0	0.776365	-0.006652819	-0.6957314	0.41038895	0.006194441	0.072500005	39.0	153089.51290106773
187	-13.693825	5.128179	-6.678	-23.112	216.35294	-3.661523	2.1210208	1.4873028	-8.073462	752000	1.5948899e-08	0.59132963	-0.0065036397	-0.43911076	0.4053426	0.006391108	0.056	39.0	153750.17352437973
188	-12.797882	5.2971125	-3.568	-24.342	202.11765	-3.8176806	1.9709193	0.5739702	-7.831598	756000	2.2351742e-08	0.5813046	-0.008450009	-0.3048433	0.4064686	0.009536479	0.09675	39.0	154438.02246427536
189	-13.975437	5.6308312	-6.182	-30.183	222.4375	-3.473539	1.9908339	1.1268563	-8.296783	760000	-2.6077032e-08	0.46266434	-0.0056099044	-0.23202235	0.40612072	0.01700466	0.17925	12.0	155235.87886238098
190	-15.583734	5.1593	-8.641	-29.202	232.8	-3.9575763	1.7397432	0.35101837	-7.7480035	764000	-7.450581e-09	0.6621356	-0.0013745623	-0.42584497	0.4065995	0.015493364	0.17375	2.0	156158.80345249176
191	-12.673733	4.5228195	-6.019	-23.131	195.86667	-3.5878973	2.0675995	0.7605114	-8.546948	768000	3.7252903e-08	2.2778153	-0.00676788	-1.9582609	0.40664035	0.006456522	0.0885	39.0	157136.49149560928
192	-14.6395	7.0766945	-5.825	-36.822	207.11111	-3.6886919	1.9905303	1.2080859	-7.821339	772000	0.0	5.764248	-0.0052870587	-4.295122	0.40698832	0.0038999075	0.069	39.0	157583.84859728813
193	-11.744666	4.3349853	-3.916	-18.936	183.0	-4.8295436	2.5373223	-0.25728443	-10.967634	776000	0.0	3.5071902	-0.0045313025	-3.1609044	0.41545472	0.015970616	0.14324999	11.0	158244.01866078377
194	-17.016924	4.3310785	-7.017	-23.014	257.30768	-4.2028956	2.479423	0.76936245	-9.6918125	780000	7.450581e-09	1.3066316	-0.007973225	-1.152102	0.41616976	0.0046762954	0.07275	39.0	159097.6946492195
195	-13.665438	3.5628333	-6.452	-20.904	211.1875	-4.065219	1.963023	-0.15713951	-8.389658	784000	-3.7252903e-08	0.38829103	-0.0089105535	-0.30757385	0.40845114	0.0066167023	0.07975	39.0	159689.59364771843
196	-10.8915	3.4190764	-5.91	-18.482	173.5	-3.5298269	1.827861	0.3462798	-8.073893	788000	-7.450581e-09	0.40558058	-0.010670702	-0.26866663	0.4065807	0.0075379037	0.09825	39.0	160275.4623656273
197	-13.370444	6.2398686	-5.793	-26.832	211.11111	-3.265746	1.6931083	0.56027955	-7.9701633	792000	3.7252903e-09	0.5714984	0.0011326056	-0.30405807	0.40365547	0.015696488	0.1945	6.0	161261.78114891052
198	-17.18125	7.51189	-8.29	-35.051	262.83334	-3.7440233	2.0502257	1.0223207	-8.831609	796000	7.4505806e-08	1.3492814	-0.010138784	-1.0921526	0.40312853	0.01020631	0.11850001	39.0	162356.5644607544
199	-12.711295	4.580092	-5.525	-23.29	201.29411	-3.8115273	1.7995876	0.7165621	-7.5175138	800000	-1.4901161e-08	0.7143466	-0.0112253465	-0.57584256	0.40554073	0.011162881	0.12625	39.0	163105.2645111084
200	-13.350834	4.288959	-5.453	-24.033	207.22223	-3.5619247	1.9225035	0.7622807	-8.407181	804000	-2.7939677e-09	0.2856037	-0.008102185	-0.22900182	0.4050887	0.0031979135	0.09375	39.0	163641.30418086052
201	-13.660235	6.008353	-4.317	-29.236	214.52942	-3.404836	2.0692039	1.1479163	-8.566725	808000	-8.940697e-08	0.59843546	-0.007889697	-0.44412002	0.4024297	0.0075898534	0.076749995	39.0	164358.24452924728
202	-13.728933	5.0838675	-5.708	-23.82	208.8	-3.812112	1.9951233	0.8775968	-8.31325	812000	-1.4901161e-08	0.71241105	0.0014789253	-0.57667685	0.39591232	0.018979765	0.23225	2.0	165318.8829987049
203	-14.912999	5.0259285	-10.594	-32.114	235.66667	-3.6652846	1.7779758	0.2570069	-8.018662	816000	2.2351742e-08	0.5261698	0.001186274	-0.3383938	0.3957056	0.015628371	0.186	6.0	166279.96803498268
204	-11.575632	3.3202171	-7.334	-18.653	182.57895	-3.3237505	1.904169	0.622751	-7.91622	820000	-1.8626451e-08	0.26743752	-0.0017852271	-0.1368601	0.3948677	0.018969351	0.1855	3.0	166885.70994973183
205	-14.093358	4.353902	-9.165	-22.365	215.5	-3.954944	1.9432824	0.66787887	-8.605919	824000	-2.6077032e-08	0.42097723	-0.008197119	-0.32550013	0.3943516	0.008049889	0.0875	39.0	167948.7058684826
206	-12.792647	3.2225134	-6.572	-17.736	209.64706	-3.3160913	1.9108423	0.4959315	-7.5526514	828000	-3.1664968e-08	0.16408649	-0.008590743	-0.111739315	0.39034793	0.0073559606	0.0895	39.0	168544.7858891487
207	-17.382616	6.2590837	-9.555	-28.378	264.23077	-4.0789723	1.9209657	0.07090756	-8.8232565	832000	2.7939677e-09	0.62292475	-0.006327107	-0.35466444	0.38678414	0.0054252646	0.06	39.0	169550.7012937069
208	-13.374332	5.2048106	-4.819	-25.87	201.61111	-3.6036382	2.0575266	1.0255541	-8.690505	836000	1.4901161e-08	0.4447022	-0.009619396	-0.3407173	0.38301876	0.011235236	0.133	39.0	170099.04066061974
209	-13.644778	4.013319	-6.142	-21.004	205.61111	-3.6929357	2.008316	0.6613027	-8.468277	840000	2.9802322e-08	0.26246065	0.00043272227	-0.19736782	0.38118428	0.019586526	0.21375	2.0	170687.47378993034
210	-14.115001	5.3545213	-5.359	-26.258	225.75	-2.9442525	1.7850739	0.562839	-7.9163127	844000	-2.9802322e-08	2.0719316	-0.0080887005	-1.7826028	0.38124672	0.0054331413	0.0905	39.0	172142.70626664162
211	-15.9763565	7.450129	-6.189	-33.683	247.92857	-4.6753583	2.1698947	1.7407687	-9.781017	848000	-1.4901161e-08	1.3956597	-0.008737564	-1.0921724	0.3780963	0.007951645	0.10425	39.0	173157.68589186668
212	-12.485867	4.1036315	-7.745	-21.423	201.66667	-4.366966	2.017723	0.19030982	-9.356606	852000	1.1175871e-08	0.5902673	-0.008806331	-0.43178362	0.3752098	0.00907597	0.12799999	39.0	173921.92456245422
213	-15.952867	4.850091	-7.627	-26.056	246.73334	-3.7300663	2.0651925	0.70126677	-7.7979145	856000	-3.7252903e-08	0.49552137	-0.0012056147	-0.24623397	0.3662995	0.015597162	0.18875	4.0	174952.03595495224
214	-12.537058	4.2273946	-5.987	-21.827	195.35294	-3.9600313	1.8707527	0.81431866	-7.771539	860000	-2.2351742e-08	0.45175394	-0.010836407	-0.36497974	0.3655874	0.008333075	0.108500004	39.0	175550.02820920944
215	-19.49639	29.67774	-6.81	-140.765	194.33333	-3.476394	2.084092	0.90257996	-9.137437	864000	0.0	206.18398	0.00070890225	-52.605766	0.3617243	0.019752756	0.21849999	3.0	176073.75912380219
216	-12.266	4.2805185	-4.397	-21.738	200.125	-5.4315166	3.8561742	-0.278965	-15.565915	868000	1.4901161e-08	16.322514	-0.007390786	-14.952379	0.36159745	0.010805812	0.0815	39.0	177105.48625659943
217	-16.0254	4.1062236	-8.628	-21.627	243.73334	-3.9490702	1.5975949	1.0579377	-8.121351	872000	-9.313226e-09	2.108057	0.0017585903	-1.090323	0.3601538	0.020897187	0.23425	2.0	177660.1674170494
218	-12.722632	4.4234085	-7.31	-26.102	198.89473	-3.6102881	1.4486939	0.22285339	-8.408766	876000	-2.9802322e-08	1.8289461	0.0014411062	-1.2357266	0.36005473	0.017162628	0.217	6.0	178394.81492567062
219	-15.185072	6.527944	-6.087	-26.737	238.85715	-3.5912843	1.5583534	-0.25488943	-7.887653	880000	-1.4901161e-08	1.2805148	-0.008500381	-0.74472	0.35981238	0.009097324	0.10775	39.0	179310.59715414047
220	-12.153833	4.7418737	-4.275	-21.791	193.72223	-3.9720047	1.6449943	-0.48759755	-8.981305	884000	-2.2351742e-08	0.8782364	-0.010454925	-0.7000535	0.3474736	0.008814214	0.1015	39.0	179906.0854883194
221	-12.772722	5.6569366	-4.206	-27.329	201.38889	-2.983811	1.7088245	0.2903349	-8.758623	888000	1.1175871e-08	1.2774742	-0.00836651	-1.0108447	0.33865803	0.0030741713	0.072	39.0	180607.83599209785
222	-13.945401	7.020599	-5.866	-30.45	221.06667	-3.445858	1.87975	0.11645669	-8.435291	892000	1.3969839e-08	1.1365453	-0.008214311	-0.67118466	0.32935876	0.008205557	0.0705	39.0	181817.705732584
223	-12.277647	5.8017845	-4.859	-25.152	194.11765	-3.501919	1.9146577	0.9184246	-7.9117293	896000	0.0	0.5006714	-0.007716386	-0.4229387	0.32598528	0.0036687017	0.085999995	39.0	182389.76738381386
224	-22.662636	17.217674	-7.956	-75.89	323.36365	-4.191918	1.8367784	-0.3200837	-8.285492	900000	4.4703484e-08	3.9099424	0.012076292	-3.4152555	0.318155	0.01846673	0.29075	14.0	184230.08802461624
225	-17.458153	5.1749234	-11.775	-25.882	259.23077	-3.7991474	2.1489866	0.31722373	-8.150125	904000	-1.4901161e-08	1.5970674	0.0020700786	-1.2714847	0.3166305	0.019248676	0.269	2.0	185044.61330795288
226	-14.810062	5.579526	-4.998	-26.836	231.75	-3.7870646	1.9935158	0.57343304	-8.476997	908000	2.2351742e-08	0.9507584	-0.010389775	-0.73226553	0.31659096	0.008618694	0.088250004	39.0	185780.13391137123
227	-18.002846	14.481748	-7.605	-66.209	276.6154	-3.1216238	2.0537937	1.187649	-8.644077	912000	-1.4901161e-08	4.3031483	0.0006071925	-3.9186912	0.3037466	0.016971193	0.2245	2.0	187540.81844854355
228	-13.057059	4.2753425	-5.678	-21.426	205.88235	-3.9299178	1.9687433	0.87193257	-8.24934	916000	1.1175871e-08	1.144624	-0.009422049	-0.9907081	0.30333528	0.0073341317	0.109500006	39.0	188227.33948755264
229	-14.239124	3.544491	-7.874	-20.11	213.6875	-3.9696136	2.01143	0.9543255	-8.761696	920000	-1.4901161e-08	0.96131754	-0.0042807683	-0.8415616	0.2932121	0.016610729	0.1445	9.0	188861.27217149734
230	-13.193722	5.30814	-5.539	-25.62	202.22223	-3.7295992	2.060618	0.10079703	-9.110252	924000	-1.4901161e-08	0.85579747	-0.00813293	-0.51596117	0.29134262	0.0035997839	0.078250006	39.0	189812.76186037064
231	-13.389667	6.0931077	-6.644	-32.795	212.16667	-3.0371592	2.0229545	1.7741206	-7.81954	928000	2.4214387e-08	1.0083206	-0.0112985	-0.86874974	0.28605515	0.0068293596	0.089	39.0	190781.88382720947
232	-13.383611	4.354792	-4.692	-19.837	205.16667	-3.647874	1.9561931	0.9669446	-7.7642865	932000	2.9802322e-08	0.89340115	-0.0069496483	-0.78848135	0.287041	0.0073366677	0.05125	39.0	191316.118401289
233	-13.346944	5.805125	-5.197	-30.118	206.88889	-3.6113818	2.0440345	1.6859396	-8.829317	936000	9.313226e-09	0.6285479	-0.009247382	-0.49600255	0.2842571	0.009338115	0.08625	39.0	192221.09229922295
234	-11.681666	5.3496943	-3.944	-23.689	191.55556	-3.4381993	1.9143524	0.4426854	-8.099747	940000	7.450581e-09	0.5404551	-0.008007737	-0.43330628	0.28151873	0.006688568	0.07875	39.0	192989.67532491684
235	-14.165313	5.39684	-5.797	-26.197	222.25	-3.227249	2.0113666	1.0356144	-8.383976	944000	-5.9604645e-08	1.0886413	-0.0071797892	-0.9497904	0.27824566	0.009214235	0.07875	39.0	193889.27058506012
236	-13.429354	3.52477	-8.781	-20.315	204.35294	-3.4880228	1.7931951	0.21015713	-7.47175	948000	-2.9802322e-08	1.3777168	-0.006357201	-0.9944155	0.26995412	0.006450782	0.10375	39.0	194662.26972031593
237	-14.9123335	4.957929	-9.272	-30.545	234.13333	-3.4803483	1.892312	0.6143099	-7.4785533	952000	-7.450581e-09	1.117864	-0.0063793957	-0.89862037	0.26621738	0.0068221297	0.06925	39.0	195716.10363912582
238	-11.781411	3.7856526	-5.568	-18.429	190.47058	-3.3231149	2.0780869	0.52278125	-8.493875	956000	-1.4901161e-08	0.8794575	-0.001220163	-0.7765889	0.26752698	0.01515518	0.19999999	6.0	196534.77550816536
239	-12.979841	4.185156	-6.953	-20.222	199.52632	-4.010225	1.9709983	0.5683831	-8.074844	960000	-3.7252903e-09	1.0300307	-0.008167136	-0.9575205	0.26726934	0.006830643	0.08925	39.0	197131.94779658318
240	-12.427723	3.9375277	-6.532	-20.886	192.27777	-3.635855	1.8817555	1.1226135	-8.289473	964000	-1.4901161e-08	0.686284	-0.008562168	-0.5445876	0.26171225	0.009054264	0.079500005	39.0	197890.32591986656
241	-13.733937	7.676466	-7.605	-41.396	222.0625	-3.0750732	1.9283166	0.3961231	-7.686396	968000	2.9802322e-08	2.427191	-0.008333275	-2.093105	0.26885253	0.0052257106	0.0895	39.0	199057.1774904728
242	-13.480946	4.5865393	-4.635	-22.262	205.61111	-4.271012	1.9763795	0.26335564	-9.146337	972000	-6.519258e-08	1.6186402	-0.0065893866	-1.5163243	0.26677775	0.015058647	0.1285	16.0	199563.52009367943
243	-14.5135	6.41031	-5.684	-29.801	228.6875	-3.648997	2.1135366	0.65843296	-9.529341	976000	0.0	0.45923227	-0.008084912	-0.31344804	0.2646631	0.0087992195	0.0765	39.0	200420.7484817505
244	-11.769412	4.527337	-5.11	-22.089	189.0	-3.3216121	1.8927479	0.93104506	-7.969952	980000	2.2351742e-08	0.5238054	-0.008726163	-0.39490023	0.26484114	0.0065479777	0.0905	39.0	201099.6887049675
245	-13.376734	4.644204	-5.869	-23.022	207.06667	-3.3576505	1.9974138	1.5191554	-8.11826	984000	1.1175871e-08	0.4755717	0.0028579151	-0.34166092	0.2627076	0.016275544	0.241	2.0	201962.49708127975
246	-16.793182	3.818377	-11.614	-25.97	248.18182	-3.7215521	2.1598582	1.0259584	-8.546218	988000	2.9802322e-08	1.174088	-0.0084184	-0.9173112	0.26244402	0.009400926	0.09975	39.0	202909.58441090584
247	-11.7861	4.194497	-4.989	-18.449	187.55	-3.9137719	1.8369757	0.5542221	-8.221145	992000	6.9849193e-09	0.8375978	-0.009274753	-0.74066067	0.2644456	0.008312718	0.0935	39.0	203486.85331606865
248	-15.060615	6.520165	-6.333	-27.333	249.6923	-3.6660585	2.35682	0.99914944	-9.250215	996000	2.9802322e-08	0.9626285	-0.00895852	-0.69732004	0.26012176	0.006323237	0.09025	39.0	204512.79556059837
249	-16.086748	14.846044	-5.751	-59.973	271.0	-3.1934628	2.0960696	0.2887752	-9.152046	1000000	7.4505806e-08	3.8535721	0.014582148	-3.4461656	0.2517485	0.023761213	0.3595	6.0	206410.06571006775
250	-12.391999	3.6147673	-5.347	-18.689	194.5	-3.1802366	1.9432333	1.6460193	-8.203419	1004000	-1.4901161e-08	2.0959034	-0.008288987	-1.8774471	0.25171608	0.0068382826	0.06575	39.0	207893.26677179337
251	-14.976	3.760427	-8.605	-23.403	221.0625	-3.7880397	1.9284992	0.12716112	-8.860708	1008000	-2.2351742e-08	1.3254608	-0.007987253	-1.0655115	0.24438739	0.009693799	0.102749996	39.0	208559.74800515175
252	-121.24813	373.8885	-7.215	-1468.285	264.92856	-3.7732115	2.0089755	1.7359957	-8.750365	1012000	-7.450581e-09	26074.2	-0.0015714429	-3378.218	0.24197431	0.015102671	0.106	3.0	210513.13312005997
253	-13.11075	4.4800463	-6.303	-20.895	207.75	-12.288719	17.587044	-0.09684789	-62.338318	1016000	-8.195639e-08	390.21783	-0.002335052	-386.72443	0.24197587	0.018263921	0.17525001	3.0	211272.4354724884
254	-12.287474	5.08012	-5.034	-23.238	190.05263	-3.4237187	0.8780435	-0.85692334	-4.7573843	1020000	7.450581e-09	3.9165485	-0.008312795	-0.7249828	0.24186702	0.008413748	0.08125	39.0	211908.46151065826
255	-13.667285	5.481089	-7.979	-27.172	209.64285	-3.2844274	0.49479586	-2.2826262	-4.7837877	1024000	3.7252903e-09	4.7093177	-0.0075984206	-1.8136389	0.23916782	0.0066509265	0.06649999	39.0	213546.39899492264
256	-16.007765	7.8607006	-6.895	-43.85	219.29411	-3.7889273	0.6931432	-2.1700904	-4.9090314	1028000	-1.1175871e-08	14.422398	-0.006245492	-2.1613586	0.23619466	0.0066237794	0.10075	39.0	214244.77984952927
257	-13.721572	2.3992455	-9.707	-17.921	211.5	-4.616926	0.5517244	-3.3146317	-5.5806613	1032000	-3.7252903e-09	3.840562	-0.01054767	-0.98186076	0.23680292	0.010359453	0.13	39.0	215163.4113855362
258	-18.60918	13.022472	-8.962	-58.25	296.63635	-3.3518496	0.7869387	-1.2067531	-4.482141	1036000	4.0978193e-08	4.0165434	-0.01046471	-1.5823034	0.22473161	0.0063913353	0.100999996	39.0	217021.0572361946
259	-13.849125	6.7288384	-5.125	-30.024	215.5	-4.122428	0.45770854	-2.640685	-5.547005	1040000	-7.450581e-09	3.707198	-0.013102125	-0.9539037	0.22024935	0.009698156	0.135	39.0	217886.20228219032
260	-16.0638	8.731335	-4.81	-38.183	251.8	-4.0032334	0.7393357	-2.1908348	-5.1238937	1044000	-9.313226e-09	3.0932677	-0.0083684875	-0.4510769	0.20622882	0.008798459	0.08775	39.0	219139.55905270576
261	-12.977133	5.1199236	-7.774	-29.709	198.33333	-4.120399	0.7405939	-1.9520544	-5.4699264	1048000	4.656613e-09	2.813673	-0.007475096	-0.7556077	0.19946852	0.0049106497	0.072	39.0	220740.46949243546
262	-13.557353	4.22098	-7.752	-21.347	208.35294	-3.7619677	0.6185845	-1.9557253	-5.1772404	1052000	-1.6763806e-08	3.644736	-0.010224143	-0.71455055	0.19931398	0.010399973	0.095	39.0	221300.64921331406
263	-12.017876	4.7810903	-6.095	-24.44	191.625	-3.7960725	0.8097168	-1.8749546	-6.2872925	1056000	7.450581e-09	2.7803602	-0.008382892	-0.79689324	0.1952578	0.0059304647	0.0725	39.0	222649.48612117767
264	-16.250547	4.6115155	-6.145	-23.282	245.27272	-4.3103933	0.84554666	-2.879046	-6.5848336	1060000	-3.3527613e-08	3.3431845	-0.007017536	-0.9163661	0.19410549	0.0047042686	0.06825	39.0	223994.5786178112
265	-14.104934	6.903062	-5.779	-27.558	225.13333	-4.053604	1.0537424	-1.5843683	-6.078326	1064000	1.4901161e-08	3.4961643	0.006566342	-0.6876024	0.19213612	0.025455393	0.31725	10.0	225085.40428090096
266	-12.024799	5.0840983	-6.362	-27.4	194.53334	-3.7114894	0.8527486	-1.999255	-4.923121	1068000	-2.4214387e-08	2.8026683	-0.008609311	-0.36534178	0.191381	0.010768877	0.0845	39.0	226148.6239414215
267	-15.683385	7.82053	-8.057	-33.631	249.23077	-3.7771113	0.87108976	-1.7169819	-6.350445	1072000	2.7939677e-08	2.5720897	-0.009556066	-0.48791578	0.18405567	0.008409467	0.12275	39.0	227266.48510599136
268	-16.0125	5.6531873	-5.874	-24.618	243.58333	-4.009224	0.9445629	-2.1115825	-6.6139584	1076000	0.0	2.7988534	-0.01166353	-1.0451951	0.1831673	0.0053825392	0.120000005	39.0	228510.29772543907
269	-14.105801	6.366297	-6.326	-31.611	217.33333	-4.311036	1.1578515	-0.45470613	-7.4631214	1080000	-1.1175871e-08	2.9199924	-0.009300837	-1.3222167	0.17958201	0.011343656	0.1115	39.0	229508.80326414108
270	-15.08943	8.135049	-4.575	-34.262	238.0	-3.5766573	1.292559	0.53132534	-6.588901	1084000	-2.2351742e-08	2.8595223	-0.007726662	-1.4620908	0.17786184	0.0054370603	0.063	39.0	230605.73144602776
271	-14.688785	6.0124784	-8.549	-31.96	228.42857	-3.684891	1.0084904	-1.1793423	-6.699293	1088000	3.7252903e-08	2.456889	-0.010291517	-1.0919434	0.16469662	0.006761797	0.10075	39.0	231632.8619301319
272	-11.959842	4.7303243	-4.974	-23.024	190.78947	-3.8088882	1.2982355	-0.019472122	-7.0864954	1092000	1.8626451e-09	2.4467807	-0.009126838	-1.2382894	0.157159	0.008740189	0.0925	39.0	232312.16105246544
273	-10.800096	3.774787	-4.886	-19.101	172.38095	-3.3753328	1.2582316	0.1783526	-7.151062	1096000	7.450581e-09	2.3698528	-0.010346312	-1.2854235	0.14714275	0.004318351	0.09525	39.0	232791.42798638344
274	-15.035199	5.5755267	-6.546	-23.499	230.0	-3.5936282	1.0498911	-0.57261777	-6.581587	1100000	7.450581e-09	6.3647156	-0.0015917355	-4.7188544	0.13701375	0.019157685	0.22425	9.0	234475.53298902512
275	-11.666471	3.1406343	-4.951	-16.932	186.88235	-3.9878302	1.5255883	0.06415379	-7.1779037	1104000	-2.6077032e-08	2.0802217	-0.01101184	-1.3491193	0.13513778	0.010146169	0.12	39.0	235149.9263329506
276	-14.917666	8.03192	-3.634	-34.413	225.86667	-3.562091	1.1756353	-0.4289618	-6.7742014	1108000	-3.7252903e-09	2.4507613	-0.007954977	-1.3062553	0.12904824	0.0040439065	0.074750006	39.0	236386.9650759697
277	-12.600401	4.2012687	-4.397	-18.128	205.06667	-3.6508718	1.3742062	-0.3358897	-7.2855783	1112000	1.8626451e-09	1.4806337	-0.0009903526	-0.98826224	0.1269226	0.017850466	0.22775	2.0	237024.94872784615
278	-13.132764	4.9056263	-4.908	-21.919	209.23529	-3.7066622	1.6713861	-0.12381703	-8.254832	1116000	0.0	1.4691647	-0.0090422705	-1.062851	0.12680435	0.0062444312	0.0655	39.0	237593.32593297958
279	-13.611563	4.0187593	-5.437	-21.545	214.25	-3.7403662	1.4257438	0.53911537	-7.2355027	1120000	-1.6763806e-08	1.0966375	-0.0088880565	-0.6646824	0.12574477	0.0075524645	0.09324999	39.0	238171.36539030075
280	-12.250444	4.986185	-5.613	-23.866	191.94444	-3.1082034	1.4549237	2.0560107	-6.675085	1124000	-1.8626451e-09	1.4927797	-0.009863983	-1.0086658	0.11490439	0.007408323	0.1055	39.0	238864.0485472679
281	-17.053858	10.967172	-5.866	-41.657	259.2143	-3.8008912	1.5797571	-0.925807	-7.9537945	1128000	-1.4901161e-08	2.263483	-0.0070652515	-1.7437247	0.10064894	0.003437398	0.111999996	39.0	239982.81040263176
282	-12.247999	4.2520022	-6.735	-22.621	196.44444	-3.0981023	1.4834622	-0.43519062	-7.8342185	1132000	-9.313226e-10	1.2918013	-0.009022805	-0.9216439	0.08763891	0.0025791447	0.092999995	39.0	240648.4185423851
283	-14.549601	8.164358	-5.769	-38.389	243.4	-3.653648	1.6604505	-0.105887175	-7.7910614	1136000	0.0	0.9980137	-0.008133749	-0.6715278	0.07826803	0.016413787	0.15224999	13.0	241961.09609746933
284	-11.33855	5.3791685	-4.782	-28.611	185.5	-3.5848124	1.6454319	0.21497023	-7.950565	1140000	7.450581e-09	0.82415736	-0.00299317	-0.5881534	0.07477075	0.01832176	0.185	3.0	242808.23829436302
285	-11.655264	5.413409	-5.68	-27.091	184.21053	-3.484794	1.5533271	-0.3144483	-7.311676	1144000	2.2351742e-08	0.6168872	-0.007485786	-0.3983091	0.07404659	0.0076506706	0.077250004	39.0	243349.98328590393
286	-11.538737	4.3917494	-5.467	-19.268	182.3158	-3.4393985	1.7695076	0.5058276	-7.4730234	1148000	-1.4901161e-08	0.72752154	0.00063383207	-0.5064295	0.06996728	0.01603879	0.2895	10.0	244024.76291394234
287	-20.565546	22.18301	-4.501	-69.081	323.45456	-3.0191257	1.9406387	1.0161442	-8.817893	1152000	-5.9604645e-08	7.660995	0.0059145987	-6.8104696	0.06881152	0.01794112	0.25550002	6.0	245961.33280658722
288	-14.122471	5.4281206	-5.164	-24.299	217.35294	-3.8243022	1.3941852	-0.73133314	-7.5482144	1156000	7.450581e-09	1.678832	-0.008045469	-1.0962806	0.068124875	0.008049741	0.08975	39.0	246780.19123578072
289	-12.008055	4.306382	-5.342	-21.501	194.44444	-3.3936987	1.5764756	0.03293103	-7.9267855	1160000	2.9802322e-08	1.2391506	-0.008289569	-0.8545195	0.06572178	0.012887107	0.11625	39.0	247430.71523833275
290	-14.567	7.151468	-7.056	-32.176	234.76923	-3.3390496	1.8458178	0.035491645	-8.168788	1164000	1.4901161e-08	1.8044064	-0.007082034	-1.3656604	0.05258667	0.005493852	0.07924999	39.0	248387.1569559574
291	-15.336072	7.2838526	-8.54	-39.472	233.71428	-3.4822965	1.8549558	1.4077032	-7.6653743	1168000	2.2351742e-08	0.81444407	-0.0065335566	-0.56105804	0.041894607	0.005909506	0.097	39.0	249464.9139471054
292	-13.935733	6.7796135	-3.415	-30.448	221.13333	-4.1652675	1.6295028	0.3028571	-7.7963905	1172000	-3.7252903e-09	1.5110053	-0.009924566	-1.278645	0.037887912	0.0065877894	0.082	39.0	250230.76116609573
293	-12.935353	6.5048456	-4.829	-27.971	202.11765	-3.8498065	2.0630653	-0.306148	-8.873295	1176000	1.4901161e-08	0.9340879	0.0028557777	-0.6472458	0.039077107	0.016864456	0.28875	10.0	251055.87396383286
294	-12.240475	3.944937	-5.92	-23.671	194.47368	-3.849365	1.5552229	0.25311434	-7.575758	1180000	1.1175871e-08	0.7616998	-0.010614669	-0.56312346	0.038316917	0.005533101	0.09925	39.0	251597.4786887169
295	-10.777524	3.2405796	-6.056	-17.73	178.57143	-2.8214343	1.6315025	1.07089	-7.3879595	1184000	-2.2351742e-08	0.60537595	-0.0059199156	-0.4464624	0.03359589	0.015322048	0.18450001	21.0	252243.690012455
296	-12.869222	5.60638	-4.538	-28.062	194.44444	-3.737943	1.765901	0.16170168	-8.170832	1188000	0.0	0.68133765	0.00063863397	-0.48977286	0.03267837	0.01638645	0.215	2.0	252872.77982902527
297	-13.326942	6.327565	-3.193	-30.138	211.41176	-3.2822173	1.8452792	-0.115858614	-7.6900735	1192000	2.4214387e-08	0.65040445	-0.010008359	-0.3499827	0.03259112	0.013143919	0.11125	39.0	253987.76379847527
298	-10.90585	3.9845672	-4.984	-18.691	174.55	-3.4307833	1.6714396	-0.14980346	-7.7371655	1196000	0.0	0.6693677	0.0021169968	-0.4775605	0.030932268	0.015311235	0.2285	2.0	254660.16583442688
299	-12.781777	5.6637936	-4.981	-28.717	199.66667	-3.4783764	1.9138012	1.2197516	-7.669802	1200000	-3.958121e-09	0.75584257	-0.009909992	-0.5112344	0.03090859	0.008971943	0.1215	39.0	255400.3476550579
300	-13.700688	5.4991627	-4.587	-25.338	213.875	-3.8364446	2.0313053	0.11883432	-8.33276	1204000	-2.7939677e-08	0.4949567	-0.0076073525	-0.33499253	0.027380329	0.003153051	0.07925	39.0	256107.78917980194
