Epoch	AverageEpRet	StdEpRet	MaxEpRet	MinEpRet	EpLen	TotalEnvInteracts	AverageQVals	StdQVals	MaxQVals	MinQVals	LossPi	LossQ	Time
1	-102.96734	14.7440405	-89.561	-123.501	1000.0	2999	-2.2928534	0.45962018	-1.0755553	-3.6315455	2.2920518	0.001043259	208.7146167755127
2	-92.69134	5.871493	-84.638	-98.47	1000.0	5999	-3.078043	0.49777085	-1.885226	-4.077852	3.078658	0.00017801492	625.0924718379974
3	-89.34333	25.241518	-59.63	-121.333	1000.0	8999	-4.063966	0.49660757	-2.8384838	-5.305391	4.064517	0.0002125114	1040.7162070274353
4	-88.309326	13.87584	-71.192	-105.178	1000.0	11999	-4.8764367	0.5734637	-3.576276	-6.3400626	4.8766046	0.00020951338	4022.703536272049
5	-162.185	24.659466	-143.069	-197.003	1000.0	14999	-5.414285	0.700981	-3.9125671	-7.602345	5.4151773	0.00026921355	4486.16867685318
6	-106.71366	27.824488	-69.714	-136.814	1000.0	17999	-6.187437	0.9061084	-4.4099603	-9.817525	6.1883826	0.00038357908	7471.895094633102
7	-159.01868	17.891735	-144.662	-184.241	1000.0	20999	-6.9871116	1.2357856	-4.4010367	-11.654856	6.987652	0.0004633792	7735.53099489212
8	-73.203	79.896164	-8.152	-189.434	495.8	23999	-7.73747	1.6915336	-3.3287854	-14.025571	7.7377	0.0030938368	8461.519892930984
9	-178.26967	29.849035	-145.047	-217.434	1000.0	26999	-8.691905	2.3740256	-2.4929292	-16.460876	8.692208	0.0050316732	8939.555093050003
10	-145.29025	79.1072	-8.993	-200.702	786.25	29999	-9.603188	2.9131064	-1.7371787	-17.763075	9.60374	0.004210214	9347.085056066513
11	-108.09801	59.358345	-11.088	-172.376	802.0	32999	-10.313144	3.301634	-1.4555439	-18.809843	10.314126	0.002914063	9703.079015016556
12	-112.387	73.08062	-14.846	-190.746	743.3333	35999	-10.775106	3.5133476	-0.7937124	-19.716064	10.774224	0.0043026335	10015.425246238708
13	-139.42934	12.405158	-129.91	-156.951	1000.0	38999	-11.21291	3.7007852	-0.6944671	-20.692326	11.2113285	0.0037686918	10267.953404426575
14	-114.77999	65.45388	-15.21	-191.581	813.5	41999	-11.601903	3.8554373	-0.32213926	-21.165888	11.601886	0.003383484	10588.2593832016
15	-95.226006	89.24925	-7.578	-227.178	587.6667	44999	-12.157241	4.207823	0.1575988	-22.762793	12.157621	0.0033480008	11118.696022510529
16	-107.20901	72.26239	-9.646	-182.332	726.3333	47999	-12.331463	4.413565	0.3315503	-23.228966	12.331959	0.0033044259	11424.060257196426
17	-60.06837	62.608543	-5.738	-151.361	484.125	50999	-12.484581	4.464076	0.49273053	-23.728846	12.485137	0.0032889354	11936.816139698029
18	-73.397835	84.81455	-10.419	-202.839	464.66666	53999	-12.723038	4.6789722	0.7413109	-24.023037	12.723779	0.0042260857	12581.469042301178
19	-121.986244	66.41045	-12.986	-190.547	796.75	56999	-12.977315	4.827471	0.7050885	-24.304611	12.97745	0.006904923	13007.259500265121
20	-173.13867	28.852512	-138.489	-209.125	1000.0	59999	-13.187817	4.922889	0.6602538	-24.57526	13.188	0.0054022814	13275.871755123138
21	-73.2888	74.55107	-11.321	-173.572	509.0	62999	-13.422626	4.991927	0.705251	-24.801435	13.423247	0.0060768966	13828.648230075836
22	-90.779	66.36493	-9.765	-157.782	676.6	65999	-13.529595	5.0367255	0.8509093	-24.995949	13.529757	0.005202097	14241.988775014877
23	-119.48625	74.40563	-13.338	-189.82	791.5	68999	-13.596349	5.134236	0.65322095	-25.089117	13.596416	0.004945191	15673.901935815811
24	-182.14366	31.14037	-139.87	-213.971	1000.0	71999	-13.750407	5.2121577	0.59027994	-25.23853	13.750734	0.0072923107	15908.477140426636
25	-71.4702	77.71835	-4.264	-175.731	481.0	74999	-14.003206	5.3086863	0.6548246	-25.407255	14.003577	0.0057056467	16415.623646974564
26	-91.91059	61.846943	-13.46	-154.088	690.6	77999	-14.045013	5.304567	0.60996807	-25.525574	14.045475	0.005007537	16867.20621919632
27	-79.034744	64.31936	-13.629	-163.422	627.5	80999	-14.070936	5.299042	0.5206225	-25.538046	14.071573	0.0056815194	17278.585322618484
28	-119.204605	90.17085	-4.706	-227.298	673.0	83999	-14.19688	5.3719993	0.5409592	-25.55125	14.197247	0.004341226	17592.613478899002
29	-152.95567	27.847626	-115.58	-182.392	1000.0	86999	-14.273488	5.4323854	0.47987604	-25.671125	14.274477	0.0068862247	17861.438183546066
30	-131.09601	56.313618	-52.971	-183.545	1000.0	89999	-14.332111	5.473469	0.34058672	-25.705141	14.3328285	0.005136336	19166.69980597496
31	-144.719	73.358604	-17.879	-193.507	800.5	92999	-14.46404	5.4892306	0.3598152	-25.795631	14.464746	0.0048320326	19446.94917201996
32	-179.271	27.058016	-145.525	-211.768	1000.0	95999	-14.660035	5.4980106	0.30739614	-25.764366	14.660791	0.003558621	19642.879111528397
33	-167.524	21.439323	-147.947	-197.363	1000.0	98999	-14.750132	5.4870625	0.50609124	-25.868256	14.750817	0.0051771183	19839.231856822968
34	-79.75459	77.35597	-11.976	-184.679	550.8	101999	-14.828775	5.5090337	0.3536036	-25.807333	14.829521	0.005194398	20448.908524513245
35	-171.33968	31.03754	-139.931	-213.598	1000.0	104999	-14.884682	5.532221	0.4201842	-25.792538	14.885339	0.0044585313	20868.41587638855
36	-154.26166	43.78813	-119.521	-216.027	1000.0	107999	-14.921615	5.514463	0.4154179	-25.852583	14.922086	0.004527539	21101.647438049316
37	-100.7622	78.703255	-5.74	-197.138	653.0	110999	-14.991398	5.5256033	0.3065976	-25.78743	14.991864	0.0049835905	21356.542073726654
38	-94.35367	57.637955	-13.577	-144.205	737.3333	113999	-14.985779	5.515366	0.20928074	-26.045963	14.986285	0.0034492041	21650.43343257904
39	-118.84975	59.80457	-16.259	-164.521	803.0	116999	-14.969187	5.4856453	0.27528405	-26.07472	14.969746	0.0047664316	21984.99584388733
40	-137.85367	21.05235	-109.156	-159.068	1000.0	119999	-15.00884	5.432784	0.0031415075	-25.8365	15.009104	0.0047081155	22185.635301351547
41	-78.103676	64.15639	-9.933	-163.995	608.6667	122999	-14.974089	5.4063888	0.08397746	-26.050804	14.974592	0.004153968	22634.17930841446
42	-117.594666	69.16175	-20.825	-178.298	762.3333	125999	-14.9307165	5.4285874	0.028900713	-25.944736	14.931185	0.004766971	22938.080488443375
43	-112.35075	61.54569	-26.727	-199.429	846.5	128999	-14.962633	5.4328084	0.036403	-25.957623	14.962734	0.005834928	24793.276277065277
44	-115.29799	86.652626	-9.212	-202.509	659.8	131999	-14.980717	5.4355283	0.03965658	-26.002111	14.981463	0.0054325326	25076.3102684021
45	-67.499	41.15523	-9.663	-102.063	728.3333	134999	-14.923335	5.486616	0.17959544	-25.92893	14.923867	0.0045963344	27720.178747415543
46	-118.78719	88.6522	-13.12	-223.661	704.4	137999	-14.921998	5.5384088	0.06552678	-25.966608	14.922584	0.005590266	28173.140241146088
47	-125.45575	65.488846	-15.24	-187.258	806.5	140999	-14.960208	5.5172	-0.020567074	-25.937891	14.960838	0.0056599127	28449.38497376442
48	-168.73334	10.573313	-154.98	-180.692	1000.0	143999	-15.037032	5.514476	0.0001603514	-25.963093	15.037789	0.0057825227	28667.212416887283
49	-86.1635	82.822876	-7.051	-209.331	586.5	146999	-15.05776	5.5228486	-0.05343011	-25.889555	15.05871	0.005770116	29028.088128566742
50	-169.56067	18.397915	-151.818	-194.913	1000.0	149999	-15.10058	5.5114794	-0.08763112	-25.972883	15.101336	0.006492785	29323.55625629425
51	-46.502445	64.07871	-6.734	-200.429	383.33334	152999	-15.078872	5.5424914	-0.010167107	-25.988117	15.079589	0.0044164383	30240.211947202682
52	-120.64975	64.33268	-14.78	-188.693	809.25	155999	-15.033508	5.5857997	-0.036322415	-25.996393	15.034123	0.0063907267	30480.80570292473
53	-63.1105	75.18807	-5.736	-195.133	456.0	158999	-15.002447	5.604338	-0.042587474	-25.886068	15.00308	0.005483986	30892.52891588211
54	-150.72801	31.455708	-117.29	-192.856	1000.0	161999	-14.994842	5.612616	-0.02552542	-25.934273	14.995159	0.00469711	31095.590992450714
55	-149.943	61.263344	-68.133	-215.549	1000.0	164999	-15.06357	5.6147017	0.027372196	-25.891874	15.064044	0.0044834106	32525.378349542618
56	-169.96533	14.475744	-151.974	-187.42	1000.0	167999	-15.075847	5.612854	0.17359473	-26.208992	15.076168	0.0051583997	32721.791469812393
57	-117.696	64.46965	-14.409	-179.907	807.0	170999	-15.106675	5.5968175	0.040779456	-25.837212	15.106508	0.0050516925	33005.71039557457
58	-152.07666	18.80203	-125.531	-166.68	1000.0	173999	-15.092981	5.5597706	0.17498171	-25.899656	15.092841	0.004570986	33206.3816049099
59	-100.291504	89.43879	-10.034	-190.652	588.75	176999	-15.129105	5.5667863	0.15697362	-25.854858	15.129322	0.005659091	33538.11225295067
60	-114.22775	67.01217	-8.889	-193.905	788.5	179999	-15.162204	5.5669804	0.18263829	-25.904528	15.162481	0.004634868	33790.27548766136
61	-142.3695	69.78469	-22.638	-197.886	833.5	182999	-15.148365	5.569445	0.13132152	-25.926298	15.148854	0.004866114	34273.046365737915
62	-79.7395	74.23019	-7.885	-184.478	580.75	185999	-15.182783	5.577699	0.2766951	-25.952147	15.183065	0.0033425565	36036.91056895256
63	-98.1442	73.03418	-6.685	-171.709	658.8	188999	-15.175029	5.5758176	0.18340865	-26.026129	15.175318	0.006664842	36349.97783088684
64	-149.639	85.19353	-4.128	-212.142	771.75	191999	-15.216345	5.5691085	0.3410075	-25.846973	15.216698	0.0050953203	37147.37715911865
65	-123.00033	29.627012	-81.114	-144.833	1000.0	194999	-15.205698	5.5911217	0.060798913	-25.881193	15.206052	0.0042620883	38060.58363747597
66	-109.93526	60.701862	-7.966	-162.977	782.25	197999	-15.19854	5.5567827	0.17231801	-25.804972	15.198982	0.004668585	38332.017011642456
67	-150.359	12.484217	-134.207	-164.609	1000.0	200999	-15.210905	5.5316186	0.104546994	-25.820597	15.211297	0.004605478	38556.19440507889
68	-127.888336	8.182204	-118.123	-138.147	1000.0	203999	-15.16301	5.510551	0.09947777	-25.759394	15.163617	0.0042438265	38760.94446015358
69	-108.2682	79.93259	-12.106	-217.933	681.4	206999	-15.17056	5.5009675	0.18929294	-25.865973	15.170646	0.004589612	39192.03095126152
70	-120.764	74.32107	-15.684	-175.323	743.0	209999	-15.200501	5.513411	0.14673454	-25.805948	15.200884	0.0047184667	39549.884868860245
71	-84.89749	70.49683	-11.722	-170.722	612.5	212999	-15.229217	5.5031576	0.23479241	-25.847532	15.229758	0.0052865087	39903.035494565964
72	-81.452255	76.97624	-5.794	-186.371	572.0	215999	-15.198112	5.5179963	0.24198559	-25.970493	15.198207	0.004897608	40206.32919859886
73	-160.73	27.083082	-122.594	-182.876	1000.0	218999	-15.21619	5.5114355	0.20636845	-25.79359	15.216659	0.00540802	40404.0839407444
74	-81.7148	59.969387	-8.938	-153.534	671.2	221999	-15.190817	5.506027	0.11501357	-25.869555	15.191089	0.0052441023	40824.01939892769
75	-111.07025	62.397064	-11.077	-181.837	790.0	224999	-15.166781	5.5026193	0.28932703	-25.825354	15.167024	0.0033668687	41133.877091646194
76	-92.60433	37.20658	-63.743	-145.137	1000.0	227999	-15.118365	5.5116224	0.2067028	-25.88788	15.118599	0.0035916106	43802.37326836586
77	-129.13875	72.9715	-11.897	-208.549	789.5	230999	-15.114424	5.5160437	0.21067789	-25.80266	15.114431	0.003373784	44058.931607961655
78	-107.47833	73.33357	-55.302	-211.187	1000.0	233999	-15.110951	5.550022	0.12983868	-25.912237	15.111375	0.006039332	46577.28110957146
79	-123.95367	49.717728	-57.501	-177.075	1000.0	236999	-15.048043	5.5813484	-0.025210947	-25.896688	15.048244	0.0047692596	47744.66612672806
80	-106.67775	77.771095	-6.852	-182.627	780.5	239999	-15.01647	5.609981	0.045971096	-25.850794	15.016487	0.00298717	49120.00106859207
81	-80.99025	75.830536	-5.19	-180.778	564.75	242999	-15.01186	5.61099	0.1519545	-25.879473	15.012065	0.0039842534	49452.66163253784
82	-105.291794	79.99605	-11.327	-197.361	673.6	245999	-15.024897	5.606992	0.04506448	-25.91668	15.025173	0.0036226558	49794.948672771454
83	-138.886	39.54002	-88.698	-185.334	1000.0	248999	-15.032982	5.6000314	0.06638017	-25.903482	15.033323	0.0044172397	51160.96861553192
84	-142.466	21.654682	-121.385	-172.244	1000.0	251999	-15.0034	5.600981	0.22780845	-26.006943	15.003838	0.004789577	51367.632652044296
85	-170.50833	19.238281	-143.5	-186.855	1000.0	254999	-15.049724	5.58225	0.14230675	-25.923637	15.050126	0.0043131337	51726.46111083031
86	-109.4276	81.830864	-9.92	-201.987	666.2	257999	-15.058483	5.5841417	0.13832045	-25.906267	15.058913	0.0035251637	52147.17734217644
87	-80.54299	85.51927	-5.278	-193.222	493.6	260999	-15.12257	5.5586085	0.24811563	-25.887941	15.122911	0.004206145	52733.75891661644
88	-149.12599	8.9032345	-137.915	-159.695	1000.0	263999	-15.106809	5.5785503	0.24441156	-25.902496	15.107387	0.004800127	52971.48608112335
89	-188.08467	9.587072	-176.269	-199.751	1000.0	266999	-15.1502	5.5583	0.16683748	-25.937536	15.150625	0.003948649	53169.62972140312
90	-178.45801	5.8976693	-174.11	-186.796	1000.0	269999	-15.17746	5.5622516	0.32738635	-25.944489	15.177792	0.0038092148	53367.1322054863
91	-117.33699	67.942795	-3.777	-184.243	770.75	272999	-15.190695	5.54472	0.31757063	-25.954563	15.191029	0.004639695	53626.16561341286
92	-143.253	26.866318	-114.059	-178.909	1000.0	275999	-15.217442	5.5287447	0.6181668	-25.92911	15.217777	0.0039582597	55143.80444931984
93	-140.76524	74.94321	-16.244	-204.217	797.75	278999	-15.253656	5.543994	0.58925617	-26.006948	15.254112	0.005089828	55425.86149954796
94	-108.57133	57.059277	-28.051	-153.414	801.6667	281999	-15.247227	5.5214224	0.5373807	-25.970722	15.247356	0.003432891	55901.32443332672
95	-134.20268	12.27113	-116.882	-143.794	1000.0	284999	-15.21096	5.503702	0.30374774	-25.963686	15.211501	0.004757142	56124.94371628761
96	-118.430244	66.75977	-10.092	-186.464	787.5	287999	-15.2202635	5.500502	0.23926613	-25.932346	15.220732	0.004242144	56422.31241416931
97	-94.112	68.5419	-8.031	-162.533	677.6	290999	-15.200343	5.4937906	0.17899895	-26.035883	15.200941	0.0039696204	56823.217436790466
98	-126.91074	66.384636	-16.447	-191.153	811.75	293999	-15.222297	5.4836555	0.18843558	-25.938837	15.222743	0.0041667214	57160.032629966736
99	-119.591675	43.836304	-73.08	-178.343	1000.0	296999	-15.20661	5.476495	0.18245178	-26.004545	15.207121	0.004811861	59768.40458726883
100	-119.20267	73.885925	-14.725	-172.858	724.6667	299999	-15.210535	5.4823146	0.15127605	-25.906298	15.211005	0.004418476	60004.079572200775
101	-96.8458	72.9183	-11.56	-200.893	678.2	302999	-15.20992	5.475807	0.23855993	-25.987318	15.21056	0.004964994	61739.2896335125
102	-97.1034	73.4514	-11.036	-201.4	686.2	305999	-15.194655	5.4783525	0.19771451	-25.920063	15.194875	0.003894858	62213.31819200516
103	-180.571	6.1972632	-173.282	-188.43	1000.0	308999	-15.2167635	5.482132	0.37282804	-25.997545	15.217281	0.0058109565	62507.252393722534
104	-172.38469	18.83536	-147.637	-193.292	1000.0	311999	-15.240929	5.481608	0.2301034	-26.013111	15.241322	0.0038332276	62797.205219984055
105	-175.915	20.289297	-153.48	-202.624	1000.0	314999	-15.292269	5.4728727	0.19939041	-25.96651	15.292683	0.002806489	63090.61900925636
106	-63.879333	70.706566	-11.095	-178.827	478.0	317999	-15.277567	5.4689403	0.3948287	-25.970032	15.278021	0.004746922	63579.50021934509
107	-149.43599	29.033155	-115.578	-186.48	1000.0	320999	-15.274043	5.468872	0.37577114	-26.008764	15.274538	0.003972243	63860.768023490906
108	-175.414	11.884185	-158.68	-185.134	1000.0	323999	-15.291759	5.4578648	0.26481655	-25.963694	15.292181	0.0054013263	64112.51688218117
109	-137.28226	77.116776	-12.463	-209.883	797.25	326999	-15.326832	5.4386683	0.3402604	-25.9689	15.327123	0.004174901	64428.067922115326
110	-79.819	70.11047	-9.338	-170.268	595.0	329999	-15.320421	5.445817	0.35144183	-26.122501	15.3207655	0.004960366	64785.20035076141
111	-114.86425	64.82942	-11.229	-190.124	797.0	332999	-15.299947	5.448044	0.40470392	-25.899471	15.300225	0.0028761155	65067.373606681824
112	-147.851	25.452007	-116.262	-178.589	1000.0	335999	-15.286393	5.4364457	0.43563223	-25.992641	15.286862	0.0034970895	65539.97778558731
113	-158.802	30.0061	-116.404	-181.536	1000.0	338999	-15.303122	5.4171376	0.40679893	-25.944458	15.3037	0.0040728864	65779.5051445961
114	-159.16432	25.670671	-122.867	-177.907	1000.0	341999	-15.32815	5.410006	0.43693042	-26.004385	15.328719	0.0037077987	66007.82716822624
115	-129.85039	94.69056	-11.153	-229.781	696.8	344999	-15.35923	5.415535	0.31689343	-25.973242	15.359766	0.0035673669	66475.8050711155
116	-160.23	23.593868	-128.233	-184.423	1000.0	347999	-15.38914	5.427568	0.194709	-26.128605	15.389972	0.0036545645	66857.61634969711
117	-81.77367	55.699047	-17.184	-153.116	741.6667	350999	-15.375406	5.4312415	0.3514577	-26.04172	15.376194	0.0046557337	68560.54008960724
118	-118.0885	61.530727	-11.831	-159.495	797.75	353999	-15.374697	5.427021	0.3481997	-26.208527	15.375079	0.0033835424	68803.55438685417
119	-130.56099	9.074039	-118.154	-139.603	1000.0	356999	-15.346253	5.4211664	0.40202504	-26.082977	15.346798	0.004124649	69002.33514618874
120	-160.691	14.756232	-141.73	-177.72	1000.0	359999	-15.356849	5.3898396	0.37449235	-26.043835	15.3573885	0.0036456757	69201.06147360802
121	-144.12033	40.298172	-106.805	-200.082	1000.0	362999	-15.371618	5.383178	0.43067214	-26.025475	15.3719425	0.0038719114	70100.15786957741
122	-84.489334	81.50217	-8.65	-228.949	598.8333	365999	-15.359172	5.391243	0.41842812	-26.018633	15.359479	0.0034499934	71091.94544434547
123	-158.68866	22.484833	-142.411	-190.484	1000.0	368999	-15.366425	5.4028134	0.34737694	-26.056707	15.366784	0.00409245	71287.68613028526
124	-90.51276	78.90203	-10.091	-177.169	581.0	371999	-15.330468	5.391029	0.3381255	-26.057262	15.330808	0.0038409145	71626.0040602684
125	-149.88234	31.343626	-113.206	-189.779	1000.0	374999	-15.3571	5.3949614	0.23737752	-26.083055	15.357542	0.003616862	73187.48888134956
126	-127.54425	67.56842	-13.441	-185.265	789.0	377999	-15.350057	5.394632	0.34365183	-26.135077	15.350455	0.0035728146	73401.0894382
127	-160.06633	18.962488	-144.08	-186.706	1000.0	380999	-15.356684	5.37961	0.34938	-26.059483	15.356822	0.004041513	73669.25405859947
128	-95.4584	74.218506	-7.223	-191.45	662.4	383999	-15.367053	5.3677073	0.4758779	-26.05421	15.367294	0.003605259	74048.64264464378
129	-86.326256	74.866455	-10.794	-171.353	579.5	386999	-15.388452	5.3697734	0.43469018	-26.159811	15.388615	0.0034652036	74396.7370352745
130	-101.962494	57.316845	-4.77	-147.712	774.75	389999	-15.334818	5.3778305	0.5051204	-26.112461	15.334798	0.0042453078	74627.05332159996
131	-111.725	81.8555	-7.966	-206.19	690.6	392999	-15.348777	5.3656235	0.52752674	-26.046473	15.348986	0.0031373177	74973.71719908714
132	-104.2014	81.40334	-7.776	-198.043	662.4	395999	-15.339048	5.3696785	0.40039554	-26.047844	15.339315	0.0032730913	75290.79888534546
133	-158.47566	37.71012	-124.751	-211.116	1000.0	398999	-15.36644	5.3780646	0.4047616	-26.157267	15.366581	0.0028658619	75577.35990381241
134	-172.26134	26.383722	-153.103	-209.569	1000.0	401999	-15.369846	5.3817477	0.45676768	-26.124226	15.370235	0.004375232	75879.82910490036
135	-73.899	54.409447	-16.143	-137.006	635.0	404999	-15.360144	5.400759	0.3293319	-26.0872	15.360753	0.003378106	76233.01338291168
136	-164.93967	26.942945	-139.685	-202.276	1000.0	407999	-15.382465	5.3742304	0.38754773	-26.128788	15.382799	0.00264858	76512.27685117722
137	-171.28865	30.245949	-143.246	-213.282	1000.0	410999	-15.389584	5.35575	0.5140963	-26.04607	15.389719	0.0025063385	76899.73653936386
138	-124.3512	92.18299	-4.453	-210.796	675.6	413999	-15.411592	5.37148	0.4509169	-26.07975	15.41169	0.0036282435	77495.54970765114
139	-90.4404	90.2061	-8.725	-203.778	548.6	416999	-15.435427	5.388497	0.44374442	-26.168692	15.435692	0.0037265772	78020.06615281105
