Epoch	AverageEpRet	StdEpRet	MaxEpRet	MinEpRet	EpLen	TotalEnvInteracts	AverageQVals	StdQVals	MaxQVals	MinQVals	LossPi	LossQ	Time
1	-100.41166	10.847227	-89.993	-115.372	1000.0	2999	1.2272477	0.5702396	2.3622274	0.14002301	-1.2279633	0.00024223438	117.59780430793762
2	-93.81033	10.304923	-81.999	-107.109	1000.0	5999	-0.10228657	0.5248913	1.0211582	-1.2744975	0.10215007	8.965988e-05	263.22820353507996
3	-92.45434	25.16142	-62.164	-123.771	1000.0	8999	-1.5301144	0.4687053	-0.3291054	-2.6496804	1.5298545	7.855432e-05	392.8975648880005
4	-127.92533	44.53076	-94.179	-190.846	1000.0	11999	-2.7082534	0.52223617	-1.433067	-4.802499	2.7077477	0.000116470976	523.3068604469299
5	-95.29767	19.674366	-68.139	-114.114	1000.0	14999	-3.6934366	0.74367255	-2.232343	-7.3356314	3.6902812	0.0001704309	650.9310445785522
6	-99.07133	19.156172	-78.997	-124.863	1000.0	17999	-4.5101457	0.959469	-2.6201339	-9.345379	4.5065403	0.0002588275	772.6483294963837
7	-80.12566	11.5105505	-70.146	-96.253	1000.0	20999	-5.275217	1.138162	-2.7506192	-11.0525	5.27189	0.00026860207	895.947457075119
8	-64.861336	2.8688383	-62.096	-68.815	1000.0	23999	-5.599024	1.5929505	0.025201261	-12.678129	5.595725	0.00034124	1017.827544927597
9	-80.621666	24.173689	-59.07	-114.38	1000.0	26999	-5.8274627	1.9194775	-0.526407	-14.048147	5.822681	0.00039296562	1144.5798223018646
10	-82.498	25.433086	-58.584	-117.722	1000.0	29999	-6.079933	1.9812866	-1.05271	-15.088003	6.0724974	0.0005054612	1266.207221031189
11	-148.59967	11.042406	-135.607	-162.599	1000.0	32999	-6.386953	2.0326896	-1.2873983	-16.076832	6.3796315	0.000507611	1390.2990326881409
12	-132.79433	27.991056	-97.045	-165.391	1000.0	35999	-6.79153	2.1722565	-1.4716315	-17.178288	6.7849374	0.00054756174	1515.0745084285736
13	-130.61667	47.51514	-73.41	-189.75	1000.0	38999	-7.2212358	2.4506426	-1.7236645	-18.062637	7.2143817	0.0006256829	1640.6980769634247
14	-121.901	42.180153	-62.896	-158.99	1000.0	41999	-7.5971923	2.7349274	-1.9289594	-18.837887	7.5878263	0.000673199	1762.7957677841187
15	-95.599335	33.030563	-61.421	-140.264	1000.0	44999	-7.8958306	2.983051	-2.1227047	-19.445791	7.8858085	0.00058829563	1886.1571924686432
16	-78.419334	30.860283	-50.115	-121.341	1000.0	47999	-7.970109	3.2052794	-2.0712078	-20.03335	7.9612527	0.00070053595	2009.5298233032227
17	-116.17501	64.51644	-58.449	-206.229	1000.0	50999	-8.249424	3.4460616	-2.1625774	-20.682804	8.24131	0.0008457921	2136.383719921112
18	-60.17633	5.3163238	-55.085	-67.513	1000.0	53999	-8.279968	3.6100314	-2.0257223	-21.03393	8.2646475	0.00071994594	2258.715763568878
19	-53.418667	10.557193	-39.026	-64.053	1000.0	56999	-8.143511	3.7313893	-1.9867307	-21.37933	8.126858	0.0007855402	2380.9644918441772
20	-55.903004	14.180158	-44.444	-75.885	1000.0	59999	-7.9759893	3.8482	-1.8811921	-22.131086	7.9584985	0.0007962847	2509.321036338806
21	-51.349	8.659606	-42.686	-63.177	1000.0	62999	-7.815074	3.9055686	-1.752914	-22.851208	7.7975845	0.00084993447	2637.126976251602
22	-58.496338	9.953279	-44.432	-66.026	1000.0	65999	-7.6923285	3.977316	-1.8438292	-23.502884	7.675472	0.00083802536	2759.9376509189606
23	-57.458332	10.684883	-46.682	-72.02	1000.0	68999	-7.5870075	3.9812548	-1.9373739	-23.98425	7.5705757	0.00084823166	2886.939237356186
24	-50.57733	10.148305	-43.039	-64.923	1000.0	71999	-7.457771	4.0164595	-2.0588884	-24.338394	7.440927	0.0008484284	3010.076098680496
25	-53.723003	3.9550657	-48.265	-57.511	1000.0	74999	-7.3107257	4.006722	-1.9740664	-24.778486	7.2939024	0.0008037173	3133.272268295288
26	-68.180664	1.1605086	-66.585	-69.311	1000.0	77999	-7.187495	4.001799	-1.9692817	-25.219732	7.1702623	0.0007922864	3256.7163639068604
27	-52.709003	13.716338	-33.359	-63.563	1000.0	80999	-7.1148677	3.9772475	-2.2289016	-25.670897	7.098052	0.0008352892	3381.3780715465546
28	-61.818665	7.5992503	-51.095	-67.793	1000.0	83999	-6.9866066	3.9488428	-2.120532	-25.834991	6.9684386	0.0007688459	3505.1291892528534
29	-54.19933	4.7946453	-48.113	-59.831	1000.0	86999	-6.8739405	3.9050963	-2.3522491	-26.105997	6.8563046	0.0008626972	3628.5570261478424
30	-54.18633	7.6409764	-45.784	-64.272	1000.0	89999	-6.7857356	3.8650358	-2.3052714	-26.116837	6.768435	0.0007714031	3752.7081825733185
31	-49.899998	4.601982	-43.746	-54.811	1000.0	92999	-6.678408	3.807686	-2.197104	-26.121136	6.6615443	0.00081907545	3876.514568567276
32	-53.702	4.0019054	-48.301	-57.867	1000.0	95999	-6.5860643	3.7612188	-2.069332	-26.03119	6.570403	0.00076409115	4000.5278470516205
33	-40.684338	10.357359	-29.493	-54.464	915.0	98999	-6.5325007	3.7148733	-2.0392168	-26.309586	6.5170207	0.001985852	4124.748387813568
34	-54.357	7.4380546	-46.608	-64.392	1000.0	101999	-6.46833	3.6799686	-2.0622828	-26.419956	6.453423	0.0017432267	4248.689337253571
35	-52.033	2.9625695	-47.935	-54.837	1000.0	104999	-6.421083	3.6575549	-2.0550644	-26.426619	6.406015	0.0017699877	4372.530049562454
36	-53.855667	13.84829	-35.92	-69.635	1000.0	107999	-6.332086	3.6038177	-2.0691986	-26.259596	6.3157964	0.0067056282	4505.6886830329895
37	-48.061665	10.689926	-33.441	-58.702	1000.0	110999	-6.2796206	3.5801885	-2.2722123	-26.400227	6.263768	0.0052193613	4629.409085512161
38	-56.282665	16.629774	-35.072	-75.686	1000.0	113999	-6.198	3.5379875	-2.460944	-25.95028	6.18294	0.0012361079	4765.52787899971
39	-43.507336	6.2209682	-35.944	-51.181	1000.0	116999	-6.14309	3.5141423	-2.2174573	-26.111032	6.127707	0.0031486854	4923.591351032257
40	-47.216663	3.8162558	-43.568	-52.485	1000.0	119999	-6.047868	3.4743981	-1.9696621	-26.288576	6.0323358	0.0040928563	5050.750172138214
41	-44.854	4.6894617	-39.17	-50.655	1000.0	122999	-5.98278	3.4418962	-2.2156363	-26.196898	5.9680233	0.001264729	5180.638686418533
42	-46.628666	10.036882	-32.726	-56.059	1000.0	125999	-5.922807	3.4079359	-2.0276415	-26.42234	5.9076614	0.0037923076	5310.943663597107
43	-55.411335	3.9995713	-49.971	-59.472	1000.0	128999	-5.86711	3.3788722	-1.8759066	-26.433304	5.8526616	0.0023422907	5438.750292778015
44	-43.995	1.3347243	-42.109	-45.005	1000.0	131999	-5.8188033	3.3371482	-1.948091	-26.307892	5.8047605	0.0014003424	5566.039484977722
45	-37.399	3.6073437	-32.966	-41.802	1000.0	134999	-5.7644467	3.3085637	-2.0835855	-26.373114	5.750476	0.0014359191	5693.007346868515
46	-40.785336	9.723879	-29.586	-53.296	1000.0	137999	-5.7033215	3.2729414	-1.8637619	-26.305916	5.689341	0.0022510558	5821.352398395538
47	-48.779003	4.55706	-45.072	-55.198	1000.0	140999	-5.6681833	3.2563577	-2.012324	-26.308296	5.6545486	0.0014358527	5949.1488564014435
48	-41.415665	7.109979	-35.249	-51.377	1000.0	143999	-5.6001606	3.2153196	-1.9788617	-26.30193	5.586108	0.0035703229	6076.562331199646
49	-50.16467	9.246746	-37.472	-59.236	1000.0	146999	-5.5583715	3.2015173	-1.7611463	-26.358866	5.5448184	0.0034402069	6204.241463661194
50	-27.987665	17.510557	-3.224	-40.373	779.3333	149999	-5.488721	3.1691923	-1.8049003	-26.17817	5.4748516	0.0041597486	6335.288444042206
51	-55.194996	4.582133	-50.04	-61.173	1000.0	152999	-5.4633555	3.1680715	-1.6421465	-26.186699	5.44992	0.0034567318	6461.891519784927
52	-53.347332	8.377227	-42.703	-63.174	1000.0	155999	-5.430813	3.1421304	-1.9181007	-25.907639	5.418417	0.0018031638	6589.413651943207
53	-46.067333	2.4356043	-44.175	-49.506	1000.0	158999	-5.38308	3.0995054	-1.9238393	-25.892073	5.369806	0.004315616	6716.875602245331
54	-35.554	16.924717	-7.663	-52.938	824.5	161999	-5.36459	3.1009805	-1.8414264	-25.94672	5.3516083	0.004178915	6844.78226017952
55	-34.57325	18.659843	-3.387	-52.921	810.25	164999	-5.311315	3.0715122	-1.8491727	-25.863821	5.296805	0.008546485	6976.385225057602
56	-28.7965	18.61044	-5.779	-54.959	775.75	167999	-5.265787	3.073228	-2.0118551	-25.848646	5.2527814	0.004757741	7104.647578716278
57	-24.757002	20.400805	-3.061	-48.768	655.5	170999	-5.1912527	3.0528617	-1.9361566	-25.812582	5.176295	0.01120342	7235.193357467651
58	-41.728333	3.3637161	-37.011	-44.618	1000.0	173999	-5.1377473	3.0940707	-1.8690504	-26.103443	5.1241784	0.006944813	7364.950887918472
59	-54.86533	6.3740306	-46.794	-62.377	1000.0	176999	-5.087924	3.0817442	-1.7163093	-25.948828	5.0730705	0.011264993	7491.670176029205
60	-29.16925	15.260142	-15.263	-53.888	802.75	179999	-5.036342	3.0784361	-1.4480351	-26.08818	5.0228124	0.009282442	7623.087446928024
61	-53.015335	5.132178	-47.508	-59.863	1000.0	182999	-4.9788303	3.0729516	-1.5836658	-26.027304	4.9649386	0.010524583	7751.461906671524
62	-34.84875	24.914448	-4.301	-60.349	743.25	185999	-4.9360633	3.077679	-1.484317	-26.096443	4.9225125	0.011599711	7880.252690076828
63	-35.942497	13.037424	-13.965	-46.239	866.5	188999	-4.8721533	3.0576134	-1.4102211	-26.165447	4.857206	0.01581839	8013.20879650116
64	-41.269	13.02897	-26.245	-58.019	899.3333	191999	-4.802807	3.0575612	-0.97822773	-26.207668	4.787076	0.017128687	8140.848582744598
65	-50.309998	4.991542	-45.934	-57.295	1000.0	194999	-4.7416286	3.0403738	-1.2054844	-26.00584	4.7270565	0.014418531	8267.704686641693
66	-41.316	15.477259	-19.428	-52.33	872.0	197999	-4.6759534	3.014987	-1.2217079	-26.037136	4.6602616	0.014957303	8404.532066345215
67	-36.67375	16.809141	-9.289	-54.993	877.25	200999	-4.6281104	3.0043428	-1.0385772	-26.02511	4.6136913	0.012616982	8533.109956979752
68	-44.599667	5.5665936	-37.728	-51.362	1000.0	203999	-4.5843472	2.9838917	-1.0626781	-26.137714	4.5693574	0.012866898	8663.320718288422
69	-29.39575	17.331966	-10.266	-49.389	740.0	206999	-4.535837	2.98556	-1.075198	-25.912136	4.5204554	0.019814983	8790.792820692062
70	-46.318005	19.901638	-18.173	-60.475	839.3333	209999	-4.4685698	2.9840467	-1.0080929	-25.996326	4.4526453	0.019137425	8918.610802650452
71	-30.119602	20.89948	-1.754	-50.061	706.8	212999	-4.41724	2.950424	-0.8659214	-25.860413	4.404512	0.019366823	9049.365263938904
72	-35.506332	12.791141	-18.159	-48.621	898.6667	215999	-4.4309263	2.935449	-1.0385935	-25.905157	4.4191236	0.02075467	9181.61568236351
73	-50.358	8.71446	-41.486	-62.202	1000.0	218999	-4.431308	2.9281237	-0.8952422	-25.95278	4.4193797	0.019907504	9308.520632743835
74	-39.802998	5.28113	-33.665	-46.557	1000.0	221999	-4.4221044	2.9353523	-1.0237918	-26.081804	4.4097776	0.020375347	9436.233191490173
75	-50.84167	1.85314	-48.881	-53.328	1000.0	224999	-4.3984394	2.9028273	-1.0086557	-26.10805	4.3865037	0.013895104	9568.015242099762
76	-50.273666	5.897641	-42.952	-57.394	1000.0	227999	-4.4004188	2.9003127	-1.235262	-26.232685	4.387831	0.021420244	9696.103818655014
77	-40.14267	5.451916	-33.38	-46.731	1000.0	230999	-4.370198	2.883439	-1.3243396	-26.106176	4.35816	0.02175276	9824.910970926285
78	-37.296333	0.72201324	-36.292	-37.958	1000.0	233999	-4.34205	2.8483336	-1.2367855	-26.337948	4.3291087	0.017263237	9952.799539089203
79	-38.868668	14.665482	-18.276	-51.303	897.0	236999	-4.3209023	2.8407013	-0.8699987	-26.338636	4.3076053	0.011736464	10079.691197156906
80	-40.82433	3.4175742	-38.051	-45.639	1000.0	239999	-4.292613	2.8256521	-1.1086963	-26.525927	4.2784624	0.016815703	10213.257513999939
81	-52.316998	4.9370394	-45.399	-56.593	1000.0	242999	-4.248636	2.7949536	-0.98129094	-26.328966	4.235307	0.0202855	10340.583287477493
82	-36.444496	19.93986	-3.191	-55.335	812.75	245999	-4.228834	2.766029	-0.7581495	-26.479036	4.2154317	0.013376173	10473.360952615738
83	-40.386997	18.082912	-16.989	-61.024	884.6667	248999	-4.218252	2.7590172	-0.90145415	-26.426744	4.2051296	0.017748293	10602.213668823242
84	-18.867666	12.988702	-7.903	-45.242	603.0	251999	-4.1713457	2.7416432	-0.92347884	-26.398825	4.1575418	0.021388408	10731.33449292183
85	-46.122334	4.280214	-40.072	-49.307	921.0	254999	-4.135532	2.755626	-0.6835827	-26.487766	4.121158	0.02018736	10859.068473815918
86	-18.131834	16.233742	-3.795	-45.839	553.1667	257999	-4.092146	2.7445555	-0.5518145	-26.562475	4.076901	0.023192955	10992.410116672516
87	-35.251	22.628778	-3.251	-51.555	754.3333	260999	-4.0248365	2.7343743	-0.5395774	-26.193228	4.00991	0.029091522	11123.725631713867
88	-37.7465	16.751772	-9.296	-51.866	828.5	263999	-3.9881504	2.7207234	-0.36569068	-25.96036	3.974343	0.02064762	11252.822049856186
89	-25.327	12.452724	-10.858	-45.041	761.75	266999	-3.9706483	2.732357	-0.39021432	-26.002512	3.95623	0.024852818	11381.155982255936
90	-38.844	12.7844	-18.548	-52.285	851.5	269999	-3.9448988	2.722092	-0.1912244	-25.922197	3.9316614	0.023637481	11510.44506907463
91	-48.327667	6.0045366	-41.843	-56.318	1000.0	272999	-3.931253	2.7041245	-0.12177853	-25.68122	3.9183788	0.022579052	11637.395756721497
92	-30.91975	17.984358	-3.103	-46.972	738.0	275999	-3.9347022	2.7227328	-0.11137104	-25.523129	3.9210188	0.02626289	11765.31242275238
93	-42.19367	4.443852	-38.486	-48.442	1000.0	278999	-3.8735893	2.7250187	0.13594748	-25.340809	3.8566322	0.034156024	11895.850263834
94	-28.22175	15.895813	-3.594	-42.824	719.0	281999	-3.8120503	2.729943	0.33759278	-24.995281	3.7968802	0.026610725	12028.687982559204
95	-27.850248	13.220026	-8.041	-45.149	740.25	284999	-3.7906337	2.7127013	0.41056126	-24.6338	3.7756348	0.024060272	12157.442382574081
96	-29.795664	8.676303	-18.01	-38.645	879.3333	287999	-3.737765	2.7215471	0.5185996	-24.243927	3.7224388	0.033226002	12290.735656738281
97	-38.77	5.345392	-34.766	-46.325	960.6667	290999	-3.6866589	2.7396576	0.60608876	-24.124825	3.6714127	0.025983986	12418.094831466675
98	-19.243502	16.380842	-4.244	-47.716	604.1667	293999	-3.668485	2.7357185	0.5837728	-24.004925	3.6538923	0.026608711	12550.870414495468
99	-46.163666	4.4821706	-39.876	-50.003	1000.0	296999	-3.6601012	2.7098036	0.635604	-23.840284	3.645942	0.02497392	12679.029007434845
100	-38.067333	4.5269203	-32.153	-43.147	965.6667	299999	-3.6362953	2.7333555	0.5073581	-24.211794	3.6213849	0.03304982	12807.172872066498
101	-18.379	22.053205	3.506	-53.05	541.5	302999	-3.602057	2.7156742	0.49500042	-24.218245	3.586763	0.024478313	12941.093407392502
102	-20.41575	15.509551	-0.472	-36.361	708.25	305999	-3.5786772	2.7123723	0.39492577	-24.204348	3.5634959	0.031144602	13071.810965061188
103	-35.483753	21.578735	1.702	-51.017	801.5	308999	-3.5552654	2.7053077	0.37681413	-24.115595	3.5412858	0.024710733	13204.342157363892
104	-41.69367	5.3663654	-37.158	-49.231	1000.0	311999	-3.5366883	2.7058058	0.50925136	-24.237654	3.5218685	0.029116644	13333.405525922775
105	-28.391333	11.4580555	-15.853	-43.55	686.3333	314999	-3.5110567	2.7078507	0.50334215	-24.33311	3.4955912	0.029549617	13461.2996571064
106	-31.201752	13.375929	-11.61	-45.213	852.75	317999	-3.491216	2.7035959	0.62107444	-24.471195	3.4780514	0.02729271	13589.931185722351
107	-35.821335	14.853967	-14.815	-46.429	861.6667	320999	-3.484636	2.692471	0.6276381	-24.43214	3.4708698	0.031007195	13718.027391195297
108	-14.650002	16.355246	0.594	-39.54	524.6667	323999	-3.4501808	2.6792924	0.6481576	-24.510164	3.4340982	0.031457238	13857.174238443375
109	-31.195002	19.949503	1.982	-49.898	746.4	326999	-3.4350777	2.6896052	0.91073406	-24.678482	3.4205322	0.027111985	13986.355369567871
110	-20.03275	12.289789	-11.117	-41.165	607.5	329999	-3.4198556	2.6859682	0.8415527	-24.731491	3.4042585	0.03166045	14120.803892612457
111	-40.016666	5.0313573	-34.566	-46.703	1000.0	332999	-3.3986907	2.6780684	1.0250247	-24.931318	3.3845026	0.036210556	14265.65543627739
112	-23.701801	17.654467	-6.509	-47.305	599.4	335999	-3.3802726	2.649618	1.0968826	-24.619171	3.367013	0.031198904	14408.981380939484
113	-18.291716	20.09236	0.853	-50.927	510.0	338999	-3.373569	2.6344771	1.3403231	-24.447914	3.3587418	0.036268007	14542.73654460907
114	-11.473801	5.3218155	-5.794	-20.125	421.6	341999	-3.3384795	2.620316	1.385969	-24.225689	3.323749	0.039389238	14636.303827762604
115	-32.849003	20.961514	-3.842	-66.87	788.0	344999	-3.3190444	2.6454144	1.663835	-24.27109	3.3044622	0.03487059	14731.071256160736
116	-43.20233	15.9925995	-23.19	-62.334	881.3333	347999	-3.298782	2.6608353	1.597739	-24.937197	3.2848418	0.040581144	14816.873545646667
117	-22.2236	17.553589	-0.337	-51.312	653.0	350999	-3.2823558	2.6787636	1.6030273	-24.437988	3.2680523	0.0395808	14906.083733081818
118	-37.65	14.116206	-17.738	-48.845	826.6667	353999	-3.2680185	2.6567037	1.5652745	-24.451387	3.2533588	0.032401595	14994.10702252388
119	-26.248999	18.402197	0.456	-46.058	701.4	356999	-3.246172	2.6245365	2.1074417	-24.368898	3.2312877	0.044092704	15081.892897367477
120	-26.902748	17.085884	-8.796	-51.085	709.0	359999	-3.2262843	2.6101894	2.305036	-24.557129	3.2113743	0.038063306	15172.870842456818
121	-36.570004	17.728668	-12.55	-54.804	802.6667	362999	-3.2176232	2.6327076	2.4652684	-24.610691	3.2034905	0.036982965	15268.23551106453
122	-39.658752	10.575186	-22.229	-50.581	943.0	365999	-3.2026038	2.6406903	2.493814	-24.645723	3.1881173	0.038281452	15343.85312962532
123	-46.20433	4.1170216	-41.745	-51.676	1000.0	368999	-3.1978164	2.6246004	2.2406693	-24.845922	3.183798	0.03856672	15393.215865135193
124	-20.476	17.580292	-3.797	-46.942	587.0	371999	-3.192231	2.6209476	2.3637543	-24.816126	3.1769297	0.03897111	15447.428825616837
125	-24.904598	16.096176	-10.149	-49.938	697.2	374999	-3.1780553	2.6433525	2.3586445	-25.173574	3.1642735	0.04267265	15501.235384941101
126	-37.45233	13.483015	-18.455	-48.37	860.0	377999	-3.1550071	2.6356416	2.2783217	-25.373226	3.1401374	0.038675155	15551.22099518776
127	-47.072666	3.4040983	-42.452	-50.553	1000.0	380999	-3.1472566	2.625307	2.408979	-25.460117	3.1330364	0.03633546	15600.666635036469
128	-22.3476	18.83321	1.317	-48.478	644.0	383999	-3.1419585	2.6232922	2.636829	-25.847303	3.1270087	0.036111493	15650.006536722183
129	-32.12225	16.780144	-13.772	-50.367	760.0	386999	-3.1301963	2.62798	2.5579228	-25.721348	3.1153743	0.047042247	15697.693855285645
130	-25.503752	16.849957	-8.191	-52.381	658.0	389999	-3.1107092	2.6090412	2.4433515	-25.802443	3.0958881	0.039176777	15745.003385782242
131	-28.099998	16.337496	-0.041	-40.657	798.75	392999	-3.0843754	2.6091218	2.5357113	-26.10253	3.0686536	0.045878295	15792.799357652664
132	-43.994	2.739581	-40.124	-46.088	1000.0	395999	-3.0706537	2.5892746	2.6397302	-26.178038	3.057265	0.04636859	15840.159556627274
133	-36.02925	19.784233	-7.277	-54.492	766.75	398999	-3.074057	2.615795	2.7150493	-26.397299	3.0590448	0.05102543	15887.607372283936
134	-25.7642	13.009454	-6.293	-42.445	686.8	401999	-3.0642178	2.6135283	2.6542222	-26.671053	3.0495098	0.033818033	15939.551233768463
135	-19.942999	18.235363	0.166	-48.766	562.5	404999	-3.0563045	2.596052	2.5762153	-26.974335	3.0405853	0.051262237	15989.460304737091
136	-33.279	16.624216	-5.992	-50.204	827.75	407999	-3.0266874	2.5698793	2.440584	-26.903444	3.0107086	0.04066524	16038.087363958359
137	-23.643166	19.74991	-2.907	-55.97	584.1667	410999	-3.015953	2.576736	2.2644567	-26.684685	3.0017676	0.042906668	16086.923665046692
138	-20.204199	24.657349	2.988	-54.009	525.0	413999	-2.9984422	2.5287898	2.395474	-26.663422	2.9826	0.0364938	16135.71069765091
139	-30.356333	12.469956	-12.766	-40.24	866.3333	416999	-3.0188901	2.544097	2.5405908	-26.593643	3.005411	0.041853447	16183.167995929718
140	-23.4114	15.066401	-4.051	-42.111	689.6	419999	-3.0016565	2.5364373	2.2596765	-26.508408	2.9858506	0.04508937	16231.838484048843
141	-20.73525	16.122534	-0.928	-41.129	645.25	422999	-2.9967103	2.518184	2.1129863	-26.355682	2.982142	0.039001916	16280.108825922012
142	-29.631601	18.54056	1.043	-47.488	762.2	425999	-2.9995644	2.5002685	2.090914	-26.50577	2.9853835	0.0413099	16328.535054206848
143	-18.9205	10.135917	-9.951	-36.003	635.0	428999	-3.0030932	2.5040514	2.0131369	-26.264778	2.9884489	0.03826262	16376.677170991898
144	-30.97367	14.285024	-10.976	-43.455	861.6667	431999	-2.9849687	2.495025	2.4268835	-26.08416	2.970213	0.047453243	16424.667825222015
145	-29.1556	16.14955	-10.009	-48.127	751.0	434999	-2.958977	2.4816446	1.9426174	-25.692646	2.9438608	0.053264286	16473.345289468765
146	-20.0504	17.079798	-7.146	-53.596	552.2	437999	-2.9330883	2.477922	2.0406313	-25.407862	2.9180162	0.047527388	16522.23693919182
147	-22.219198	19.20548	-0.764	-45.975	631.2	440999	-2.9206257	2.474924	2.2126203	-25.189146	2.9063177	0.044427596	16570.82308769226
148	-24.167	12.080437	-11.105	-40.881	720.0	443999	-2.9110181	2.4803016	2.584439	-25.445875	2.896256	0.04683863	16619.149700164795
149	-26.140251	13.871096	-9.808	-42.349	800.0	446999	-2.9205582	2.4823902	2.3251677	-25.718197	2.9069982	0.0382587	16667.62497162819
150	-28.80967	15.50296	-8.359	-45.879	780.3333	449999	-2.9002862	2.4799852	2.7047758	-25.766903	2.8856595	0.05139617	16715.124001264572
151	-33.208748	13.750154	-9.441	-42.404	850.5	452999	-2.898983	2.4953475	2.5659578	-25.56003	2.8856692	0.048535623	16763.06254172325
152	-38.650333	16.710785	-15.283	-53.392	819.6667	455999	-2.8957021	2.4762852	2.5889833	-25.219854	2.8817916	0.045302194	16810.725726366043
153	-36.3405	7.7760124	-28.264	-44.153	967.25	458999	-2.9048831	2.4557114	2.72862	-25.19398	2.8919456	0.042237636	16858.84631562233
154	-43.102337	1.2657187	-41.714	-44.775	1000.0	461999	-2.8913345	2.4308734	2.2913604	-25.292479	2.8767488	0.05514203	16906.90156173706
155	-15.7476	17.725285	0.576	-45.465	537.8	464999	-2.898496	2.4001174	2.1056197	-25.034601	2.885818	0.047913563	16960.78585410118
156	-29.515001	24.186474	2.598	-53.598	678.0	467999	-2.9282465	2.384593	1.941937	-25.119259	2.9164708	0.048463475	17012.701481580734
157	-29.3812	17.320162	-4.945	-44.842	718.2	470999	-2.9471824	2.370317	1.7723296	-25.198595	2.9347405	0.042808793	17063.10826063156
158	-26.227	15.517417	-8.447	-43.953	665.0	473999	-2.9768069	2.3621507	2.274743	-25.499836	2.9650533	0.047320385	17114.24320912361
159	-32.76525	16.199547	-5.437	-47.865	820.25	476999	-2.9984324	2.355797	2.1439273	-25.38888	2.9869833	0.049517386	17165.085380792618
160	-31.562668	9.458287	-18.44	-40.368	840.0	479999	-2.9754052	2.3333564	2.178013	-25.539118	2.9609323	0.057036348	17213.646179914474
161	-34.185	15.197408	-9.145	-47.488	845.75	482999	-2.9719322	2.363114	2.260505	-25.48847	2.9586277	0.04494338	17263.17312693596
162	-42.472	2.627111	-38.841	-44.969	1000.0	485999	-2.9692032	2.3353286	2.1915963	-25.886538	2.9557364	0.05265649	17315.814467668533
163	-30.932499	18.50676	-0.421	-49.932	801.25	488999	-2.967359	2.335439	2.1785755	-25.69452	2.9549127	0.048106465	17366.563797712326
164	-40.346	10.565099	-25.947	-51.0	930.0	491999	-2.9618201	2.3340993	2.5129523	-25.648893	2.947466	0.058916066	17479.922782421112
165	-35.666668	21.818893	-5.754	-57.182	765.3333	494999	-2.9242315	2.3047423	2.460253	-25.31814	2.9094994	0.047770325	17599.898941755295
166	-45.230335	8.747243	-38.186	-57.559	990.0	497999	-2.9220178	2.287545	2.29873	-25.285921	2.909401	0.05110849	17708.444826602936
167	-46.115665	5.2127633	-41.477	-53.397	1000.0	500999	-2.9065714	2.2589073	2.0593245	-25.065554	2.893104	0.05827797	17814.163287639618
168	-26.1768	15.759726	-6.921	-45.898	651.4	503999	-2.9311998	2.2643068	1.7983122	-25.080599	2.919667	0.050823767	17920.73171710968
169	-29.4396	21.327955	-3.109	-49.718	715.2	506999	-2.943157	2.2564712	1.6515884	-25.16979	2.9308982	0.056856558	18027.129068374634
170	-38.90767	2.6253936	-35.198	-40.896	1000.0	509999	-2.9424818	2.2590072	1.5562054	-25.006666	2.9303398	0.055484146	18132.60278749466
171	-42.588665	1.9732227	-40.599	-45.278	1000.0	512999	-2.9356642	2.2444715	1.5318425	-24.852493	2.9230456	0.045267414	18238.661673545837
172	-10.075666	6.628815	-0.406	-17.31	418.5	515999	-2.938186	2.2522142	1.5702174	-24.80006	2.9252264	0.059806895	18360.88299679756
173	-14.440572	12.948969	-2.991	-43.217	483.14285	518999	-2.9343882	2.2556837	1.7302861	-24.813652	2.9209905	0.042419206	18473.734208106995
174	-33.418	20.85369	-0.638	-56.57	803.5	521999	-2.92157	2.2548323	1.7504959	-24.871803	2.9086244	0.04718385	18579.894921064377
175	-29.496666	12.364227	-16.233	-45.996	748.6667	524999	-2.920611	2.2372816	1.7022357	-24.779575	2.9081504	0.057667088	18685.0964114666
176	-34.045002	15.494572	-9.62	-47.728	841.25	527999	-2.9025707	2.2383318	1.8381236	-24.529089	2.8882816	0.051964626	18792.455780267715
177	-20.826	13.881165	-1.181	-39.52	679.5	530999	-2.8991632	2.2351685	2.1592312	-24.84863	2.8854907	0.051476482	18899.09881544113
178	-30.043251	24.932312	2.684	-59.061	708.25	533999	-2.8830094	2.237415	2.0355265	-24.80962	2.8704407	0.05765448	19005.339134931564
179	-41.297	10.110067	-27.029	-54.765	962.25	536999	-2.8760366	2.2398722	1.9592532	-25.23544	2.8622122	0.048296783	19111.233218193054
180	-11.875999	11.851015	-1.716	-34.607	495.66666	539999	-2.8671293	2.265138	2.1457865	-25.078102	2.8538265	0.058595963	19219.576150894165
181	-11.549749	13.860859	2.842	-29.894	534.25	542999	-2.832819	2.268156	2.3226132	-25.473284	2.8181305	0.062714115	19326.39731144905
182	-38.5455	16.104023	-16.582	-57.995	873.0	545999	-2.8092654	2.2889993	2.2166073	-25.594475	2.7946355	0.054546647	19433.66823720932
183	-13.206143	15.091064	-1.808	-48.052	454.85715	548999	-2.7876568	2.293276	2.3051672	-25.599691	2.772928	0.056212906	19541.984716415405
184	-17.2145	15.624852	-0.182	-39.379	560.5	551999	-2.771631	2.330167	2.3958924	-25.599413	2.757483	0.05120044	19648.651421785355
185	-21.4564	14.766531	-6.053	-45.52	689.6	554999	-2.7694705	2.3092923	2.227268	-25.90895	2.7562318	0.055379283	19755.25652527809
186	-32.02275	13.663985	-8.702	-43.094	871.75	557999	-2.7664452	2.3078442	2.2171166	-25.636196	2.7523577	0.04741635	19862.664128780365
187	-28.365334	13.679728	-9.025	-38.443	776.6667	560999	-2.762658	2.3170722	2.4583633	-25.5766	2.7490876	0.05898424	19971.054579257965
188	-33.709198	24.345562	-1.658	-61.163	736.6	563999	-2.733884	2.3165262	2.7216115	-24.835876	2.7194695	0.05541046	20079.0264480114
189	-21.74725	15.199369	-3.92	-37.871	680.0	566999	-2.733363	2.3241632	2.8881114	-24.675737	2.719053	0.05197526	20185.199480056763
190	-36.987667	19.869783	-9.9	-57.005	800.3333	569999	-2.7192454	2.3185852	3.1320467	-24.58189	2.7052917	0.054092474	20291.252612113953
191	-35.604	14.6749735	-10.443	-47.384	850.0	572999	-2.7241597	2.2981834	2.8019826	-24.337477	2.710449	0.051851396	20397.423872470856
192	-22.2514	18.875916	2.561	-46.066	646.2	575999	-2.6990032	2.2732134	2.6475835	-24.602951	2.68498	0.05603289	20504.648641586304
193	-22.62	20.533403	-3.842	-53.836	603.0	578999	-2.688264	2.2712188	2.7216716	-24.38839	2.674015	0.0603426	20611.034326553345
194	-25.371832	19.652018	-1.265	-53.052	621.1667	581999	-2.6700451	2.2980251	2.6720495	-24.376575	2.6560667	0.05791195	20718.011538028717
195	-31.526667	16.535315	-8.159	-43.978	804.0	584999	-2.6638215	2.294131	2.743022	-24.57815	2.649822	0.05629367	20825.866478204727
196	-21.722599	17.507849	-1.232	-45.509	702.6	587999	-2.654485	2.2978323	2.8453166	-24.490202	2.6405256	0.047947053	20932.942721128464
197	-34.959667	9.552427	-21.62	-43.477	997.0	590999	-2.6638527	2.2790322	2.886341	-24.487274	2.6498094	0.053363107	21041.16858649254
198	-28.70525	21.061617	2.611	-52.289	770.25	593999	-2.6485126	2.273211	2.7930477	-24.502748	2.634638	0.055800237	21149.127410173416
199	-21.855251	13.178806	-7.218	-35.802	670.75	596999	-2.6400628	2.2795238	2.7581115	-24.463724	2.6258423	0.054587953	21255.36791586876
200	-15.7612	16.180037	0.291	-46.299	552.4	599999	-2.6392286	2.2678514	2.997516	-24.552513	2.625704	0.047525275	21362.754388332367
201	-21.9618	19.17274	-0.146	-45.761	629.2	602999	-2.635946	2.2753131	2.9153826	-24.728737	2.6217003	0.060243007	21470.062942504883
202	-36.020336	6.458913	-26.898	-40.986	1000.0	605999	-2.630598	2.2721379	2.7059083	-24.439657	2.617236	0.046022795	21575.80340027809
203	-20.5524	13.207923	-2.649	-37.475	692.6	608999	-2.6175854	2.2736108	2.6940825	-24.310394	2.6026368	0.061142333	21683.246506214142
204	-12.4416	10.644566	-0.513	-29.76	525.0	611999	-2.5883584	2.2932847	2.9332762	-24.12429	2.5732734	0.054991424	21790.455292463303
205	-45.66267	8.779469	-33.662	-54.421	1000.0	614999	-2.5345376	2.2952378	3.2366784	-23.848013	2.5181046	0.06161374	21897.58299255371
206	-15.803332	17.448414	-0.623	-43.828	514.3333	617999	-2.5134082	2.321335	3.1949368	-23.857422	2.49818	0.05434625	22004.931666612625
207	-13.251334	7.6951694	-4.742	-29.185	447.33334	620999	-2.4938514	2.3550076	3.294084	-24.239017	2.4774945	0.058601044	22112.20063138008
208	-20.522999	16.07547	-4.162	-44.693	619.8	623999	-2.4558487	2.3460126	3.112474	-24.323397	2.440885	0.058519892	22219.96868944168
209	-29.093502	14.68035	-17.775	-54.013	819.0	626999	-2.4524276	2.3426995	3.2972002	-24.485645	2.4367766	0.05462853	22327.404896497726
210	-22.2255	19.153648	-2.919	-46.059	673.75	629999	-2.4367847	2.355956	3.4218636	-24.734064	2.421369	0.051553894	22433.139884710312
211	-13.701333	15.020961	-0.565	-45.962	450.5	632999	-2.4503527	2.354616	3.5665572	-25.111378	2.4356825	0.04920375	22544.811466932297
212	-17.674145	22.54244	0.372	-58.403	488.2857	635999	-2.4607668	2.3594387	3.2564933	-25.437422	2.4458513	0.04761499	22657.163271188736
213	-26.473501	16.694746	-11.083	-51.115	707.5	638999	-2.4347765	2.359055	3.301142	-25.222311	2.4193985	0.05411025	22767.184229135513
214	-39.715	5.9545827	-31.294	-43.951	1000.0	641999	-2.4240904	2.3655708	3.199751	-25.388348	2.4081762	0.06757751	22874.855693101883
215	-26.61825	10.43054	-8.683	-34.18	847.75	644999	-2.372611	2.391833	3.8630943	-25.165983	2.3547926	0.06444145	22981.13450527191
216	-10.2095995	13.652083	-2.428	-37.454	470.0	647999	-2.3248193	2.4159346	4.072859	-25.190832	2.3083975	0.059937567	23095.04332756996
217	-15.895833	16.104109	-0.216	-49.164	509.83334	650999	-2.3076692	2.409262	4.1146145	-25.075584	2.2928638	0.064294755	23203.971043348312
218	-35.6605	2.2447343	-33.592	-39.41	945.5	653999	-2.3027952	2.4156477	4.0901394	-25.061926	2.2870266	0.055889312	23310.3998169899
219	-9.146	13.934588	0.594	-44.648	355.5	656999	-2.3159533	2.4156773	3.906189	-25.29484	2.3013473	0.0494611	23418.834932804108
220	-13.642858	18.292439	1.856	-54.154	429.14285	659999	-2.3222253	2.418493	3.786392	-25.026628	2.307444	0.05598238	23526.724449157715
221	-15.023666	12.290932	0.099	-35.925	521.6667	662999	-2.32131	2.4104376	3.8291955	-25.299492	2.3062603	0.057475556	23633.24553990364
222	-18.947601	18.750216	-0.356	-49.969	545.6	665999	-2.3261921	2.4297893	3.765397	-24.835468	2.3106625	0.05943269	23739.744428157806
223	-19.0354	14.656141	-2.957	-42.424	675.4	668999	-2.3226883	2.4190125	3.8466177	-24.774193	2.307864	0.052662965	23845.96050429344
224	-40.669666	2.1720169	-37.675	-42.759	1000.0	671999	-2.3010147	2.4421723	3.897758	-24.908283	2.284978	0.07086345	23951.132271528244
225	-16.4724	14.231677	-1.572	-39.963	563.4	674999	-2.285633	2.4432454	3.6939695	-24.926645	2.2696326	0.05955853	24057.564470291138
226	-31.437248	21.520996	-1.782	-54.813	748.5	677999	-2.257782	2.4408388	3.6460319	-24.463593	2.2411063	0.060954936	24164.703612089157
227	-12.267333	5.7682657	-5.411	-20.739	505.16666	680999	-2.2451456	2.4496412	3.654454	-24.573559	2.2295954	0.05183614	24275.23917889595
228	-16.0362	15.496211	0.966	-37.637	607.4	683999	-2.239604	2.4401217	3.731316	-24.528805	2.2232738	0.06363047	24383.7712829113
229	-8.850858	7.5725274	3.528	-18.552	413.14285	686999	-2.217634	2.4419084	3.826747	-24.431753	2.2012827	0.05255078	24493.657358407974
230	-13.336143	16.597593	0.202	-51.002	453.42856	689999	-2.215012	2.4637718	3.9315124	-24.520876	2.1988451	0.0575517	24601.565423727036
231	-26.881	17.889963	0.511	-46.15	744.5	692999	-2.188928	2.476876	4.0065913	-24.597326	2.1717215	0.063465685	24707.680577754974
232	-11.942	13.672365	0.035	-33.983	531.5	695999	-2.1672819	2.4784818	4.0118923	-24.800417	2.1521626	0.057648275	24814.312817573547
233	-21.95733	17.486649	2.19	-44.494	657.8333	698999	-2.1635761	2.4791112	3.981804	-24.747345	2.1471052	0.062841505	24922.60446023941
234	-13.088199	14.367066	3.4	-39.184	549.2	701999	-2.146685	2.5034356	4.1438265	-24.779343	2.1308038	0.06702841	25030.926783561707
235	-8.9281435	5.323714	-2.817	-17.121	442.0	704999	-2.1280463	2.5083864	4.1692066	-25.037224	2.1112432	0.05374569	25138.87367630005
236	-19.888248	7.894088	-10.256	-30.978	656.25	707999	-2.127957	2.5118682	4.049427	-24.785625	2.1120377	0.05466879	25247.450647354126
237	-22.92	18.020014	0.593	-46.178	671.2	710999	-2.1190176	2.4871423	3.7961617	-24.855062	2.1027162	0.06017745	25355.89827466011
238	-12.030834	3.3388813	-8.009	-17.177	459.83334	713999	-2.097606	2.4831755	3.9433794	-24.869389	2.080665	0.06711402	25464.915067911148
239	-18.575666	18.153133	-0.131	-44.912	549.5	716999	-2.081175	2.4833136	4.1376796	-23.922596	2.0644774	0.057825044	25574.114334106445
240	-5.149571	6.4597187	1.844	-15.57	317.42856	719999	-2.083635	2.5029743	4.096059	-24.157032	2.067277	0.06244018	25682.896857738495
241	-12.544624	15.813207	3.47	-50.522	476.875	722999	-2.0647552	2.495914	3.9306366	-24.135462	2.0485225	0.06101626	25790.962750434875
242	-17.1562	11.361297	-5.203	-37.863	564.4	725999	-2.0470552	2.5025482	3.9248874	-24.082884	2.02925	0.058511175	25897.346508026123
243	-15.336	13.163176	1.872	-35.434	546.8	728999	-2.0271058	2.5031378	3.8844497	-23.737896	2.0105689	0.061489068	26006.198971509933
244	-32.9735	16.505617	-7.865	-52.104	828.75	731999	-2.0018573	2.501571	3.902081	-23.409853	1.984669	0.06538029	26114.268318653107
245	-16.1395	13.899911	2.225	-35.722	648.25	734999	-1.9752194	2.5246627	3.9348292	-23.24676	1.9571793	0.06521072	26220.156305789948
246	-36.992664	2.8777778	-32.988	-39.623	1000.0	737999	-1.9441911	2.519246	4.1162314	-23.424215	1.9269114	0.05506365	26324.91118788719
247	-5.8988	6.5044746	3.619	-21.414	357.7	740999	-1.9297112	2.5068204	4.0728583	-23.617348	1.9124881	0.058682464	26434.37254333496
248	-9.949714	7.322743	-1.462	-23.512	424.42856	743999	-1.9117929	2.5270603	3.9451091	-23.01422	1.894391	0.06572883	26542.361557006836
249	-28.07975	15.84208	-9.317	-49.544	741.5	746999	-1.8909862	2.52997	3.962914	-23.163492	1.8729203	0.06591267	26648.636785030365
250	-12.597	13.153576	-0.229	-38.756	479.83334	749999	-1.8570304	2.5498025	4.0078754	-23.142649	1.8390571	0.0636172	26755.341847658157
251	-5.595875	4.8525934	1.221	-14.933	357.625	752999	-1.8444935	2.5685842	4.127594	-22.882545	1.8258431	0.058180258	26864.8338162899
252	-29.244751	14.528969	-5.638	-45.29	831.5	755999	-1.8326733	2.5525935	4.1816483	-22.894596	1.815365	0.053997852	26972.961306333542
253	-13.701401	13.315947	-0.781	-37.788	529.2	758999	-1.8460656	2.536711	4.116413	-22.653929	1.8294619	0.055795465	27081.720613479614
254	-24.0535	18.822323	-0.529	-47.74	722.0	761999	-1.8474191	2.5334992	4.0625157	-22.437307	1.8298411	0.06179649	27189.560532093048
255	-17.7004	17.665224	2.169	-43.57	632.4	764999	-1.8362179	2.5454729	3.8463192	-22.598057	1.8191038	0.06263793	27298.224478960037
256	-10.2154	12.763797	-1.711	-35.303	496.0	767999	-1.8157017	2.5405014	3.8902667	-22.713865	1.7983361	0.06321497	27406.936583280563
257	-18.2352	13.084625	0.1	-32.544	627.4	770999	-1.8104413	2.5423687	3.899839	-23.027748	1.7936456	0.060974613	27513.88979077339
258	-13.962	12.672286	-2.416	-35.896	530.1429	773999	-1.8040042	2.5472715	3.5249388	-23.235962	1.7854997	0.0681579	27621.069128513336
259	-24.769499	18.990473	-4.374	-49.359	671.25	776999	-1.7769138	2.5560496	3.644822	-23.36597	1.7590243	0.058594584	27726.515285730362
260	-6.7007146	3.5265977	-1.565	-12.085	395.0	779999	-1.7693223	2.5537028	3.5091033	-23.405056	1.7525915	0.064345196	27835.492990493774
261	-9.432125	13.762718	4.15	-41.106	428.5	782999	-1.7690043	2.548357	3.3197591	-23.49048	1.752506	0.05864741	27945.563415050507
262	-11.052142	9.41236	-1.739	-32.429	447.2857	785999	-1.7886035	2.5512078	3.188737	-23.626747	1.7719566	0.06548881	28054.911459445953
263	-11.4539995	12.459708	-1.366	-38.42	449.33334	788999	-1.7801881	2.5480123	3.2058668	-23.540169	1.7634674	0.0548343	28164.044705867767
264	-16.299	18.43432	-2.241	-42.65	523.6667	791999	-1.7728542	2.5252616	3.237647	-23.350842	1.7565913	0.06830127	28272.49348425865
265	-11.591286	7.092067	-4.728	-27.435	452.85715	794999	-1.7710006	2.525801	3.122615	-23.373425	1.754137	0.059477884	28381.78813290596
266	-5.855889	4.997645	1.25	-15.698	332.33334	797999	-1.764764	2.5265641	3.1818125	-23.23576	1.74799	0.06750375	28490.343961954117
267	-8.3078	6.169115	-0.94	-17.048	521.0	800999	-1.7463602	2.5169656	3.3941312	-23.509657	1.728986	0.062748335	28596.17848277092
268	-14.564199	13.311612	-1.854	-36.896	528.4	803999	-1.7346125	2.52374	3.0259554	-23.53345	1.7178705	0.06862383	28702.956835508347
269	-17.701166	16.437393	-1.015	-44.055	585.6667	806999	-1.7168947	2.5321548	3.0314472	-23.232822	1.6995155	0.06560412	28810.1585586071
270	-11.060801	15.154668	2.524	-40.485	456.2	809999	-1.6900247	2.529813	3.196206	-23.355642	1.672637	0.06976489	28919.76361322403
271	-26.5642	17.001194	-0.554	-45.326	740.0	812999	-1.6649679	2.5677614	3.4431627	-23.547338	1.646945	0.070603	29027.38825559616
272	-16.097666	16.634384	1.608	-48.139	507.5	815999	-1.655675	2.596053	3.3132012	-23.714659	1.6374952	0.0667729	29136.262490034103
273	-16.612665	14.680396	2.49	-37.182	534.1667	818999	-1.6192701	2.586995	3.4424837	-23.72935	1.6009554	0.064936064	29243.20860028267
274	-30.852	7.028358	-24.739	-40.696	915.6667	821999	-1.6096203	2.5876777	3.3941877	-23.783646	1.5914713	0.061182164	29349.404002904892
275	-9.518167	7.0751634	1.364	-20.902	488.33334	824999	-1.5972831	2.5847702	3.4951022	-23.93381	1.5794821	0.07007706	29456.444984674454
276	-9.052714	7.7776575	5.139	-21.198	417.85715	827999	-1.5840203	2.5858006	3.565714	-23.89047	1.5665145	0.061117772	29563.792236566544
277	-28.589748	15.881924	-1.562	-41.341	810.0	830999	-1.5750636	2.5961294	3.7999368	-23.959955	1.556793	0.065924935	29669.937599897385
278	-12.155001	15.008454	-1.617	-41.566	578.8	833999	-1.5579612	2.587752	3.6922581	-23.912067	1.5393721	0.06098144	29777.05093717575
279	-13.0842	14.9499035	3.26	-32.267	564.0	836999	-1.5516804	2.6097186	3.8152742	-24.011393	1.5340074	0.055499457	29883.43886423111
280	-16.2962	11.6853895	-1.319	-35.594	620.4	839999	-1.5497415	2.5969617	3.7841086	-24.239012	1.5313301	0.060418293	29990.24522781372
281	-12.177198	10.374391	-3.023	-32.097	506.4	842999	-1.5500526	2.61245	3.9217978	-24.071259	1.532039	0.06356517	30098.5799369812
282	-27.241201	17.405134	-3.502	-43.268	732.4	845999	-1.5452976	2.6360147	4.0529594	-24.370426	1.5276428	0.0584989	30204.765492916107
283	-8.169714	7.1050053	0.715	-22.607	369.7143	848999	-1.5355564	2.6215708	4.0475354	-24.606659	1.5170082	0.065978006	30312.673518896103
284	-9.882	10.942653	3.969	-36.23	389.77777	851999	-1.516377	2.627136	4.1261005	-24.30987	1.4981797	0.05676008	30421.44393324852
285	-24.667665	11.855056	-7.918	-33.675	758.0	854999	-1.5152928	2.6311054	4.0874	-24.515463	1.4964944	0.063340575	30528.72679257393
286	-14.217714	15.766749	0.537	-51.095	455.85715	857999	-1.4971766	2.6281478	4.2342153	-24.62	1.4786286	0.058599886	30636.70707345009
287	-11.222375	13.424289	1.402	-42.749	414.75	860999	-1.5120745	2.6189077	4.2608604	-24.159193	1.4935261	0.06302873	30745.376617193222
288	-17.476833	19.457893	2.403	-57.525	512.5	863999	-1.4765872	2.6279013	4.339587	-23.870123	1.4577703	0.06418875	30852.856467485428
289	-13.688601	15.7674265	-1.723	-44.519	507.6	866999	-1.4701662	2.6432855	4.4146442	-23.6495	1.4518367	0.066270985	30959.35554432869
290	-12.180715	10.790783	-3.292	-34.244	458.42856	869999	-1.4750768	2.6416767	4.4195776	-23.525993	1.4566683	0.055212475	31067.499381780624
291	-10.9255705	10.525479	-0.365	-33.837	476.85715	872999	-1.4465027	2.6352522	4.5067167	-23.801197	1.4268682	0.06671067	31178.134771823883
292	-7.8181252	5.540192	0.211	-20.551	389.0	875999	-1.4159923	2.6626992	4.710906	-23.334227	1.3961494	0.06877334	31288.521710157394
293	-23.588	18.004934	-2.399	-46.411	769.0	878999	-1.3729867	2.683875	4.789289	-23.453712	1.353176	0.06603917	31394.331872940063
294	-15.1912	9.718832	-4.527	-30.111	596.8	881999	-1.3431073	2.6787646	4.7282004	-23.154224	1.3234183	0.071100965	31501.295118570328
295	-14.254199	14.302075	1.654	-37.521	597.2	884999	-1.3085024	2.6939878	4.746755	-23.391695	1.2880678	0.06537382	31607.92111515999
296	-18.017199	9.590799	-8.792	-36.46	557.0	887999	-1.2879225	2.6965468	4.7844224	-23.742046	1.2682456	0.062786214	31714.948558092117
297	-9.216333	14.747119	4.165	-45.837	404.1111	890999	-1.2850375	2.7415228	5.0032597	-24.051065	1.2642342	0.061915945	31823.805230140686
298	-9.803572	13.129932	1.12	-40.055	440.57144	893999	-1.2669775	2.732216	5.0199194	-23.674604	1.247127	0.057936452	31932.210458755493
299	-5.0637007	4.946723	3.721	-14.909	306.6	896999	-1.2537445	2.7267172	4.970748	-23.940994	1.2339736	0.06155305	32042.786222696304
300	-9.647875	12.636386	2.683	-41.044	387.625	899999	-1.2309656	2.7341309	5.0197635	-23.90028	1.2104391	0.06269302	32153.482119083405
301	-8.197167	4.8673134	-1.727	-14.096	382.33334	902999	-1.2239301	2.7274494	5.076144	-24.043749	1.2044489	0.06097007	32263.003990650177
302	-15.347167	12.933773	-4.672	-41.661	569.6667	905999	-1.2488284	2.716208	4.746363	-24.005674	1.2300619	0.05773996	32371.554742097855
303	-5.887	6.2372074	1.592	-21.362	356.0	908999	-1.2369325	2.7170744	4.6038775	-24.062916	1.2180376	0.06843684	32480.47133541107
304	-39.711334	4.138246	-35.026	-45.091	1000.0	911999	-1.2392648	2.706976	4.4345055	-24.09413	1.2194184	0.061404657	32585.6538772583
305	-14.044167	9.669991	-3.256	-32.458	518.1667	914999	-1.235325	2.7038941	4.404144	-24.143013	1.2161602	0.067904696	32693.320365190506
306	-5.4544444	7.1667037	3.626	-17.882	323.1111	917999	-1.243774	2.7092984	4.1995997	-23.910213	1.2248998	0.056106426	32801.77496743202
307	-8.5765	14.1731415	3.622	-38.507	408.0	920999	-1.2511334	2.7005882	4.220309	-23.934425	1.2331098	0.06639825	32908.95768880844
308	-9.101749	11.248803	2.764	-31.744	426.0	923999	-1.243919	2.6828568	4.2569466	-23.82662	1.2243158	0.0684184	33019.32749271393
309	-5.5055003	7.0832114	4.233	-18.563	381.66666	926999	-1.2396716	2.7132256	4.354949	-23.935837	1.2212223	0.06739763	33127.15234255791
310	-19.053286	18.775255	-0.372	-48.356	524.1429	929999	-1.2194171	2.707774	4.437043	-24.349663	1.1994011	0.067951	33235.06305217743
311	-19.672333	2.3844552	-17.136	-22.865	782.6667	932999	-1.1887299	2.7178707	4.6800213	-23.845806	1.1682925	0.06336562	33340.42460298538
312	-20.362799	13.01921	-5.892	-38.291	658.0	935999	-1.1744652	2.7168531	4.6437807	-23.892862	1.1551261	0.06056108	33446.8237221241
313	-11.857572	13.231118	1.957	-41.333	445.14285	938999	-1.191366	2.7241147	4.663753	-24.01913	1.1724507	0.06422235	33554.76258516312
314	-18.761799	18.085718	2.188	-45.659	618.8	941999	-1.1889232	2.7325835	4.5972557	-23.670162	1.1700648	0.064211704	33661.49471402168
315	-10.760857	11.725526	-2.288	-38.632	466.0	944999	-1.1888304	2.72756	4.5319433	-23.76727	1.1708144	0.06825679	33772.330736875534
316	-23.917751	15.871462	-5.557	-43.595	772.75	947999	-1.177355	2.7121377	4.927998	-23.84569	1.1584084	0.06503215	33882.83653283119
317	-21.281	12.921546	-5.047	-38.273	722.0	950999	-1.1885015	2.7259302	4.5485396	-23.849014	1.1686323	0.06696104	33993.20071172714
318	-18.1808	11.7194805	-2.326	-36.763	622.4	953999	-1.1716856	2.7098463	4.4515843	-23.783907	1.1529777	0.064655185	34102.43901801109
319	-7.9737144	6.5927243	-0.344	-22.049	400.14285	956999	-1.1770346	2.707338	4.293127	-23.775925	1.1578884	0.06288053	34211.2747733593
320	-5.114714	3.327007	-2.045	-11.66	350.85715	959999	-1.1623313	2.7085009	4.296761	-23.960808	1.141733	0.073161766	34319.659312963486
321	-12.106444	14.315506	0.301	-49.579	426.8889	962999	-1.1347476	2.7139852	4.2841	-23.779398	1.1153222	0.06955308	34428.778656721115
322	-19.8325	15.672286	2.076	-37.171	712.0	965999	-1.10881	2.7212498	4.4647255	-23.769644	1.087892	0.069671825	34535.24102091789
323	-20.939999	12.799252	-7.219	-34.431	686.25	968999	-1.0920408	2.715517	4.3567867	-23.699945	1.0723206	0.066602066	34641.39283657074
324	-26.988249	17.554003	-2.901	-45.786	715.5	971999	-1.075176	2.7266114	4.539661	-23.750555	1.0534068	0.06950295	34750.71617436409
325	-13.511858	15.538299	0.043	-48.187	505.0	974999	-1.0412132	2.7400577	4.5204515	-23.692291	1.0206552	0.06733256	34860.160042762756
326	-10.736333	12.365097	1.111	-37.412	482.83334	977999	-1.0418571	2.7407556	4.5597053	-23.927416	1.0224319	0.055914246	34969.38584446907
327	-14.550499	9.704708	-5.862	-30.357	537.75	980999	-1.0541669	2.7390997	4.621808	-23.966324	1.0351403	0.06568738	35075.133185625076
328	-9.29725	10.6037245	3.43	-32.262	493.625	983999	-1.0676478	2.7131672	4.5504	-24.055067	1.0487897	0.058896083	35190.799890995026
329	-4.7478	5.8948035	5.898	-17.05	299.5	986999	-1.0891063	2.7107117	4.436418	-23.804718	1.0699778	0.069048814	35310.840289115906
330	-23.63	18.1133	-3.533	-42.024	682.0	989999	-1.0635505	2.7124922	4.528138	-24.289803	1.0437298	0.072425455	35417.86755299568
331	-20.506802	16.74278	-2.677	-41.612	601.0	992999	-1.057484	2.737567	4.7315197	-24.161764	1.037405	0.06394899	35524.05481290817
332	-20.5404	11.232267	-7.608	-35.436	653.6	995999	-1.0516403	2.7106662	4.889628	-23.743683	1.0314202	0.056372356	35631.875556230545
333	-11.536428	11.360849	-3.12	-37.499	410.57144	998999	-1.03835	2.7082589	4.6254945	-23.423216	1.0166285	0.06987136	35741.14507460594
334	-12.601	18.051867	2.665	-45.707	446.8	1001999	-1.003827	2.7325537	4.6875567	-23.463081	0.98329526	0.064284384	35847.97202157974
335	-14.704287	14.504592	0.571	-37.823	530.5714	1004999	-0.99279135	2.7172716	4.7721543	-23.485527	0.9732686	0.06505674	35956.18821978569
336	-6.619	5.2811847	-1.676	-18.058	391.7143	1007999	-0.97311956	2.73197	4.917184	-23.918798	0.95204914	0.06457279	36065.25898933411
337	-6.890222	7.6171494	2.096	-22.916	376.77777	1010999	-0.9507979	2.729556	4.8145447	-24.035364	0.9298733	0.06884721	36176.30980467796
338	-11.015857	10.786054	0.854	-36.046	427.7143	1013999	-0.8869374	2.7067227	4.95971	-23.761332	0.86501825	0.075709686	36285.464173316956
339	-9.420857	7.6510615	1.7	-21.815	409.57144	1016999	-0.8290149	2.6891859	4.898014	-23.910355	0.807201	0.0686094	36393.03427672386
340	-9.55125	13.9113035	2.041	-44.351	402.25	1019999	-0.7998892	2.663175	5.132793	-23.756456	0.7792639	0.06306614	36501.439915418625
341	-6.8606668	4.538719	0.541	-14.465	364.66666	1022999	-0.7675509	2.6698492	5.201465	-23.877897	0.7462494	0.06826589	36608.20655751228
342	-12.229714	11.586761	1.333	-33.26	535.0	1025999	-0.76329523	2.6732183	5.4753094	-23.7858	0.74167114	0.06470139	36717.309889793396
343	-10.862	13.581124	0.765	-42.299	400.42856	1028999	-0.72230285	2.685427	5.584502	-23.808329	0.70076555	0.06661261	36826.31120991707
344	-19.0692	12.844748	-8.196	-37.702	598.0	1031999	-0.7015256	2.6526504	5.7121644	-23.750523	0.6816056	0.064739846	36934.52443933487
345	-9.197999	6.3479314	-3.364	-19.411	461.0	1034999	-0.6918306	2.6028888	5.6296797	-24.25651	0.6712111	0.070829816	37042.96690034866
346	-23.785751	15.525737	-5.785	-41.535	696.0	1037999	-0.64234245	2.572496	5.8155255	-24.181515	0.620351	0.06666735	37148.53073167801
347	-8.348286	4.1176434	-1.401	-14.777	456.42856	1040999	-0.5922639	2.5482833	5.7140718	-24.03449	0.57153213	0.06979474	37258.85874462128
348	-12.153	8.246556	-2.398	-27.012	523.8	1043999	-0.5507599	2.511973	5.6918244	-24.06654	0.5297693	0.06667816	37367.0078253746
349	-14.069499	7.8452516	-7.405	-31.03	511.33334	1046999	-0.53830945	2.4757156	5.641566	-24.30761	0.5182197	0.06263852	37474.011180877686
350	-14.341332	13.120585	5.323	-33.589	555.1667	1049999	-0.5407386	2.4381535	5.6196985	-24.727365	0.5208068	0.06151359	37583.641561985016
351	-6.6211667	9.897434	-0.389	-27.937	424.66666	1052999	-0.5326912	2.397275	5.4727006	-9.452182	0.51224244	0.06467611	37691.558738946915
352	-21.438835	17.207258	-5.503	-46.035	560.5	1055999	-0.48773786	2.4081922	5.9237037	-9.337141	0.46548438	0.0665879	37800.09256029129
353	-6.2424283	5.427955	-1.263	-15.323	385.7143	1058999	-0.4827082	2.4078338	5.5878735	-9.444959	0.46212873	0.065420516	37911.087517261505
354	-17.0228	21.029789	1.351	-47.845	529.4	1061999	-0.48648578	2.405413	5.750325	-9.389933	0.4671757	0.074528	38017.983735084534
355	-8.250668	14.847037	2.126	-48.549	357.77777	1064999	-0.46997625	2.3944838	5.7685595	-9.279749	0.44958225	0.064762525	38126.94548392296
356	-13.065	15.385652	2.387	-37.271	527.6667	1067999	-0.43829244	2.4098175	5.5665746	-9.543834	0.4162247	0.071041405	38234.60213422775
357	-6.093143	4.408242	0.321	-15.105	358.42856	1070999	-0.41890347	2.415149	5.6688476	-9.569556	0.3979921	0.06859691	38342.90673208237
358	-18.6852	12.545154	-3.401	-35.749	640.4	1073999	-0.41558543	2.4295855	5.8123755	-9.575755	0.39474154	0.06782657	38452.074315309525
359	-17.8495	12.754549	-3.701	-38.092	596.1667	1076999	-0.41814595	2.4275265	5.9238234	-9.567645	0.39938998	0.06702837	38559.17553520203
360	-11.856833	12.079535	1.459	-33.155	499.16666	1079999	-0.39402732	2.426057	5.773335	-9.543489	0.37280315	0.06353262	38667.26677465439
361	-2.348	1.7189898	0.458	-4.56	300.25	1082999	-0.40290228	2.4190109	5.865955	-9.697555	0.3833986	0.06785898	38776.02786207199
362	-11.531376	13.071866	2.177	-40.607	449.25	1085999	-0.38793567	2.4303262	5.628919	-9.761551	0.36687076	0.068375476	38893.22293329239
363	-6.951375	6.3897123	3.532	-18.68	387.5	1088999	-0.36247793	2.422063	5.8193364	-9.606914	0.3421235	0.06317779	39002.315675497055
364	-8.640857	9.669553	2.643	-29.801	423.7143	1091999	-0.37577063	2.433833	5.7405343	-9.307423	0.35552922	0.06914449	39110.526450395584
365	-12.650572	17.99899	1.098	-54.595	426.7143	1094999	-0.37231436	2.4397633	5.901976	-9.408063	0.3528971	0.066995226	39219.10080885887
366	-8.390875	10.217131	2.766	-32.53	367.625	1097999	-0.39926878	2.4387286	5.909146	-9.547444	0.38135993	0.06377715	39327.799745082855
367	-12.158429	12.165967	-1.555	-40.749	444.85715	1100999	-0.41821274	2.4206676	5.9447627	-9.641315	0.39869392	0.06269632	39435.387536764145
368	-9.710856	13.758808	2.867	-38.799	419.42856	1103999	-0.42098933	2.4298997	5.8541417	-9.27397	0.40056998	0.07354846	39543.58814024925
369	-10.0195	17.353695	0.84	-48.343	393.0	1106999	-0.3890719	2.4457972	5.9914737	-9.349243	0.36920002	0.06883552	39652.1084523201
370	-18.9436	15.781652	0.348	-34.945	681.8	1109999	-0.37048608	2.4711466	5.9460115	-9.537904	0.34949145	0.07325789	39759.24806857109
371	-4.3962226	5.238122	2.417	-15.515	322.8889	1112999	-0.3339194	2.4846957	6.2084837	-9.510673	0.31343338	0.075756766	39869.44918060303
372	-14.922832	13.529917	-0.989	-43.663	493.0	1115999	-0.32467842	2.5021834	6.082688	-9.551923	0.3046933	0.07545059	39976.97295546532
373	-12.895333	12.700605	1.505	-38.772	546.1667	1118999	-0.30726066	2.4960954	6.0080395	-9.669724	0.2870948	0.07081722	40084.56735062599
374	-5.588714	6.0376153	5.424	-11.54	368.0	1121999	-0.29401428	2.5047445	6.299507	-9.68637	0.27367696	0.06339445	40192.58639192581
375	-11.14875	5.4729023	-2.393	-22.172	441.25	1124999	-0.2912408	2.5100327	6.1768775	-9.659136	0.27105772	0.06836602	40301.3442158699
376	-9.424429	5.489253	-3.117	-19.935	394.2857	1127999	-0.27043277	2.5267766	6.777751	-9.799587	0.24980928	0.07201128	40409.35338807106
377	-22.012001	13.135107	-1.412	-35.046	776.75	1130999	-0.26968238	2.5415635	6.578058	-9.961824	0.24984258	0.070406765	40515.968587875366
378	-11.519834	14.236623	2.359	-36.806	491.0	1133999	-0.26103452	2.5461943	6.5019393	-10.003909	0.2409714	0.068302445	40623.583176374435
379	-4.4999	6.1782117	5.096	-16.292	317.5	1136999	-0.25048658	2.5514963	6.185696	-10.203928	0.22938542	0.06740199	40733.09694123268
380	-5.445875	6.827728	3.386	-15.986	362.125	1139999	-0.22740541	2.5718687	6.335758	-10.112006	0.20626526	0.07299741	40841.841270685196
381	-11.442285	13.299053	2.182	-41.235	431.14285	1142999	-0.20473059	2.5869493	6.3086066	-9.942342	0.18421757	0.06767272	40949.899245500565
382	-5.49	6.900199	3.593	-18.85	349.0	1145999	-0.20369948	2.6023183	6.739243	-9.8983555	0.18309367	0.07402699	41058.74437832832
383	-11.194428	11.412188	-0.122	-37.573	429.0	1148999	-0.16023606	2.633235	6.93145	-9.654909	0.13822113	0.07444201	41167.20701956749
384	-9.235875	12.891	2.497	-40.26	406.25	1151999	-0.13363887	2.6615756	6.8060603	-9.742563	0.11056975	0.06747642	41276.16208577156
385	-9.674857	8.147134	-2.17	-27.798	414.85715	1154999	-0.10574574	2.6722064	6.7804403	-9.855297	0.085129276	0.060808714	41388.102291345596
386	-4.84175	11.89983	5.007	-35.138	336.75	1157999	-0.12592812	2.6657152	6.733839	-9.528384	0.105284624	0.065955155	41498.99080514908
387	-9.848572	14.296462	-0.602	-44.141	431.0	1160999	-0.12315453	2.6683655	6.673206	-9.610817	0.10215097	0.06904085	41609.507487773895
388	-9.5325	6.0828853	-2.202	-21.439	435.875	1163999	-0.089626	2.6845992	6.9625382	-9.776283	0.0678535	0.06916711	41719.13085222244
389	-5.1143	5.7625303	3.363	-14.044	302.6	1166999	-0.08948763	2.695064	6.93931	-9.55521	0.068581626	0.06434586	41828.9098212719
390	-5.8351426	8.226746	4.97	-19.89	376.2857	1169999	-0.07363763	2.7092626	6.885885	-9.486228	0.052490346	0.07121594	41936.83314681053
391	-3.3418999	6.409407	4.168	-14.159	292.6	1172999	-0.06328766	2.717979	7.042385	-9.453756	0.04262146	0.06513598	42049.30916380882
392	-3.3022223	5.595984	3.632	-13.194	311.33334	1175999	-0.04775572	2.7318861	7.158866	-9.6919365	0.025759399	0.071356684	42160.88047146797
393	-16.483665	15.662783	-0.118	-46.836	560.5	1178999	-0.017943965	2.7522702	7.021132	-9.765875	-0.0039004376	0.06328346	42268.93458843231
394	-5.587	5.556884	2.199	-15.704	398.16666	1181999	-0.0031713252	2.7651684	7.252604	-9.903241	-0.01906495	0.06272148	42379.60687279701
395	-12.211374	17.135117	1.753	-45.87	472.125	1184999	0.0099096	2.780895	7.388284	-9.915649	-0.03172927	0.06563086	42494.674036979675
396	-6.99225	14.534031	4.398	-42.815	384.625	1187999	0.04579532	2.7923408	7.510375	-9.698146	-0.0683101	0.07102178	42608.31473708153
397	-11.482429	14.0113945	-1.501	-45.466	395.7143	1190999	0.07557142	2.8204334	7.377286	-9.815279	-0.09811168	0.06385653	42720.413323402405
398	-4.502222	5.7283287	3.565	-12.752	358.55554	1193999	0.055704903	2.8203764	7.4799876	-9.888562	-0.0767436	0.0607423	42833.71076273918
399	-3.8818572	3.8838918	2.2	-10.699	293.7143	1196999	0.07938812	2.810312	7.5577583	-10.091564	-0.100533485	0.06858775	42943.12320590019
400	-14.332713	13.138394	1.549	-37.248	539.4286	1199999	0.10180022	2.835632	7.3985353	-10.135161	-0.12404516	0.06572618	43050.87336373329
401	-9.252572	10.977554	3.35	-33.306	432.0	1202999	0.1106281	2.8444512	7.574272	-9.995525	-0.13292283	0.06351619	43160.87080645561
402	-7.17675	10.6785145	2.924	-30.114	387.625	1205999	0.122475	2.8466654	7.438933	-10.06842	-0.14509788	0.06550657	43270.72400164604
403	-9.293284	3.9961169	-2.388	-13.804	436.42856	1208999	0.13595718	2.8463528	7.1854405	-9.97839	-0.1565393	0.061426356	43387.76687502861
