Epoch	AverageEpRet	StdEpRet	MaxEpRet	MinEpRet	EpLen	TotalEnvInteracts	AverageQVals	StdQVals	MaxQVals	MinQVals	LossPi	LossQ	Time
1	-111.425	12.325001	-99.1	-123.75	1000.0	1999	1.5436345	0.44189218	2.355441	0.6983011	-1.5471897	0.0009674818	44.389909505844116
2	-87.97	6.369999	-81.6	-94.34	1000.0	3999	0.57371557	0.40755937	1.4391693	-0.30846593	-0.5755831	0.00040901586	90.75674152374268
3	-98.595	3.665001	-94.93	-102.26	1000.0	5999	-0.4343802	0.3540155	0.3783592	-1.2218275	0.4329945	0.00018050817	144.3635220527649
4	-80.97	12.290001	-68.68	-93.26	1000.0	7999	-1.37368	0.34796485	-0.5306286	-2.2543287	1.372296	0.00017801696	197.64429426193237
5	-113.335	14.555	-98.78	-127.89	1000.0	9999	-2.2048776	0.41448998	-1.3088263	-3.3081958	2.2038717	0.00036061645	251.90220832824707
6	-101.350006	22.41	-78.94	-123.76	1000.0	11999	-2.8662803	0.56500983	-0.2291722	-4.236453	2.8652046	0.00051296904	941.9051928520203
7	-115.774994	3.7150002	-112.06	-119.49	934.5	13999	-3.30861	0.87406343	-0.3449753	-5.097211	3.3087735	0.0006106479	1073.941754102707
8	-180.53	31.240005	-149.29	-211.77	1000.0	15999	-4.046991	0.95823985	-0.95616376	-6.8101625	4.0475864	0.0020480657	1114.552244901657
9	-97.996666	88.78417	-27.43	-223.22	687.6667	17999	-4.8821006	1.2096082	-1.6347651	-8.617666	4.881847	0.0019586664	1628.7113823890686
10	-84.055	67.165	-16.89	-151.22	611.0	19999	-5.564391	1.5146197	-2.1899815	-10.196187	5.5638022	0.004372535	1708.0981726646423
11	-128.73	72.654144	-36.56	-214.14	840.6667	21999	-6.2432256	1.9191777	-2.6832979	-11.6597805	6.2409945	0.004619503	1961.5283300876617
12	-100.159996	90.10034	-8.09	-193.46	580.0	23999	-6.894181	2.2506442	-2.433775	-12.954232	6.893039	0.0038961216	2110.265550851822
13	-78.915	46.625	-32.29	-125.54	759.5	25999	-7.453726	2.5730968	-2.0472114	-14.153391	7.452309	0.0054050866	3474.4306457042694
14	-122.814995	70.085	-52.73	-192.9	865.5	27999	-7.876545	2.905793	-1.9398711	-15.269101	7.8750854	0.005540102	3795.415673494339
15	-164.88	19.279999	-145.6	-184.16	1000.0	29999	-8.429176	3.136802	-1.7293218	-16.204306	8.427775	0.005325736	3836.057988882065
16	-144.20001	12.099998	-132.1	-156.3	1000.0	31999	-8.888146	3.2950392	-1.4540069	-17.087185	8.887594	0.006363101	3875.838351726532
17	-157.595	1.4049988	-156.19	-159.0	1000.0	33999	-9.361545	3.4244297	-1.2478417	-17.858562	9.361163	0.0065033203	3916.8143780231476
18	-106.46665	61.851204	-19.05	-152.84	731.0	35999	-9.796974	3.5511978	-1.1088691	-18.63088	9.795881	0.005171811	3982.286323785782
19	-110.70334	72.04543	-9.02	-167.13	721.0	37999	-10.171992	3.6635222	-0.9852355	-19.21862	10.170626	0.0056100157	4074.5559453964233
20	-156.195	10.385002	-145.81	-166.58	1000.0	39999	-10.506714	3.775466	-0.8937423	-20.061707	10.506375	0.0085403435	4115.143362045288
21	-104.753334	68.57374	-8.62	-163.88	718.0	41999	-10.887947	3.8947678	-0.7325558	-20.315308	10.887683	0.0069788066	4204.995954990387
22	-48.95334	48.73429	-13.85	-117.87	485.33334	43999	-11.047092	4.0291047	-0.58397144	-20.825733	11.047031	0.0066735	5159.906502485275
23	-81.67667	56.242615	-29.88	-159.85	780.3333	45999	-11.070378	4.249559	-0.4172596	-21.264194	11.06995	0.008764106	5469.821804523468
24	-138.73	2.8300018	-135.9	-141.56	1000.0	47999	-11.321564	4.310873	-0.3295972	-21.761946	11.320232	0.0073947078	6437.108440876007
25	-105.45999	57.620533	-24.41	-153.29	772.6667	49999	-11.547305	4.3534613	-0.081586115	-21.99778	11.546746	0.00828035	6562.06272649765
26	-65.58666	51.953686	-24.99	-138.92	619.0	51999	-11.626472	4.4429913	-0.043849025	-22.318615	11.626114	0.006098545	7017.044429302216
27	-48.7525	57.051086	-11.12	-147.44	422.75	53999	-11.740885	4.522979	-0.1943158	-22.602146	11.740451	0.008997087	7254.796688556671
28	-148.18	9.489998	-138.69	-157.67	1000.0	55999	-11.882522	4.6010246	-0.23271735	-22.889242	11.8814745	0.009840704	7297.430450201035
29	-135.64499	8.114998	-127.53	-143.76	1000.0	57999	-12.036935	4.6244073	-0.24580239	-23.058754	12.035745	0.0072903777	7340.103261232376
30	-166.5	45.339996	-121.16	-211.84	1000.0	59999	-12.284964	4.716159	-0.13894427	-23.341133	12.284131	0.009530832	7387.823632478714
31	-169.33499	32.405006	-136.93	-201.74	1000.0	61999	-12.47344	4.789823	-0.2963127	-23.519747	12.472621	0.0074377945	7431.434111833572
32	-82.746666	49.70979	-12.45	-118.51	715.6667	63999	-12.565158	4.788649	-0.27310386	-23.715971	12.56502	0.008394958	7550.210656166077
33	-168.84	2.1800003	-166.66	-171.02	1000.0	65999	-12.690792	4.798685	-0.16192786	-24.008167	12.690183	0.009327633	7591.596256971359
34	-106.130005	60.030003	-46.1	-166.16	874.0	67999	-12.854096	4.8606863	-0.32852453	-24.128357	12.854231	0.0077908323	8124.728460550308
35	-113.62333	74.50634	-8.95	-176.42	718.0	69999	-12.966284	4.9180903	-0.29229364	-24.385288	12.966726	0.009776639	8203.360840082169
36	-106.92667	64.32526	-16.35	-159.53	757.3333	71999	-13.069326	4.9411693	-0.27831474	-24.417	13.069741	0.010349983	8346.62726521492
37	-112.18	86.08	-26.1	-198.26	704.0	73999	-13.153044	5.025897	-0.33321694	-24.606865	13.15299	0.011187857	8510.886961221695
38	-110.69499	78.35665	-31.19	-201.94	711.5	75999	-13.239863	5.143895	-0.20613576	-24.696167	13.239722	0.008233848	8795.245281219482
39	-100.115	78.585	-21.53	-178.7	659.5	77999	-13.320121	5.196841	-0.30586874	-24.846516	13.321064	0.008998339	8931.525346755981
40	-150.985	8.455002	-142.53	-159.44	1000.0	79999	-13.47041	5.195355	-0.33085716	-24.848698	13.471356	0.008711236	8973.519551038742
41	-167.87	19.940002	-147.93	-187.81	1000.0	81999	-13.574051	5.187909	-0.30430216	-24.998661	13.57446	0.009157395	9015.775129795074
42	-86.73	72.18683	-10.68	-165.57	608.75	83999	-13.669602	5.2177467	-0.2603202	-25.224035	13.669588	0.011051955	9198.513471603394
43	-68.345	49.555	-18.79	-117.9	627.5	85999	-13.65355	5.223704	-0.2286989	-25.181686	13.654042	0.009789242	9278.364786624908
44	-144.04001	17.379997	-126.66	-161.42	1000.0	87999	-13.705884	5.2010694	-0.34237704	-25.237452	13.706265	0.008861326	9319.646225690842
45	-139.945	3.4950027	-136.45	-143.44	1000.0	89999	-13.714056	5.1842318	-0.334294	-25.356712	13.71401	0.007936966	10285.287035703659
46	-114.36667	53.71225	-41.14	-168.47	874.0	91999	-13.740917	5.1940007	-0.43435404	-25.355766	13.7409935	0.009161873	10783.428957223892
47	-115.960014	73.44363	-13.67	-182.71	720.3333	93999	-13.778645	5.1992397	-0.42926413	-25.50916	13.778859	0.009302201	10841.835258722305
48	-92.73	61.870003	-30.86	-154.6	705.5	95999	-13.803541	5.21211	-0.5004376	-25.509022	13.803395	0.008170736	11003.286391496658
49	-164.285	26.835	-137.45	-191.12	1000.0	97999	-13.885055	5.183572	-0.6805166	-25.564636	13.88592	0.012439277	11044.06311249733
50	-97.5875	83.070656	-12.59	-186.97	608.0	99999	-13.983768	5.228617	-0.63460773	-25.596851	13.984101	0.009379179	11203.188011169434
51	-129.46333	81.50307	-14.3	-191.19	743.3333	101999	-14.073447	5.2656546	-0.67885447	-25.672377	14.074246	0.010183804	11331.99930691719
52	-153.125	11.024994	-142.1	-164.15	1000.0	103999	-14.144695	5.278301	-0.51241744	-25.77327	14.144097	0.009979776	11373.830926418304
53	-165.89499	32.465004	-133.43	-198.36	1000.0	105999	-14.187715	5.268417	-0.5925703	-25.809677	14.1882	0.009860002	11416.420304059982
54	-155.68	5.640007	-150.04	-161.32	1000.0	107999	-14.223344	5.259486	-0.63205624	-25.929998	14.223371	0.010498899	11456.809405088425
55	-168.275	27.974998	-140.3	-196.25	1000.0	109999	-14.304374	5.2452254	-0.78257203	-25.754984	14.305404	0.007927461	11499.005965471268
56	-85.33	41.11	-44.22	-126.44	803.5	111999	-14.29332	5.238832	-0.8792969	-25.972849	14.293412	0.011552412	11854.359315395355
57	-145.41	0.29000092	-145.12	-145.7	1000.0	113999	-14.301301	5.2364182	-0.84576714	-25.857292	14.301053	0.009826639	11897.207502365112
58	-83.72749	68.89937	-14.71	-162.84	588.75	115999	-14.302217	5.2186484	-0.69273454	-25.84129	14.302541	0.009026271	12086.346843957901
59	-80.07	66.700005	-13.37	-146.77	606.0	117999	-14.303154	5.2247233	-0.86983293	-25.939024	14.303367	0.01083832	12164.450764656067
60	-121.84333	77.74501	-12.94	-189.39	727.0	119999	-14.323937	5.246937	-0.8440298	-25.921967	14.324384	0.011225068	12255.815106391907
61	-114.42667	68.21015	-18.94	-174.03	752.3333	121999	-14.370177	5.2460227	-0.9028113	-25.871449	14.370173	0.009036888	12351.595046281815
62	-135.3	82.947945	-18.36	-201.79	766.3333	123999	-14.434599	5.276003	-0.87439036	-26.106419	14.435314	0.009019653	12581.576894283295
63	-56.916668	60.652016	-13.58	-142.69	488.33334	125999	-14.404175	5.325249	-0.84929705	-25.90412	14.404157	0.010036688	12697.721194028854
64	-76.30333	64.10985	-29.4	-166.95	676.0	127999	-14.399648	5.347384	-0.90127397	-25.905916	14.400516	0.010107878	13322.846890926361
65	-87.19499	72.46036	-9.4	-172.48	613.5	129999	-14.379762	5.349123	-0.89191884	-25.995861	14.380928	0.0104850875	13536.244230270386
66	-162.26001	1.0699997	-161.19	-163.33	1000.0	131999	-14.403692	5.3410335	-0.9476118	-25.905298	14.404569	0.009710876	13578.42574429512
67	-157.455	6.5650024	-150.89	-164.02	1000.0	133999	-14.435731	5.3195677	-0.9866793	-25.920904	14.436717	0.008942522	13619.690543174744
68	-188.37	23.620003	-164.75	-211.99	1000.0	135999	-14.53047	5.3219028	-0.87407935	-25.881525	14.531571	0.010567404	13663.734405517578
69	-148.725	16.534996	-132.19	-165.26	1000.0	137999	-14.560298	5.3312497	-0.80261034	-26.010733	14.560942	0.01224544	14626.890300273895
70	-111.38	84.32	-27.06	-195.7	675.5	139999	-14.577085	5.3292246	-0.8353369	-25.875763	14.577787	0.010981184	14743.537975549698
71	-161.29001	26.46	-134.83	-187.75	1000.0	141999	-14.6241865	5.3266215	-0.5294859	-25.860813	14.625147	0.00969369	14788.414541959763
72	-102.55666	64.98275	-15.04	-170.6	723.0	143999	-14.632166	5.303335	-0.45065665	-25.970306	14.633368	0.00914606	14846.658694982529
73	-188.36499	35.305	-153.06	-223.67	1000.0	145999	-14.6897335	5.3342056	-0.10917634	-26.066158	14.690291	0.010184918	14888.924332618713
74	-124.85333	80.950966	-12.24	-199.0	734.0	147999	-14.725856	5.3381886	-0.46494198	-25.96253	14.72613	0.008341466	15039.857390880585
75	-121.22	74.5725	-17.16	-188.09	744.6667	149999	-14.769689	5.3366537	-0.37924886	-25.96482	14.770414	0.009704799	15133.693621397018
76	-119.12333	75.18076	-16.25	-193.82	751.3333	151999	-14.791609	5.3574915	-0.3571807	-26.041195	14.792084	0.010350584	15296.835942745209
77	-148.48999	7.8199997	-140.67	-156.31	1000.0	153999	-14.79722	5.3544173	-0.3269233	-26.01767	14.79768	0.009382593	15338.562529563904
78	-134.315	2.4649963	-131.85	-136.78	1000.0	155999	-14.803595	5.3337836	-0.34334153	-26.09263	14.804213	0.010939735	16310.563484668732
79	-197.76999	10.489998	-187.28	-208.26	1000.0	157999	-14.85037	5.3449	-0.27101362	-26.058414	14.851047	0.009707178	16351.613338947296
80	-81.925	44.454998	-37.47	-126.38	752.5	159999	-14.8696375	5.3433185	-0.3788654	-25.953827	14.870016	0.008511276	16594.753821134567
81	-155.195	14.704994	-140.49	-169.9	1000.0	161999	-14.832116	5.3266406	-0.31984967	-26.107807	14.833182	0.010555222	16637.071318387985
82	-91.4475	78.34236	-9.03	-202.99	624.5	163999	-14.875612	5.313748	-0.4294052	-26.078442	14.876544	0.010717122	16853.376297712326
83	-140.36499	10.834999	-129.53	-151.2	1000.0	165999	-14.849455	5.3405237	-0.49411052	-26.023333	14.850196	0.009138861	17812.181761980057
84	-69.70333	71.58328	-17.47	-170.92	538.3333	167999	-14.865485	5.3338037	-0.5275823	-26.059523	14.865628	0.00965725	18199.8694190979
85	-125.385	90.465004	-34.92	-215.85	764.5	169999	-14.848814	5.3796387	-0.51360774	-26.246105	14.849504	0.010105302	18322.81578350067
86	-167.86	2.6699982	-165.19	-170.53	1000.0	171999	-14.883751	5.379704	-0.50672257	-26.108906	14.884841	0.008077028	18363.837074756622
87	-68.520004	60.788857	-15.99	-150.04	564.0	173999	-14.8727	5.3906937	-0.61485434	-26.280628	14.873795	0.011040163	19536.005076169968
88	-54.54666	58.461285	-9.68	-137.12	459.33334	175999	-14.832035	5.383957	-0.5398804	-26.302385	14.832356	0.011650612	19653.083842754364
89	-144.52	20.530003	-123.99	-165.05	1000.0	177999	-14.811857	5.408694	-0.48123053	-26.26843	14.812745	0.008405215	19700.5109937191
90	-150.17499	16.885002	-133.29	-167.06	1000.0	179999	-14.834843	5.364645	-0.5961014	-26.298866	14.835477	0.010149408	19742.71587252617
91	-113.333336	69.2111	-16.33	-173.15	740.6667	181999	-14.838073	5.355697	-0.4613975	-26.384472	14.838936	0.00986702	19837.098829746246
92	-131.65001	75.44895	-24.97	-186.82	775.6667	183999	-14.884208	5.351587	-0.5257673	-26.631176	14.88495	0.009274079	19946.99178481102
93	-167.375	37.164993	-130.21	-204.54	1000.0	185999	-14.904682	5.3354897	-0.6026424	-26.288044	14.905162	0.010492621	19988.450271129608
94	-67.04	61.07492	-15.4	-152.82	570.3333	187999	-14.931457	5.3442454	-0.5650771	-26.420498	14.931929	0.009275736	20331.711499929428
95	-207.055	11.584999	-195.47	-218.64	1000.0	189999	-14.936775	5.389431	-0.53267807	-26.273369	14.9374895	0.008278854	20624.668240070343
96	-95.350006	51.920002	-43.43	-147.27	872.5	191999	-14.941355	5.4096684	-0.5475354	-26.334572	14.942462	0.0077819517	20990.1545855999
97	-138.08	0.8600006	-137.22	-138.94	1000.0	193999	-14.941342	5.3857865	-0.5995458	-26.374977	14.941978	0.008628096	21032.530926942825
98	-176.065	31.464996	-144.6	-207.53	1000.0	195999	-14.953135	5.364311	-0.59010243	-26.384853	14.953942	0.010377108	21074.236906051636
99	-102.07333	59.608196	-18.57	-153.83	761.3333	197999	-14.98702	5.3792663	-0.586894	-26.364882	14.987426	0.00906931	22075.899322748184
100	-179.205	16.345001	-162.86	-195.55	1000.0	199999	-15.019703	5.356628	-0.5142556	-26.42563	15.020987	0.009058331	22118.98561692238
101	-108.46334	65.42371	-20.77	-177.86	754.0	201999	-15.047995	5.3508277	-0.5950496	-26.397692	15.049262	0.007975977	22255.226831674576
102	-97.83	84.59	-13.24	-182.42	595.5	203999	-15.034212	5.34905	-0.5008334	-26.528725	15.035414	0.008407936	22312.587815523148
103	-116.44	47.021824	-50.91	-159.0	904.3333	205999	-15.02908	5.334541	-0.48814714	-26.499666	15.029769	0.008393045	22777.755783081055
104	-99.405	56.274998	-43.13	-155.68	919.5	207999	-15.028913	5.345295	-0.4888004	-26.45417	15.030281	0.008802654	23319.95912218094
105	-207.20999	7.4699936	-199.74	-214.68	1000.0	209999	-15.045445	5.3912907	-0.60767096	-26.469276	15.046271	0.009603566	23361.60707449913
106	-136.60501	16.355003	-120.25	-152.96	1000.0	211999	-15.040514	5.399637	-0.52340937	-26.368553	15.041441	0.009468925	23405.846905469894
107	-97.665	45.465	-52.2	-143.13	850.5	213999	-15.05666	5.372013	-0.5119524	-26.351559	15.0577345	0.008900943	23898.195636749268
108	-114.55667	74.728584	-20.04	-202.76	767.0	215999	-15.028731	5.3995156	-0.38784066	-26.37193	15.029375	0.009261243	24055.051688432693
109	-134.945	18.305	-116.64	-153.25	1000.0	217999	-15.012198	5.383415	-0.6036761	-26.526953	15.013128	0.010212871	24163.923872709274
110	-76.8875	65.92778	-11.53	-155.45	594.25	219999	-14.989126	5.384561	-0.5903442	-26.421	14.990236	0.008619742	24295.595665693283
111	-82.595	60.385	-22.21	-142.98	664.5	221999	-14.984818	5.3781705	-0.55646825	-26.462305	14.985309	0.009561627	24424.679357528687
112	-149.29501	6.5550003	-142.74	-155.85	1000.0	223999	-15.002004	5.361415	-0.45511922	-26.408226	15.002996	0.008814261	24466.299731969833
113	-141.47333	86.21442	-19.88	-210.06	757.3333	225999	-15.031261	5.359822	-0.5634171	-26.325691	15.032392	0.007927559	24623.779715538025
114	-96.729996	64.439995	-32.29	-161.17	745.5	227999	-15.036002	5.384118	-0.512818	-26.403635	15.037582	0.007901267	25850.422482967377
115	-128.44	15.520004	-112.92	-143.96	1000.0	229999	-14.986265	5.3869696	-0.60956526	-26.462164	14.987321	0.0075755366	25935.248765945435
116	-143.47	22.270004	-121.2	-165.74	1000.0	231999	-15.00528	5.3542166	-0.5103586	-26.354237	15.006555	0.00962663	25977.960509300232
117	-125.03333	80.25466	-12.24	-192.36	723.6667	233999	-15.02528	5.364194	-0.62512994	-26.465591	15.026467	0.00969771	26649.75104212761
118	-94.085	27.735	-66.35	-121.82	987.5	235999	-14.998113	5.376403	-0.638922	-26.617092	14.998511	0.010065216	26906.81958436966
119	-118.936676	78.89841	-7.54	-180.16	713.3333	237999	-14.999055	5.375467	-0.48565844	-26.312124	14.999814	0.009056716	27007.31004524231
120	-76.645004	68.05842	-10.21	-168.29	595.5	239999	-14.968544	5.3846197	-0.51329666	-26.360495	14.969561	0.00963122	27196.034635305405
121	-167.855	1.675003	-166.18	-169.53	1000.0	241999	-14.995248	5.3659616	-0.50861716	-26.320658	14.996373	0.009550873	27238.010756969452
122	-174.995	34.595	-140.4	-209.59	1000.0	243999	-15.02106	5.3490067	-0.44307214	-26.292175	15.02168	0.0074307374	27278.798197746277
123	-195.065	12.735001	-182.33	-207.8	1000.0	245999	-15.044306	5.3665295	-0.22295316	-26.29004	15.045235	0.007448382	27321.016280651093
124	-150.265	24.214996	-126.05	-174.48	1000.0	247999	-15.066137	5.369614	-0.215505	-26.42166	15.0668125	0.0092986245	27365.138098716736
125	-174.60501	20.445	-154.16	-195.05	1000.0	249999	-15.094542	5.3407288	-0.3577801	-26.472496	15.095326	0.0077680126	27406.090472221375
126	-154.66	17.96	-136.7	-172.62	1000.0	251999	-15.133318	5.345483	-0.25898066	-26.347624	15.133961	0.0091562215	28319.78322339058
127	-165.975	13.825005	-152.15	-179.8	1000.0	253999	-15.125519	5.334647	-0.27720794	-26.335466	15.12699	0.0077576544	28363.87876725197
128	-113.85667	79.21344	-13.17	-206.73	726.3333	255999	-15.128037	5.330462	-0.3718804	-26.347364	15.129139	0.009883283	28449.240372657776
129	-102.71001	81.39	-21.32	-184.1	657.0	257999	-15.149776	5.358549	-0.30403012	-26.240519	15.15058	0.007999853	28573.92940211296
130	-191.625	0.31500244	-191.31	-191.94	1000.0	259999	-15.170419	5.3759007	-0.26081985	-26.273533	15.171329	0.010132811	28615.500129699707
131	-89.7675	74.36253	-15.48	-177.72	622.75	261999	-15.178644	5.374722	-0.2900234	-26.352703	15.17993	0.008582192	28785.574223279953
132	-102.034996	63.835	-38.2	-165.87	778.5	263999	-15.162905	5.368654	-0.31744468	-26.244495	15.16407	0.008835639	29154.147815465927
133	-69.08	57.014534	-8.93	-126.25	605.75	265999	-15.160554	5.366047	0.2967645	-26.204126	15.161251	0.009022855	29367.185584306717
134	-91.246666	55.858105	-12.31	-133.35	718.3333	267999	-15.11949	5.3589787	0.46420145	-26.259468	15.12026	0.007547609	29433.54398226738
135	-59.043335	56.25977	-16.69	-138.55	498.66666	269999	-15.11808	5.3509326	0.5300289	-26.321115	15.118859	0.009642475	30482.789258241653
136	-133.845	5.574997	-128.27	-139.42	1000.0	271999	-15.050854	5.371944	0.64799607	-26.208767	15.051543	0.008785686	31850.247533082962
137	-141.245	70.755	-70.49	-212.0	1000.0	273999	-15.070841	5.3707924	0.68301886	-26.21518	15.072064	0.009128027	32256.89085149765
138	-106.1225	88.74413	-13.62	-227.43	646.75	275999	-15.104854	5.381726	0.5125264	-26.439238	15.105968	0.008684641	32413.73183631897
139	-173.91501	28.385002	-145.53	-202.3	1000.0	277999	-15.120443	5.4003396	0.47715664	-26.510937	15.1218	0.008485363	32455.233016252518
140	-91.05	74.28	-16.77	-165.33	628.5	279999	-15.121107	5.402554	0.47330463	-26.53574	15.121082	0.008556539	32576.80450129509
141	-177.19	28.449997	-148.74	-205.64	1000.0	281999	-15.134719	5.383975	0.4026881	-26.507814	15.135191	0.009460596	32618.985816717148
142	-93.832504	73.682045	-17.56	-187.81	635.0	283999	-15.160117	5.3643494	0.23223141	-26.560667	15.161145	0.007625364	32854.54942369461
143	-180.4	14.720001	-165.68	-195.12	1000.0	285999	-15.1277485	5.398147	0.20858258	-26.514027	15.12815	0.0081483405	32896.921889305115
144	-47.43	19.89	-27.54	-67.32	722.5	287999	-15.123085	5.42162	0.25537843	-26.569708	15.123928	0.009990108	33867.106348752975
145	-174.215	31.515	-142.7	-205.73	1000.0	289999	-15.130641	5.4223323	0.2546191	-26.554003	15.131765	0.006235057	33910.5095744133
146	-108.533325	62.045284	-21.82	-163.51	766.3333	291999	-15.114912	5.422794	0.2066946	-26.548628	15.115633	0.009402237	34067.6547498703
147	-177.795	19.625	-158.17	-197.42	1000.0	293999	-15.104947	5.4157906	0.475092	-26.614162	15.10517	0.008164957	34109.969489336014
148	-121.013336	64.98635	-31.8	-184.74	829.6667	295999	-15.139944	5.410787	0.12308946	-26.661947	15.140897	0.008591698	34366.66976523399
149	-79.755	56.394997	-23.36	-136.15	667.5	297999	-15.10925	5.409263	0.115210444	-26.561565	15.109777	0.00782327	34552.77657032013
150	-106.666664	54.02082	-30.74	-151.96	800.6667	299999	-15.126475	5.4066834	0.16458851	-26.658052	15.126465	0.011221154	34709.14480471611
151	-174.12	1.0699997	-173.05	-175.19	1000.0	301999	-15.1200285	5.409249	0.08353174	-26.707703	15.120486	0.0077384105	34751.05047607422
152	-113.223335	71.912865	-22.04	-197.82	756.3333	303999	-15.124122	5.404787	0.08849877	-26.526546	15.124284	0.008917654	34971.89490675926
153	-58.505	61.631275	-16.0	-164.13	501.0	305999	-15.106362	5.407709	0.21936873	-26.615442	15.107961	0.009446512	35384.252705574036
154	-179.245	7.205002	-172.04	-186.45	1000.0	307999	-15.103473	5.413548	0.31413504	-26.666468	15.104887	0.008898382	35427.33884191513
155	-107.775	75.115005	-32.66	-182.89	776.0	309999	-15.164205	5.4064026	0.2904404	-26.562819	15.165229	0.0075051854	35689.44639277458
156	-112.149994	72.8305	-9.33	-168.8	717.3333	311999	-15.143798	5.409189	0.2085892	-26.537905	15.144915	0.0068260706	35763.7092063427
157	-190.86499	3.9749985	-186.89	-194.84	1000.0	313999	-15.142881	5.3933644	0.12800425	-26.541119	15.1444845	0.009159973	35877.99661540985
158	-119.85	80.27	-39.58	-200.12	781.5	315999	-15.172333	5.4181113	0.080483794	-26.701813	15.173871	0.007903268	36161.82567501068
159	-94.995	79.750755	-13.59	-193.78	605.5	317999	-15.192455	5.4043546	0.2047131	-26.575274	15.193911	0.0069901906	36343.33396100998
160	-113.35	75.81654	-10.95	-192.08	726.6667	319999	-15.174169	5.4095035	0.046166033	-26.55359	15.174745	0.00913164	36424.92099118233
161	-153.785	0.82499695	-152.96	-154.61	1000.0	321999	-15.207152	5.394915	0.1548293	-26.573023	15.207877	0.011035593	36467.5953938961
162	-92.75	55.43592	-14.81	-139.05	722.6667	323999	-15.1919985	5.390852	0.1858291	-26.646727	15.19299	0.010019421	36541.53573179245
163	-66.810005	74.03295	-12.77	-171.49	490.0	325999	-15.18169	5.3948503	0.2495527	-26.790485	15.182555	0.006973089	36769.334158182144
164	-90.76	81.87698	-11.61	-204.17	598.75	327999	-15.183551	5.421038	0.16693738	-26.551176	15.184316	0.007367036	37803.54427242279
165	-94.795	69.465	-25.33	-164.26	684.5	329999	-15.163942	5.4192767	0.19175136	-26.658148	15.164742	0.00895153	37992.895567178726
166	-142.81334	84.45459	-23.38	-203.32	770.0	331999	-15.181546	5.4367228	0.12027097	-26.745235	15.182117	0.008401571	38082.87908601761
167	-118.115	84.925	-33.19	-203.04	736.5	333999	-15.195201	5.4290967	0.2444585	-26.758642	15.195686	0.00911616	38308.053681612015
168	-153.465	14.595001	-138.87	-168.06	1000.0	335999	-15.19006	5.430159	0.26449206	-26.59717	15.190469	0.0077309557	38351.86965870857
169	-163.725	38.015003	-125.71	-201.74	1000.0	337999	-15.192782	5.4251895	0.24046257	-26.617382	15.192981	0.009033102	38394.00979709625
170	-131.82333	48.94073	-63.81	-176.94	984.0	339999	-15.185162	5.4308414	0.2964222	-26.605194	15.185955	0.007453913	39194.568836927414
171	-171.65	16.849998	-154.8	-188.5	1000.0	341999	-15.197792	5.44549	0.4280957	-26.635778	15.198936	0.008034185	39236.93286252022
172	-166.235	8.604996	-157.63	-174.84	1000.0	343999	-15.221529	5.432289	0.30727616	-26.581858	15.222792	0.008567923	39278.89479517937
173	-89.729996	75.35999	-14.37	-165.09	593.5	345999	-15.212378	5.4303203	0.29693744	-26.628653	15.213692	0.007869463	39352.68654060364
174	-102.07	52.430443	-30.59	-154.88	809.6667	347999	-15.233402	5.424232	0.3103107	-26.549757	15.234252	0.006649137	39629.90443396568
175	-127.700005	87.172935	-12.14	-222.67	743.6667	349999	-15.2081585	5.428751	0.3322726	-26.55196	15.208656	0.00833297	39796.34788799286
176	-120.61	102.62	-17.99	-223.23	622.0	351999	-15.236398	5.463603	0.2132056	-26.645157	15.2374	0.007731474	39886.73431825638
177	-144.065	4.994995	-139.07	-149.06	1000.0	353999	-15.224198	5.455644	0.25833976	-26.58978	15.224758	0.008920349	39928.325926065445
178	-157.625	13.524994	-144.1	-171.15	1000.0	355999	-15.249872	5.4363265	0.16342914	-26.68489	15.250593	0.0070192805	39970.91839694977
179	-172.285	31.934998	-140.35	-204.22	1000.0	357999	-15.255881	5.432449	0.33214653	-26.662577	15.256914	0.007987481	40012.55141425133
180	-126.04	79.3825	-14.38	-191.94	737.6667	359999	-15.279129	5.4435024	0.1949859	-26.620058	15.279778	0.007981037	40096.44301748276
181	-162.13501	6.685005	-155.45	-168.82	1000.0	361999	-15.282496	5.4382215	0.34270826	-26.575525	15.283252	0.0074869273	40138.7078397274
182	-133.12	66.56749	-38.98	-180.49	868.0	363999	-15.286765	5.437229	0.30484483	-26.541082	15.287935	0.0061516454	40634.875665187836
183	-90.53	72.99	-17.54	-163.52	622.0	365999	-15.287048	5.426996	0.21946698	-26.632565	15.287938	0.008931741	40727.1966586113
184	-125.02334	82.96184	-14.62	-214.61	726.3333	367999	-15.283028	5.437477	0.3159861	-26.59331	15.2841835	0.007378852	40808.69325351715
185	-99.79	54.511505	-22.7	-138.66	772.0	369999	-15.287931	5.461975	0.17994398	-26.591516	15.28876	0.008548254	40975.843920230865
186	-84.5	46.47	-38.03	-130.97	773.0	371999	-15.25308	5.4427075	0.1971488	-26.70154	15.253799	0.00813632	41182.145503759384
187	-105.28	63.95479	-15.08	-156.15	728.6667	373999	-15.261	5.4323754	0.21766159	-26.851091	15.262376	0.010113203	41272.344227313995
188	-72.33001	47.007927	-28.04	-137.41	719.3333	375999	-15.246529	5.429679	0.22638816	-26.891918	15.24733	0.009395739	42049.990267038345
189	-138.475	4.064995	-134.41	-142.54	1000.0	377999	-15.2154875	5.452745	0.17687264	-26.622688	15.2157755	0.010295888	42257.42326951027
190	-109.175	66.315	-42.86	-175.49	797.0	379999	-15.213459	5.448531	0.19966629	-26.567148	15.21427	0.008448316	42392.993819475174
191	-195.38501	29.385002	-166.0	-224.77	1000.0	381999	-15.238249	5.4443884	0.25857309	-26.599768	15.238942	0.007097764	42434.37245130539
192	-57.11333	62.77414	-10.82	-166.54	460.5	383999	-15.220245	5.461943	0.28003174	-26.57697	15.220646	0.010073131	42722.04014801979
193	-90.49667	76.24445	-19.79	-196.35	692.6667	385999	-15.175887	5.49512	0.3332115	-26.59306	15.176578	0.008085825	43436.60694313049
194	-92.005	59.804996	-32.2	-151.81	771.5	387999	-15.185854	5.495588	0.34620833	-26.568624	15.186493	0.008918436	43706.705322265625
195	-174.9	20.220001	-154.68	-195.12	1000.0	389999	-15.195744	5.4778447	0.31280324	-26.57111	15.196045	0.00993756	43748.45612716675
196	-158.95999	9.760002	-149.2	-168.72	1000.0	391999	-15.194936	5.4782996	0.4317417	-26.503965	15.195782	0.007045499	43792.045852184296
197	-87.284996	73.40072	-11.91	-167.05	609.0	393999	-15.207125	5.4562163	0.26759067	-26.567728	15.207815	0.008456313	43980.25772738457
198	-129.185	6.2149963	-122.97	-135.4	1000.0	395999	-15.210061	5.4652567	0.367424	-26.561954	15.210719	0.008009561	44915.61911249161
199	-131.48999	4.8199997	-126.67	-136.31	1000.0	397999	-15.186087	5.4785023	0.40814573	-26.789867	15.186703	0.009796026	44958.98313641548
200	-168.315	10.345001	-157.97	-178.66	1000.0	399999	-15.159785	5.4583125	0.25139144	-26.543787	15.160575	0.008266738	45000.10221910477
201	-149.175	7.7649994	-141.41	-156.94	1000.0	401999	-15.203815	5.4312735	0.295195	-26.598251	15.204689	0.008528286	45041.208631277084
202	-131.1	11.98	-119.12	-143.08	1000.0	403999	-15.211718	5.4117136	0.54170835	-26.672768	15.212768	0.008533489	45090.85563206673
203	-158.26001	27.46	-130.8	-185.72	1000.0	405999	-15.196813	5.405722	0.30007607	-26.515572	15.197502	0.0082251625	46071.219969034195
204	-75.68	51.059998	-24.62	-126.74	677.0	407999	-15.2025585	5.4143314	0.36497486	-26.577988	15.202924	0.009592271	47138.594632864
205	-164.755	22.015	-142.74	-186.77	1000.0	409999	-15.203757	5.4129505	0.41382208	-26.600264	15.204678	0.0070002335	47180.6858625412
206	-75.600006	53.14991	-17.6	-135.97	659.5	411999	-15.203918	5.388589	0.24682295	-26.591469	15.2049465	0.0072462666	47404.53079152107
207	-47.465004	53.615196	-15.56	-140.32	424.75	413999	-15.171114	5.4167547	0.20670271	-26.564959	15.171693	0.00991483	47577.11913728714
208	-184.065	32.114998	-151.95	-216.18	1000.0	415999	-15.196251	5.415607	0.16515213	-26.62667	15.196774	0.008013277	47619.542031526566
209	-112.329994	67.88089	-16.87	-168.85	728.6667	417999	-15.2003565	5.4242578	0.14275363	-26.627151	15.200789	0.007986468	47685.44420957565
210	-49.337498	52.361736	-10.04	-139.44	464.25	419999	-15.174414	5.4141135	0.18637368	-26.578564	15.17516	0.006993223	48017.44187998772
211	-128.93	84.55922	-12.52	-210.84	720.3333	421999	-15.158659	5.4403996	0.13969028	-26.62116	15.159012	0.009499611	48095.83571720123
212	-191.51999	38.480003	-153.04	-230.0	1000.0	423999	-15.184773	5.4318457	0.09592694	-27.202776	15.185322	0.008793434	48136.69794178009
213	-110.97	71.614975	-9.75	-164.57	725.0	425999	-15.228042	5.4149017	0.06767985	-27.268156	15.228892	0.008368108	48236.43665790558
214	-71.435	56.684998	-14.75	-128.12	590.5	427999	-15.214542	5.4154315	0.05223912	-27.446812	15.214801	0.007843382	49236.65611624718
215	-156.45	6.800003	-149.65	-163.25	1000.0	429999	-15.221559	5.407087	0.05524388	-27.272495	15.222047	0.00970002	49277.650504112244
216	-101.39	78.77644	-13.0	-189.26	696.0	431999	-15.187198	5.417113	0.32527307	-27.324081	15.18758	0.010704144	49705.539387226105
217	-128.78	11.290005	-117.49	-140.07	1000.0	433999	-15.195137	5.422165	0.20275024	-27.215498	15.195482	0.007253848	49755.375049352646
218	-161.125	19.235	-141.89	-180.36	1000.0	435999	-15.208934	5.4157953	0.1803815	-27.35265	15.209781	0.008316103	49797.119581222534
219	-55.762497	55.073334	-16.81	-150.83	502.25	437999	-15.197971	5.404985	0.26132235	-27.221743	15.19881	0.009134464	50256.69631886482
220	-174.33499	4.935005	-169.4	-179.27	1000.0	439999	-15.205083	5.4143085	0.109686345	-27.202381	15.206153	0.007192052	50298.68853497505
221	-83.215004	61.615	-21.6	-144.83	638.5	441999	-15.194017	5.4199657	0.17053291	-27.258684	15.194545	0.009441306	50394.55006146431
222	-188.345	20.095001	-168.25	-208.44	1000.0	443999	-15.226908	5.391842	0.22454897	-27.19773	15.227379	0.0073967595	50437.01083803177
223	-82.644005	80.41415	-15.46	-199.94	548.8	445999	-15.21592	5.403219	0.045361698	-27.210915	15.216892	0.011604311	50616.00491428375
224	-85.075005	56.475002	-28.6	-141.55	697.5	447999	-15.199435	5.3989487	0.18028274	-27.230242	15.20043	0.009786629	50862.85558462143
225	-200.715	17.785004	-182.93	-218.5	1000.0	449999	-15.207791	5.4257174	0.1576958	-27.256338	15.208324	0.007804512	50904.940293073654
226	-173.72	25.240005	-148.48	-198.96	1000.0	451999	-15.20895	5.437009	0.09055695	-27.245264	15.209963	0.00839227	50947.2206056118
227	-96.0175	83.728676	-13.76	-207.67	587.5	453999	-15.25291	5.405873	0.22086692	-27.21848	15.253557	0.0079769865	51060.72181558609
228	-86.07	62.370003	-23.7	-148.44	666.0	455999	-15.251548	5.428326	-0.0158692	-27.18852	15.2520075	0.009395769	51145.48494100571
229	-128.31667	78.71094	-20.4	-205.91	763.0	457999	-15.23813	5.431711	0.43432578	-27.09711	15.23891	0.008971548	51259.850113391876
230	-83.049995	68.12014	-12.92	-157.64	609.25	459999	-15.252051	5.424635	0.246548	-27.214174	15.253139	0.009558383	51403.838134765625
231	-162.28	35.91	-126.37	-198.19	1000.0	461999	-15.231648	5.439169	0.3384685	-27.209198	15.232414	0.008892467	51491.803844213486
232	-76.065	55.135	-20.93	-131.2	649.5	463999	-15.247313	5.4246993	-0.0013645291	-27.191994	15.248129	0.0066859527	52446.983501672745
233	-173.785	38.095	-135.69	-211.88	1000.0	465999	-15.256681	5.417758	-0.019331574	-27.243662	15.257117	0.0072673033	52489.49854302406
234	-106.04	64.29537	-16.8	-165.76	728.3333	467999	-15.250993	5.431591	0.040359706	-27.245647	15.252304	0.008415632	53444.55080127716
235	-162.705	15.104996	-147.6	-177.81	1000.0	469999	-15.248512	5.4130015	-0.085540116	-27.25893	15.249494	0.0072074337	53489.57795929909
236	-70.415	52.83652	-15.32	-124.78	628.5	471999	-15.236713	5.402647	-0.080806136	-27.431313	15.237853	0.009815668	53860.290611982346
237	-54.4425	60.598663	-10.35	-158.81	433.25	473999	-15.226723	5.406444	-0.082838506	-27.255789	15.22717	0.0074107633	54182.57025885582
238	-174.12	6.8899994	-167.23	-181.01	1000.0	475999	-15.234846	5.4099164	-0.124557704	-27.273287	15.235488	0.0074678524	54225.18309521675
239	-58.3375	65.77978	-19.99	-172.27	433.0	477999	-15.224745	5.415631	-0.11371729	-27.233236	15.225323	0.009442632	54424.31832289696
240	-98.235	83.9668	-13.52	-186.8	607.0	479999	-15.246327	5.4129143	-0.081659496	-27.251495	15.247029	0.0076533337	54588.913608551025
241	-80.75667	90.57899	-12.49	-208.76	496.0	481999	-15.25336	5.4281893	-0.11048421	-27.27842	15.253997	0.008139195	54752.28928232193
242	-119.49	66.68638	-26.78	-180.82	786.3333	483999	-15.2253	5.445916	-0.07793656	-27.258335	15.226333	0.008434962	54855.46865463257
243	-118.13333	76.34335	-18.45	-203.89	748.0	485999	-15.245233	5.4509254	-0.09323019	-27.24534	15.246198	0.008404555	54959.845143556595
244	-176.61	2.2899933	-174.32	-178.9	1000.0	487999	-15.245945	5.4278316	-0.17690924	-27.252666	15.2465315	0.010954513	55001.21881580353
245	-76.60667	63.733864	-15.77	-164.62	645.3333	489999	-15.230617	5.4500985	-0.12855545	-27.355797	15.231468	0.009452816	55555.1935210228
246	-144.36	4.6900024	-139.67	-149.05	1000.0	491999	-15.227044	5.4394546	-0.12000942	-27.1866	15.228113	0.0071559735	55608.24428939819
247	-93.65	36.38	-57.27	-130.03	910.5	493999	-15.221188	5.4467697	-0.1421833	-27.250837	15.222138	0.009083247	57150.775730371475
248	-163.98001	12.57	-151.41	-176.55	1000.0	495999	-15.234903	5.441508	-0.13122633	-27.38811	15.235449	0.006928474	57517.63173341751
249	-139.19	10.760002	-128.43	-149.95	1000.0	497999	-15.208367	5.44572	-0.11809248	-27.202244	15.209084	0.009245266	58119.44260239601
250	-145.46	26.000004	-119.46	-171.46	1000.0	499999	-15.21378	5.436021	-0.23697746	-27.195765	15.214552	0.009201718	58170.348752737045
251	-151.045	16.434998	-134.61	-167.48	1000.0	501999	-15.229776	5.426883	0.11945185	-27.236483	15.230659	0.011478476	58214.1424434185
252	-165.82999	7.0999985	-158.73	-172.93	1000.0	503999	-15.219966	5.4116845	-0.17769521	-27.224632	15.220694	0.007665081	58257.589547634125
253	-93.77667	53.3405	-18.51	-135.77	757.6667	505999	-15.214985	5.4269934	-0.1758135	-27.307142	15.215155	0.009597805	58377.81136894226
254	-135.325	7.1849976	-128.14	-142.51	1000.0	507999	-15.20465	5.419702	-0.121236145	-27.206549	15.20546	0.00667795	59333.482712984085
255	-107.52	86.12	-21.4	-193.64	645.0	509999	-15.207675	5.412264	-0.12264967	-27.234629	15.20806	0.008995872	59434.08434891701
256	-91.23	68.74876	-16.41	-187.69	690.0	511999	-15.189485	5.4285645	0.045696378	-27.112665	15.189909	0.007893458	59881.62223505974
257	-130.175	8.395004	-121.78	-138.57	1000.0	513999	-15.196776	5.432184	-0.18069512	-27.256493	15.197573	0.0056764823	59973.826875925064
258	-182.32	2.8299942	-179.49	-185.15	1000.0	515999	-15.196809	5.4109674	-0.13343704	-27.301804	15.197358	0.007801385	60016.31533122063
