Epoch	AverageEpRet	StdEpRet	MaxEpRet	MinEpRet	EpLen	AverageVVals	StdVVals	MaxVVals	MinVVals	TotalEnvInteracts	LossPi	LossV	DeltaLossPi	DeltaLossV	Entropy	KL	ClipFrac	StopIter	Time
0	-124.8325	11.998719	-112.94	-143.08	1000.0	-0.18446457	0.0061980733	-0.17387335	-0.20590578	4000	-2.3841858e-07	133.84795	-0.0032506771	-115.173294	0.918938	0.0040291212	0.02775	79.0	23.189815521240234
1	-101.270004	25.132547	-68.62	-128.48	1000.0	-8.15211	0.08551022	-7.9107757	-8.328129	8000	5.9604645e-08	10.200399	-0.006320402	-3.6689742	0.92560154	0.0059690354	0.05425	79.0	46.56444525718689
2	-90.0325	24.42195	-69.39	-131.34	1000.0	-9.852273	0.10443246	-9.574576	-10.078956	12000	-2.9802322e-08	6.4861794	-0.004247036	-0.93716955	0.9286102	0.004193539	0.034	79.0	68.7260754108429
3	-91.985	35.140167	-54.27	-136.77	1000.0	-9.177803	0.15763777	-8.807839	-9.429497	16000	-1.4901161e-07	10.875631	-0.0048433393	-0.8855039	0.9324031	0.0044895858	0.0385	79.0	91.35886812210083
4	-77.350006	34.836205	-37.41	-131.13	1000.0	-9.148952	0.23193021	-8.82854	-9.584031	20000	0.0	11.091537	-0.0023065023	-2.4621274	0.9228262	0.002585645	0.019749999	79.0	113.81493401527405
5	-88.9525	19.123997	-68.34	-111.01	1000.0	-7.24092	0.73591745	-6.276436	-8.416055	24000	-1.4901161e-08	4.299158	-0.0021394044	-2.5307674	0.9222395	0.004914918	0.028	79.0	135.91899991035461
6	-81.270004	22.862951	-42.76	-102.44	1000.0	-9.463597	0.44082618	-8.657692	-9.979538	28000	-1.4901161e-08	5.0093083	-0.0059309267	-2.1883864	0.9136622	0.0035896061	0.064	79.0	158.0396749973297
7	-78.682495	27.000689	-35.05	-104.56	1000.0	-8.036272	0.7954773	-7.208323	-9.460934	32000	-2.9802322e-08	5.209822	-0.00383389	-0.5457393	0.90432745	0.0062279957	0.0735	79.0	179.79880952835083
8	-74.435	19.014572	-57.81	-106.77	1000.0	-7.39597	1.371632	-5.1402297	-8.765046	36000	8.940697e-08	4.9440217	-0.006024666	-1.749245	0.8831289	0.007429608	0.055749997	79.0	201.7471182346344
9	-79.41	21.292004	-45.83	-101.19	1000.0	-6.6588917	1.2107515	-4.323247	-8.378879	40000	-2.9802322e-08	9.07369	-0.002984291	-4.1828084	0.8833044	0.004719217	0.031999998	79.0	223.49768686294556
10	-60.49	6.665069	-53.33	-67.26	1000.0	-7.9147296	0.159718	-7.5637794	-8.417326	44000	-5.9604645e-08	3.7735949	-0.004002437	-3.0450025	0.8861637	0.00564095	0.04575	79.0	244.99009799957275
11	-74.485	7.37357	-63.87	-83.37	1000.0	-5.9573936	0.17308667	-5.4997287	-6.3992357	48000	-2.9802322e-08	2.534668	-0.0044329017	-1.6085472	0.883738	0.0075171026	0.052	79.0	266.5436329841614
12	-66.884995	25.142454	-31.98	-93.86	1000.0	-7.041828	0.28140518	-6.4449296	-7.8739705	52000	0.0	5.7298455	-0.0051815137	-0.91584206	0.8778535	0.004564013	0.081	79.0	288.630521774292
13	-86.83501	62.850487	-16.6	-159.71	906.0	-5.587251	0.8131805	-3.928487	-7.7574754	56000	0.0	48.522087	-0.0037463307	-16.221336	0.8521953	0.0028729711	0.03875	79.0	311.2731099128723
14	-55.382496	38.667336	9.19	-87.42	756.25	-8.283905	0.62756366	-6.4782815	-9.822998	60000	-2.9802322e-08	4.329308	-0.0022119363	-0.6321908	0.83718675	0.0039808378	0.02375	79.0	333.2295751571655
15	-77.545	25.03449	-45.27	-115.52	1000.0	-7.996089	0.36877188	-7.2445707	-9.043517	64000	-4.4703484e-08	5.167072	-0.0045791585	-0.8576367	0.8386575	0.0061351648	0.05375	79.0	355.3527464866638
16	-82.412506	20.634508	-54.95	-105.6	1000.0	-8.00139	0.792902	-6.2383165	-8.890579	68000	1.4901161e-08	1.9159663	-0.0055421293	-1.2351834	0.8500319	0.005915777	0.05575	79.0	377.1101610660553
17	-125.8675	21.672659	-103.01	-160.8	1000.0	-9.14613	0.42669082	-7.6859927	-10.186299	72000	-2.9802322e-08	16.887268	-0.0025109649	-11.825568	0.83892506	0.004602723	0.03475	79.0	398.8171052932739
18	-90.91	33.06723	-48.39	-141.25	1000.0	-11.389807	0.966042	-9.34174	-12.704755	76000	-2.9802322e-08	13.049968	-0.005531437	-6.4759836	0.835741	0.0037507976	0.060250003	79.0	420.8483211994171
19	-74.9125	17.288359	-52.06	-96.53	1000.0	-9.880796	1.2172253	-6.904581	-11.426977	80000	-9.685755e-08	6.904335	-0.0053184927	-4.939698	0.8190403	0.0031144938	0.04725	79.0	442.57411098480225
20	-93.17	16.583359	-79.95	-121.61	1000.0	-7.3107877	1.931529	-3.6019716	-9.1884775	84000	0.0	7.9177217	-0.0063130334	-5.805332	0.8189795	0.0062513906	0.061	79.0	464.39013743400574
21	-100.5	25.381922	-71.87	-125.99	1000.0	-9.566361	0.9875597	-7.367827	-10.580756	88000	0.0	3.939892	-0.0058507174	-1.7110202	0.80962896	0.0068655754	0.062000003	79.0	486.8801646232605
22	-71.475006	13.994009	-47.33	-81.33	1000.0	-9.590798	0.8868549	-5.0986958	-10.631863	92000	-7.4505806e-08	5.725589	-0.009391068	-5.024251	0.8098339	0.0064747795	0.083749995	79.0	508.88000893592834
23	-62.8025	18.369328	-43.87	-92.66	1000.0	-6.7358046	1.473182	-3.7859461	-9.273072	96000	-5.9604645e-08	0.54393387	-0.008994713	-0.228701	0.80206305	0.005656777	0.09525	79.0	530.5520763397217
24	-61.42	20.803707	-35.81	-92.75	1000.0	-4.942453	2.123775	-1.8472304	-9.061569	100000	0.0	2.2499132	-0.010053661	-1.2561705	0.7956241	0.01097394	0.11725	79.0	552.3092193603516
25	-56.8575	13.364256	-42.33	-73.03	1000.0	-6.846127	1.2842455	-4.4866276	-8.912195	104000	-7.4505806e-08	1.2279975	-0.0068955068	-0.940702	0.7752705	0.023406005	0.28175	3.0	574.0549230575562
26	-46.505	6.973071	-36.4	-53.34	1000.0	-5.289685	0.5310545	-3.4359598	-6.436717	108000	-4.4703484e-08	0.83759344	-0.0011385975	-0.33921364	0.774746	0.017375916	0.23699999	2.0	595.6340169906616
27	-33.7375	18.602747	-2.07	-49.27	836.75	-3.503694	1.6863617	-0.56757784	-5.4761477	112000	1.4901161e-08	4.6934805	-0.0051951353	-1.4229357	0.7743886	0.0088778455	0.07975	79.0	617.6779215335846
28	-53.6025	17.19401	-33.24	-80.18	1000.0	-4.4307733	0.5133389	-3.5845187	-5.079522	116000	0.0	3.2193072	-0.004845593	-2.6943753	0.76176333	0.0062086605	0.0515	79.0	639.5553793907166
29	-60.8125	28.203758	-26.88	-94.38	1000.0	-5.6380057	1.7821882	-2.7300136	-8.249338	120000	2.9802322e-08	1.6808772	-0.005166225	-1.0592853	0.75947165	0.005072175	0.0695	79.0	661.3624830245972
30	-35.3775	19.015865	-2.82	-50.1	833.5	-3.4221933	1.191335	-1.7507457	-6.8887067	124000	-7.450581e-09	4.9661407	-0.007785999	-1.5034702	0.7514671	0.008267453	0.0595	79.0	683.6790697574615
31	-44.129997	9.572277	-35.8	-59.44	1000.0	-4.3018994	0.67210346	-3.2284648	-6.1528106	128000	-2.9802322e-08	0.28850493	-0.0074754916	-0.08775921	0.7344747	0.006099345	0.061499998	79.0	705.4934279918671
32	-66.3175	17.724104	-41.45	-84.81	1000.0	-5.3156924	0.7075461	-4.3095975	-6.8589973	132000	2.9802322e-08	2.538621	-0.0049360897	-2.1911075	0.7325413	0.0049371147	0.06575	79.0	727.4004075527191
33	-45.225	5.7940583	-39.83	-54.92	1000.0	-4.8372602	1.2292843	-3.1070461	-7.7246156	136000	-5.9604645e-08	0.9275104	-0.008271273	-0.661888	0.73586404	0.0071204086	0.06025	79.0	749.6626961231232
34	-28.7075	22.564209	5.37	-58.04	786.5	-2.6416638	0.7948674	-1.2174668	-3.9006205	140000	-2.9802322e-08	6.3729315	-0.0052087605	-2.2873847	0.7431208	0.0077760555	0.0585	79.0	772.3460326194763
35	-41.745	3.3917656	-38.54	-46.66	1000.0	-3.840188	0.29623005	-3.364038	-4.5713005	144000	-4.4703484e-08	0.3796603	-0.008245941	-0.11565283	0.73894596	0.0053644413	0.083000004	79.0	793.7649743556976
36	-26.1675	20.563313	8.46	-42.21	763.0	-3.8546891	0.1863595	-3.3947825	-4.682683	148000	3.7252903e-08	2.3844018	-0.0033094534	-0.64125264	0.73642486	0.0076509267	0.077250004	79.0	815.6359360218048
37	-40.495003	14.087216	-25.73	-63.73	1000.0	-2.92327	0.44281444	-2.1573207	-3.698285	152000	3.7252903e-08	3.8172574	-0.007488452	-2.3861268	0.72636944	0.0062835454	0.093	79.0	837.2771732807159
38	-53.207497	10.543683	-40.01	-68.56	1000.0	-3.021126	0.36206797	-2.6344223	-3.8179598	156000	-3.3527613e-08	5.6426826	-0.0069838986	-4.312838	0.72050446	0.008383507	0.0775	79.0	858.5436117649078
39	-31.7	20.157536	-0.43	-49.86	833.75	-4.6876903	0.20029667	-4.2865725	-5.51135	160000	2.9802322e-08	5.191837	-0.00455454	-1.06287	0.72647333	0.0051983558	0.08425	79.0	880.68004322052
40	-21.752499	26.118544	3.97	-58.72	595.5	-4.1278076	0.122607	-3.8407059	-4.8179555	164000	0.0	6.8651752	-0.005489244	-1.2561016	0.7254919	0.007634077	0.0825	79.0	902.729124546051
41	-3.9699998	10.927143	3.56	-29.16	402.42856	-3.0271676	0.2560017	-2.6097476	-3.928794	168000	-2.6077032e-08	15.118179	-0.004894629	-5.828476	0.707586	0.00836974	0.09175	79.0	926.4641799926758
42	-15.195999	21.83912	8.04	-45.57	561.0	-0.6204298	0.4797032	0.120475814	-1.9986163	172000	2.2351742e-08	10.854443	-0.0066201733	-4.6878996	0.68952924	0.013134646	0.139	79.0	950.2240200042725
43	-7.0800004	15.2339115	6.8	-33.07	458.14285	-2.024709	0.48447958	-1.3528194	-4.242864	176000	7.450581e-09	10.571836	-0.0053966036	-2.763249	0.6849984	0.008090136	0.10474999	79.0	973.964681148529
44	-7.8950005	11.788764	7.4	-24.03	525.6667	-0.605764	1.3282775	2.3384845	-2.5815573	180000	2.9802322e-08	7.4518023	-0.0055673085	-0.98507506	0.6677269	0.007089384	0.09375	79.0	997.3223550319672
45	-15.028333	16.104794	5.75	-34.78	644.8333	-1.920065	0.22161835	-0.65740305	-2.773082	184000	7.450581e-09	5.3450775	-0.0023793317	-2.2584999	0.6579742	0.016651541	0.227	4.0	1020.739687204361
46	-15.326001	19.05953	4.1	-39.36	542.8	2.0593555	1.8051184	5.9501886	-2.8512175	188000	1.0803342e-07	22.996267	-0.003995694	-16.617867	0.657998	0.0048522837	0.0525	79.0	1044.220976114273
47	-35.2425	21.296774	1.3	-51.73	798.0	-1.5563626	1.5072972	2.0813885	-4.273232	192000	3.7252903e-09	10.778605	-0.005250483	-7.1437707	0.65566987	0.0077131875	0.0705	79.0	1066.4823021888733
48	0.25333336	1.8929048	2.18	-2.07	272.83334	-4.320951	0.7634809	-2.683552	-5.7426376	196000	-1.1175871e-08	21.11444	-0.0033396585	-10.460092	0.6708427	0.008180568	0.070250005	79.0	1090.2480118274689
49	-13.6542845	18.42826	4.68	-38.6	562.2857	-0.93994385	0.59439677	0.4445836	-2.0304403	200000	0.0	8.873435	-0.005724922	-1.9809833	0.6633457	0.008146377	0.06425	79.0	1114.6442515850067
50	-6.674286	12.239787	2.81	-34.23	409.0	-1.4863489	0.50912404	-0.6463474	-2.7958965	204000	1.4901161e-08	10.94835	-0.0018294174	-2.764575	0.64932823	0.015360728	0.21474999	4.0	1138.4008054733276
51	3.589	2.6022778	9.05	0.27	180.2	-1.1275848	1.224436	1.1056597	-3.4484196	208000	-9.313226e-09	12.864863	-0.008116036	-3.577097	0.6484359	0.006373156	0.098	79.0	1163.1466307640076
52	-14.903999	21.027952	3.36	-42.39	513.8	0.83053935	2.6425424	3.9951792	-3.8580031	212000	-2.9802322e-08	22.90859	-0.0046107434	-15.891242	0.6348031	0.009218281	0.06475	79.0	1186.6564500331879
53	-9.607142	18.233606	5.73	-43.93	459.2857	-2.0482175	0.60634536	-0.7333483	-3.9567356	216000	-1.4901161e-08	9.771997	-0.006700717	-0.31299782	0.6173171	0.010757415	0.12525	79.0	1211.3252382278442
54	-3.9160004	14.015587	6.2	-31.11	383.2	-1.2270296	0.814135	0.19812015	-3.7865243	220000	-2.2351742e-08	9.403929	-0.0048001455	-2.4479737	0.6060925	0.008607548	0.08050001	79.0	1234.736065864563
55	-3.428	12.9282465	7.0	-32.45	364.6	-1.2337527	0.7073138	0.010069907	-2.7995298	224000	1.4901161e-08	13.644965	-0.0065090396	-1.9794534	0.60075754	0.0054265843	0.09175	79.0	1259.5682866573334
56	-14.561667	23.16624	3.37	-55.22	486.0	-0.18694282	0.26631227	0.5340949	-1.2551187	228000	2.9802322e-08	20.644829	-0.0066792723	-15.712601	0.60728216	0.0054482436	0.0615	79.0	1283.0635147094727
57	-11.46875	26.76152	8.18	-60.09	375.5	-3.5733633	1.9125669	0.5197376	-6.5311503	232000	7.450581e-09	12.090102	-0.006373264	-6.0856175	0.5939475	0.009249605	0.09	79.0	1307.1059670448303
58	-14.518333	17.335033	5.16	-35.65	598.1667	2.1012082	2.57488	3.7740095	-6.8451886	236000	7.4505806e-08	27.804132	-0.0065958984	-21.10203	0.59429234	0.008360771	0.091000006	79.0	1329.985948562622
59	-19.88857	27.893713	5.93	-56.99	510.7143	-3.3293333	1.1143237	-1.4176964	-5.2082562	240000	0.0	8.525087	-0.000922326	-1.7512441	0.5842001	0.01808891	0.21599999	4.0	1353.928820848465
60	3.1691666	3.0320082	7.74	-5.1	196.41667	-0.9372565	1.265381	0.34771824	-4.0459504	244000	1.1175871e-08	18.848145	-0.0055551827	-2.2889152	0.584012	0.004994474	0.0695	79.0	1378.1692764759064
61	-4.85	20.023327	6.98	-39.53	339.75	-0.14530149	1.1422783	0.55793977	-3.3888168	248000	-2.9802322e-08	11.442936	-0.003930382	-5.409231	0.56105673	0.007650041	0.088750005	79.0	1400.725917816162
62	-1.435	10.905629	4.5	-30.14	284.375	-1.9588792	0.43044722	-1.6322083	-4.2684984	252000	2.9802322e-08	12.144556	-0.0052689873	-2.4022083	0.56417406	0.008200139	0.08575	79.0	1425.2942762374878
63	-6.885714	16.75579	5.59	-38.44	401.57144	-0.7212362	0.78886557	0.43655682	-2.670458	256000	1.0826625e-08	10.384817	-0.0043407474	-1.986632	0.57348233	0.012577901	0.09925	79.0	1448.6321971416473
64	-3.3933337	20.45116	8.53	-60.93	269.33334	-2.317995	1.3417802	-0.097316936	-5.5796757	260000	1.4901161e-08	14.355484	-0.005875174	-8.530997	0.5865328	0.007917164	0.103750005	79.0	1475.1796553134918
65	-10.589999	19.126175	6.92	-42.18	495.14285	-0.43136224	2.808507	4.511139	-5.948281	264000	-1.4901161e-08	9.6135845	-0.006192167	-6.310799	0.5831429	0.006067198	0.0495	79.0	1500.0612285137177
66	-3.0955555	12.687883	3.09	-38.75	302.55554	-0.3440763	2.3777478	4.487373	-3.9523811	268000	-5.5879354e-09	10.022861	-0.0091762245	-1.261883	0.584554	0.01342119	0.116000004	79.0	1524.8199276924133
67	1.1400001	10.08054	7.54	-32.66	211.46153	-1.0017916	1.6123272	2.0515962	-4.850726	272000	-7.450581e-09	15.933405	-0.0042318543	-4.104889	0.5924346	0.0113117825	0.078999996	79.0	1551.3114457130432
68	-1.4600003	14.22206	7.72	-38.81	261.75	-0.66307443	2.0256817	4.833361	-4.42928	276000	-2.2351742e-08	7.891842	-0.006677298	-1.8855412	0.59818876	0.010286778	0.10875	79.0	1574.7124960422516
69	-20.942501	22.608393	4.42	-47.03	606.25	0.75612164	4.192475	6.4014115	-6.0613337	280000	0.0	31.454712	-0.007302452	-26.38076	0.59533566	0.007820319	0.08475	79.0	1597.5164289474487
70	-8.888332	27.403894	4.76	-70.1	303.66666	-1.7642198	0.45059407	-1.3129114	-2.988726	284000	4.4703484e-08	17.797707	-0.0030703242	-3.0804887	0.58910745	0.008966304	0.0735	79.0	1620.5468862056732
71	-0.7666668	16.70033	7.21	-47.75	222.44444	-2.7263181	0.2732226	-1.8380681	-3.9958766	288000	0.0	15.49721	-0.0039523523	-3.4833357	0.5851982	0.0065225605	0.0555	79.0	1644.8003783226013
72	0.85466665	10.817236	7.41	-37.93	199.26666	-1.07427	1.2368691	1.7712	-2.7932818	292000	-2.6077032e-08	18.11978	-0.0060219066	-4.6187415	0.5750027	0.004939248	0.059249997	79.0	1670.6631705760956
73	2.0775003	10.924855	7.61	-39.6	177.375	0.77171624	0.95351714	4.5762396	-1.540287	296000	0.0	15.813509	-0.005041346	-6.3798194	0.5695446	0.005186747	0.063250005	79.0	1698.0191190242767
74	-1.287273	18.298725	8.21	-58.74	207.09091	2.0015962	2.6606815	7.3998513	-1.6430365	300000	0.0	37.079033	-0.0057805795	-21.267014	0.5881901	0.011488831	0.09275	79.0	1723.8792324066162
75	-1.1479999	19.043476	7.05	-71.52	209.86667	-1.8822943	1.2770854	0.9320656	-4.2929935	304000	7.450581e-09	23.646252	-0.0052423514	-11.090363	0.5730302	0.011904417	0.0775	79.0	1749.4426789283752
76	-6.562857	15.747866	8.16	-31.99	409.2857	0.05369003	2.3437114	3.6977072	-6.3080544	308000	-1.1175871e-08	14.03621	-0.007930353	-6.1417804	0.5737738	0.011604905	0.10825	79.0	1772.6535408496857
77	-2.331111	16.533192	6.77	-48.8	236.66667	-4.0469217	2.4876354	-0.10149085	-8.014087	312000	7.450581e-09	12.3383875	-0.006066543	-4.514316	0.56782264	0.008948635	0.1095	79.0	1797.562576532364
78	-14.840001	31.523495	7.71	-80.62	413.0	-0.39127123	3.5647273	3.7299078	-7.552477	316000	-3.3527613e-08	12.506265	-0.005700373	-8.71375	0.5655188	0.010619436	0.092	79.0	1821.1882202625275
79	-1.4454551	14.073974	8.64	-33.08	278.63635	2.3099468	4.372057	7.889154	-3.6885123	320000	2.9802322e-08	39.976337	-0.0047987923	-27.050499	0.54870445	0.00710221	0.05625	79.0	1847.6248335838318
80	-14.1779995	27.417873	8.29	-62.12	454.8	-3.0939708	2.5353944	-0.3602944	-7.1458807	324000	2.2351742e-08	6.1374626	-0.0062549775	-1.2268705	0.5608053	0.013664152	0.08425	79.0	1870.3811829090118
81	4.515	2.1777568	7.81	0.36	140.25	-2.2924697	1.978366	0.54587114	-8.356673	328000	-3.7252903e-09	21.227985	-0.004175067	-11.974099	0.5554606	0.0060398118	0.06475	79.0	1893.81143450737
82	-6.117778	28.868603	7.21	-87.66	230.44444	-3.744005	3.3020775	2.7914064	-7.634802	332000	-2.2351742e-08	10.977449	-0.002404854	-2.838911	0.547579	0.017634507	0.2585	3.0	1916.6627287864685
83	-19.542	31.342558	7.48	-60.56	460.0	-2.4641707	4.6718307	3.526012	-8.930167	336000	7.450581e-09	9.84378	-0.0068404265	-6.241066	0.5475286	0.012389746	0.08575	79.0	1938.6339135169983
84	0.02384604	20.09476	9.03	-69.28	178.15384	-1.0460604	3.7134423	4.7305064	-7.186189	340000	2.9802322e-08	36.315506	-0.006556278	-20.099777	0.5503347	0.0117498785	0.122	79.0	1965.1906683444977
85	1.4439998	11.066744	8.32	-30.04	249.4	-1.2702818	2.4298065	0.97958446	-7.165146	344000	-3.7252903e-09	9.428368	-0.004278551	-0.8339923	0.5433981	0.01596247	0.21875	14.0	1988.6399474143982
86	-3.6410003	23.381613	7.45	-73.26	244.5	-1.8953011	3.44131	1.836882	-8.159786	348000	1.6763806e-08	11.320957	-0.001250023	-2.3885448	0.5454524	0.01628953	0.19975	5.0	2012.2973852157593
87	3.4037495	8.977271	8.86	-30.65	166.4375	-1.3978882	2.6764011	2.3013973	-8.145435	352000	2.7939677e-08	14.261761	-0.0053829663	-3.7305427	0.54606545	0.010185784	0.104	79.0	2038.9229497909546
88	5.2510524	2.2399175	9.54	-0.48	122.052635	1.4344753	1.7247922	5.0299573	-3.5874128	356000	-1.4901161e-08	19.502884	-0.0064848745	-8.256385	0.5529723	0.011573907	0.0855	79.0	2064.8807096481323
89	2.2589998	9.538478	9.13	-38.07	186.3	2.791046	2.142422	8.194013	-2.5476248	360000	7.450581e-09	30.452637	-0.007056251	-17.797327	0.57404107	0.00945322	0.09325	79.0	2092.1646823883057
90	0.13461539	11.691634	7.53	-27.15	255.84616	2.499808	0.57343787	3.5501099	-0.73487794	364000	-3.7252903e-09	18.320518	-0.0046071243	-11.085767	0.5722911	0.009553602	0.05925	79.0	2118.407279253006
91	5.190625	2.7397366	8.06	-0.75	150.5	2.873743	1.7474087	5.760511	-1.558767	368000	-2.2351742e-08	20.146091	-0.005358873	-8.627804	0.5646146	0.0057662856	0.06425	79.0	2143.655228614807
92	4.8707147	1.6146716	8.16	2.07	121.42857	1.516749	1.7349094	4.3915358	-2.4539795	372000	1.4901161e-08	17.392712	-0.0049595516	-7.3000064	0.5593554	0.008097323	0.09424999	79.0	2171.5284793376923
93	-31.1375	6.23232	-24.68	-38.09	1000.0	-0.4561947	1.594113	3.0716686	-2.4095273	376000	-2.9802322e-08	6.805337	-0.008434784	-6.2768717	0.5458103	0.004085539	0.08075	79.0	2193.855699300766
94	4.9494734	1.8238059	8.34	2.0	119.1579	-1.8956809	1.1861354	0.93349415	-3.9922974	380000	7.450581e-09	26.441496	-0.0049160793	-17.147896	0.5354157	0.007768524	0.073750004	79.0	2221.7094564437866
95	-3.438572	14.708385	8.96	-28.2	360.7143	0.88523376	1.947036	5.189319	-2.5521426	384000	0.0	11.303337	-0.005082749	-6.9103236	0.5285589	0.0055583883	0.059	79.0	2245.9919278621674
96	2.63	10.70154	8.39	-38.18	170.0625	-0.4627159	2.1640866	5.7502637	-3.0350661	388000	-3.7252903e-09	10.117769	-0.0068221353	-2.848448	0.51230603	0.011230035	0.11125	79.0	2271.3679897785187
97	4.408	1.1702803	6.88	2.29	136.4	1.4538139	4.170828	8.204958	-3.9582787	392000	0.0	14.449586	-0.0073567443	-8.311567	0.5140244	0.009935187	0.0925	79.0	2296.114806175232
98	5.3215384	1.5688254	7.35	1.94	126.69231	1.2721866	1.6849035	4.9492064	-2.5889966	396000	-7.450581e-09	15.231602	-0.0070069674	-6.2785544	0.5027354	0.007289069	0.10699999	79.0	2322.211213827133
99	1.7611113	11.2184305	8.28	-29.52	204.88889	1.8982124	2.7547626	6.0107183	-3.353981	400000	-5.9604645e-08	22.866592	-0.006903015	-16.232178	0.4976878	0.009996778	0.09975	79.0	2347.64280629158
100	2.9678571	8.312098	9.33	-25.61	178.64285	-0.4075801	1.493315	4.356344	-2.7668653	404000	1.792796e-08	12.081064	-0.0069681266	-1.3050994	0.49931148	0.013528979	0.089	79.0	2372.77770447731
101	3.964706	3.4251802	7.69	-7.85	164.05882	1.5638626	1.7744046	5.485217	-2.2997046	408000	1.4901161e-08	11.719477	-0.0054198178	-1.6630913	0.52004945	0.00898347	0.088250004	79.0	2398.6241896152496
102	4.5845003	1.6878699	8.03	0.96	125.45	1.625533	1.5824467	6.0198894	-3.0147707	412000	0.0	14.8377495	-0.004231481	-5.87868	0.5105539	0.006469818	0.05	79.0	2424.6961266994476
103	3.0513332	8.369967	8.72	-26.6	184.33333	2.0765676	1.7291639	7.0118256	-2.117931	416000	0.0	13.175821	-0.0059138206	-4.4496627	0.4958195	0.005199494	0.09425	79.0	2450.077381134033
104	5.9811115	2.108082	8.85	2.21	109.0	1.3622788	3.4718988	10.887183	-2.5145152	420000	-1.6763806e-08	15.981658	-0.009571588	-8.005923	0.49527737	0.01179247	0.18025	79.0	2474.269084215164
105	0.35833326	13.008451	9.48	-30.6	247.58333	0.8016594	1.3388667	4.2187	-2.5713396	424000	-1.4901161e-08	13.401279	-0.0078008138	-4.6205096	0.49038428	0.010304164	0.09775001	79.0	2499.8232860565186
106	-0.19714274	12.669437	6.11	-31.18	251.14285	-1.4273789	1.5645556	3.246505	-2.86361	428000	1.1175871e-08	6.6828437	-0.0059952047	-0.7885783	0.47158068	0.008863047	0.13275	79.0	2523.5656917095184
107	0.39300004	9.444234	8.92	-24.47	273.9	-0.30089417	1.7707113	3.9021046	-2.990472	432000	-1.1175871e-08	9.241035	-0.002587041	-1.3545752	0.4763978	0.015331671	0.17774999	3.0	2548.52822971344
108	4.516667	1.4824018	6.84	2.07	126.4	0.40010852	1.5791525	4.7809386	-2.5795386	436000	-2.2351742e-08	15.121853	-0.0071619353	-5.624879	0.47641438	0.008103101	0.101500005	79.0	2574.7487246990204
109	5.904706	1.7253613	9.42	3.45	104.411766	2.0507188	1.3740375	5.453915	-2.843607	440000	-7.450581e-09	17.810978	-0.0048464276	-10.038504	0.4802063	0.010796663	0.078	79.0	2603.798602581024
110	-13.615001	20.087143	8.22	-37.86	544.75	0.745465	1.8159972	6.1035867	-2.6380486	444000	2.9802322e-08	13.165988	-0.0063016415	-10.574278	0.47315434	0.009969026	0.0955	79.0	2626.7232122421265
111	4.2599998	2.4915376	8.84	0.19	124.1	-2.231171	2.6326585	5.1368475	-5.4491873	448000	7.450581e-09	14.511483	-0.0047011394	-7.183181	0.46807575	0.012093734	0.095	79.0	2651.4505565166473
112	2.3249998	9.372863	9.35	-32.83	185.625	0.4312524	3.027116	7.061533	-4.69115	452000	-1.4901161e-08	17.674232	-0.00517106	-8.892403	0.45157108	0.0077627534	0.072	79.0	2678.202264070511
113	0.79272723	9.175633	7.49	-27.09	240.72728	0.92339367	2.395236	6.647802	-2.3338568	456000	3.7252903e-09	8.915671	-0.005438373	-1.5685737	0.44862306	0.009063158	0.08975	79.0	2702.4697716236115
114	2.4746668	11.747178	8.96	-39.87	180.73334	1.2232436	2.4355462	6.331882	-2.3668194	460000	-2.9802322e-08	25.337372	-0.0036320656	-14.23616	0.44306278	0.0071174083	0.076749995	79.0	2725.873053789139
115	-2.3860002	13.366417	6.69	-31.75	303.2	1.1358281	1.9600908	5.7704625	-3.14946	464000	7.450581e-09	13.503672	0.002237279	-9.010595	0.4350472	0.023045432	0.325	2.0	2747.9811341762543
116	3.864167	2.9500945	8.2	-1.47	171.25	1.0296134	2.8662505	6.679144	-3.7713482	468000	-1.0244548e-08	15.149677	-0.004654502	-5.639033	0.4349189	0.004555214	0.0465	79.0	2768.345366716385
117	4.1925	1.9146817	8.45	0.78	151.0	0.9019604	2.5622575	5.2248664	-2.8747175	472000	2.2351742e-08	21.863697	-0.005203318	-10.578664	0.4302455	0.0073602954	0.0895	79.0	2789.797674179077
118	-1.0363635	13.809197	9.31	-35.64	285.27274	1.7577717	1.2257271	5.941349	-1.2879014	476000	-7.450581e-09	18.155659	-0.0072737364	-9.8924885	0.41242772	0.0074913995	0.11225	79.0	2810.0640461444855
119	4.86	1.9225736	7.74	1.59	123.77778	-0.18388425	1.8440149	7.5510654	-2.6566987	480000	-1.4901161e-08	12.317295	-0.0041284338	-2.735828	0.40920952	0.015718287	0.19350001	9.0	2829.1634562015533
120	-15.25	16.520933	4.94	-32.41	663.8	1.5365642	1.3820207	5.307661	-1.5889803	484000	-3.7252903e-08	18.631578	-0.008521793	-15.324033	0.40834197	0.006898963	0.10475001	79.0	2847.780896425247
121	1.6429415	9.973588	8.95	-36.82	194.17647	-0.9890702	1.4308048	4.81074	-3.2196417	488000	0.0	17.832361	0.00070830435	-8.754421	0.40036032	0.018096805	0.25425	2.0	2869.6737620830536
122	4.5968	2.7995381	8.81	-3.04	135.0	2.5416467	1.5535179	6.446547	-0.32480735	492000	4.1909516e-09	14.582511	-0.0066044554	-3.068729	0.40020087	0.008743337	0.087	79.0	2891.8057696819305
123	3.3820004	8.124164	9.11	-23.76	187.06667	3.15617	1.7703658	7.1014047	-0.97524107	496000	1.4901161e-08	23.800499	-0.003635276	-12.8193245	0.3977305	0.0072207116	0.06775001	79.0	2913.371661901474
124	-4.97875	14.45996	6.68	-31.73	372.125	1.5410523	1.4170727	3.4349935	-1.3715353	500000	-2.2351742e-08	20.407038	-0.005652897	-14.662593	0.38935184	0.008944034	0.07075	79.0	2932.576717853546
125	1.093846	11.508514	8.39	-37.08	217.07692	0.3323572	1.7770294	5.7927456	-2.4074342	504000	-7.450581e-09	14.567447	-0.0060982294	-5.310203	0.39282516	0.00964965	0.09375	79.0	2952.7982144355774
126	5.4164286	1.9666345	8.18	0.96	109.92857	0.9688952	1.9859854	5.4355316	-3.1317604	508000	0.0	11.673979	-0.0060218144	-3.8893025	0.38362342	0.007136236	0.09425	79.0	2975.1726813316345
127	-6.15	18.979303	5.1	-48.8	354.3	-1.0318791	2.2067256	5.5034823	-4.3463154	512000	-1.4901161e-08	12.734659	-0.0050451793	-6.311512	0.36917105	0.0067825345	0.05725	79.0	2995.2948048114777
128	3.6042106	8.149715	8.66	-29.13	171.36842	1.0173548	1.4294907	5.4507904	-2.605827	516000	1.4901161e-08	16.259642	-0.0047600847	-3.1322799	0.37129137	0.0061835805	0.05275	79.0	3017.5305395126343
129	4.6029415	1.9749811	8.46	0.84	137.05882	1.4527569	1.5212678	5.9009786	-1.733113	520000	-1.4901161e-08	16.781126	-0.005642048	-5.9031816	0.37093768	0.010421991	0.078999996	79.0	3039.5117135047913
130	-2.67	14.857837	8.92	-32.84	306.77777	0.3231662	1.7056971	5.429009	-2.6734278	524000	-1.8626451e-09	12.806311	-0.0028947294	-7.5581965	0.37515303	0.0183731	0.26950002	3.0	3059.0888152122498
131	-14.974998	21.908445	9.39	-48.23	544.8333	0.24148718	2.6509187	6.3222914	-3.1948981	528000	5.9604645e-08	21.412945	-0.0041680336	-16.700352	0.37534437	0.0051258234	0.074	79.0	3078.4642589092255
132	5.655625	1.6074125	9.42	2.83	102.6875	-2.089439	0.98325497	0.8043965	-3.695736	532000	0.0	22.441223	-0.0053622965	-10.155715	0.36370513	0.006313638	0.07875	79.0	3101.154919862747
133	-0.77272725	12.081262	8.46	-29.72	291.27274	-0.91989523	2.9625967	4.0777245	-5.522936	536000	-2.2351742e-08	10.7958145	-0.005631211	-3.7400465	0.36028454	0.010028454	0.088750005	79.0	3122.2763888835907
134	0.30500007	13.632609	7.93	-35.43	214.375	1.6065922	2.2740967	4.082355	-2.101235	540000	-2.9802322e-08	22.310022	-0.006040007	-13.678581	0.3653285	0.004811818	0.06925	79.0	3142.7034587860107
135	1.768333	11.782568	8.87	-45.4	179.05556	-1.212322	0.89584416	1.2652158	-2.9539537	544000	-2.6077032e-08	20.634583	-0.0061624832	-9.017098	0.3466772	0.008537188	0.0865	79.0	3166.2142922878265
136	-0.41000023	14.239388	9.07	-34.47	276.1	0.3658308	1.8780419	4.4706645	-3.6594458	548000	0.0	14.185289	-0.0044122627	-6.6501865	0.35407585	0.0026301413	0.0425	79.0	3186.929831981659
137	2.3007696	13.576099	9.06	-44.32	175.15384	1.4630696	1.1974251	3.6092348	-1.343548	552000	2.9802322e-08	26.27483	-0.0044351444	-16.338112	0.3565085	0.0077766767	0.07425	79.0	3209.3075675964355
138	5.2010527	1.4883261	9.15	3.45	114.89474	0.42749506	3.0315104	4.1798396	-6.503736	556000	5.5879354e-09	13.84408	-0.0060988013	-4.3731565	0.36352175	0.009706189	0.11075	79.0	3230.118813276291
139	4.3876925	3.081436	9.22	-2.17	166.23077	1.1575257	2.354664	4.899146	-4.3373613	560000	-3.7252903e-09	12.999176	-0.004709348	-3.892715	0.35351565	0.0062629227	0.05325	79.0	3250.500492334366
140	5.833077	1.6935734	8.73	4.11	102.53846	1.9688374	1.230033	5.5777025	-3.5081475	564000	7.450581e-09	15.265667	-0.0052080173	-7.83702	0.3496816	0.01008658	0.11875	79.0	3271.6634697914124
141	3.486667	7.8536315	8.58	-24.65	172.6	1.5831553	2.2787516	7.0170918	-4.704649	568000	3.7252903e-09	17.50721	-0.007923059	-8.791099	0.335563	0.010050487	0.116500005	79.0	3292.3896951675415
142	5.878667	2.1455095	9.34	1.76	111.333336	2.0624647	1.9979854	5.65398	-2.051077	572000	2.6077032e-08	21.754074	-0.0059291515	-14.962845	0.32462808	0.0064182454	0.10975	79.0	3313.317960500717
143	3.1341176	7.9306674	9.36	-27.77	161.47058	1.8681837	1.6336663	5.3503404	-2.8960116	576000	3.7252903e-08	22.745186	-0.0059792083	-14.348618	0.3250122	0.0130619025	0.087500006	79.0	3334.5464918613434
144	5.90625	2.36226	9.42	1.13	127.1875	3.736906	1.7854542	7.89615	-3.5166068	580000	1.4901161e-08	21.77563	-0.007470197	-13.870331	0.3372777	0.009294358	0.09975	79.0	3354.9743547439575
145	-0.19714247	14.86996	8.69	-36.42	227.28572	-1.0071579	2.158721	6.679636	-4.4849586	584000	1.8626451e-08	4.2935886	-0.00756876	-0.8800537	0.34258968	0.012149332	0.1075	79.0	3374.254538536072
146	4.925417	6.695585	9.66	-24.34	137.33333	1.3778628	2.9718177	7.6302676	-4.8412848	588000	1.1175871e-08	7.762646	-0.007467457	-1.4491725	0.3360459	0.009973687	0.0955	79.0	3397.760942697525
147	2.2676923	8.986995	7.82	-28.25	195.0	3.2341633	2.7340472	7.520685	-2.0758147	592000	3.7252903e-08	25.51212	-0.004569784	-16.591793	0.33336958	0.0068979897	0.052	79.0	3419.963978290558
148	1.6311109	10.029108	8.39	-26.47	213.33333	2.2739148	2.6208477	7.936498	-3.226604	596000	2.2351742e-08	17.16821	-0.0076512843	-13.073394	0.32880488	0.0066690873	0.0815	79.0	3440.6255173683167
149	-0.04000015	10.19729	4.51	-30.56	240.9	0.3634253	2.2701938	6.958884	-4.5767946	600000	1.4901161e-08	20.153639	-0.004649872	-15.274921	0.3084017	0.008316878	0.0555	79.0	3461.453756570816
150	5.8434997	2.1945302	9.16	1.4	100.65	1.3197052	3.1185107	9.70133	-3.5998404	604000	7.450581e-09	24.40899	-0.0047077965	-16.229925	0.30136868	0.0067664543	0.0935	79.0	3484.0285444259644
151	3.7213333	8.024922	8.78	-25.78	163.06667	1.8828218	2.8989346	7.430968	-2.6823218	608000	1.4901161e-08	23.107864	-0.0065476447	-15.955278	0.2899424	0.0065717446	0.1055	79.0	3506.462543964386
152	5.166667	2.6003838	9.18	0.08	118.666664	1.4171332	3.1319659	8.070686	-3.226212	612000	0.0	23.012035	-0.006954835	-13.224287	0.27701515	0.010643208	0.08375	79.0	3529.2850410938263
153	-1.6323079	18.108717	8.78	-49.19	234.92308	2.2790082	1.7435051	5.51077	-3.7606323	616000	1.4901161e-08	32.792007	-0.004639987	-27.54029	0.2523652	0.0063875755	0.0435	79.0	3552.038927078247
154	4.627	1.2114954	7.85	1.72	122.35	1.0449917	3.157244	8.243583	-4.075893	620000	-1.6763806e-08	13.608832	-0.004503362	-4.1120996	0.24101841	0.003787113	0.052	79.0	3574.148205280304
155	2.7340002	7.393072	9.07	-23.63	190.8	1.605299	2.5768805	7.53515	-2.782083	624000	-7.683411e-09	10.474151	-0.0047649276	-3.8528497	0.25449595	0.00806402	0.0685	79.0	3595.486113548279
156	5.033889	2.1730194	8.44	0.21	112.833336	2.4005933	2.9360979	6.2476845	-4.2103715	628000	-7.450581e-09	19.85923	-0.0069982074	-9.823946	0.24953209	0.0079339985	0.11325	79.0	3618.0322642326355
157	4.259474	1.5998107	8.05	1.56	126.10526	2.003656	2.1429777	6.54793	-2.6953967	632000	-9.313226e-09	14.450135	-0.0053439047	-8.748476	0.24179842	0.010613649	0.0885	79.0	3639.8534677028656
158	3.8469234	7.28644	8.39	-20.11	176.38461	2.531374	2.1954973	6.475858	-3.5139956	636000	0.0	20.605352	-0.0029458627	-13.593684	0.24402508	0.015077595	0.17525	3.0	3661.587022781372
159	-2.081111	20.44025	6.66	-59.79	211.22223	-1.5037693	2.5087981	5.91648	-5.0305157	640000	-1.1175871e-08	8.092503	-0.006769422	-2.2333884	0.24399723	0.012837351	0.11825	79.0	3681.568271636963
160	4.8663635	1.9487351	8.65	2.58	115.63636	2.1526046	4.6699615	8.706392	-6.294367	644000	-1.1175871e-08	43.772263	-0.0069724172	-36.619858	0.24519442	0.0061084717	0.08050001	79.0	3702.979853630066
161	0.8470001	13.649748	9.02	-39.51	203.2	1.8017441	2.6408987	7.2530355	-3.7551603	648000	-1.1175871e-08	19.834145	-0.005291134	-14.078471	0.24314602	0.0024180948	0.078	79.0	3722.3673622608185
162	2.05	9.64268	8.88	-23.04	209.5	-0.14705743	3.1289203	6.5380616	-5.8166423	652000	0.0	13.491618	-0.0050081518	-6.354522	0.24114321	0.007393755	0.08125	79.0	3741.6944839954376
163	2.313846	8.573761	7.67	-26.88	185.61539	-0.14216638	2.5769606	6.8309298	-5.13036	656000	-2.2351742e-08	21.639076	-0.005845301	-12.793551	0.23266853	0.008181715	0.10925	79.0	3763.836062669754
164	4.683	2.3474221	9.31	0.96	123.2	0.84260094	2.430181	5.4534383	-3.4809344	660000	1.4901161e-08	25.335644	-0.007516984	-12.4182	0.2373493	0.008716786	0.084	79.0	3786.146436691284
165	0.7145455	15.45958	8.06	-47.77	210.54546	1.184211	1.3885287	7.1316457	-2.8167636	664000	-1.1175871e-08	15.468658	-0.0054843947	-8.92341	0.22851317	0.00788079	0.086	79.0	3806.7070817947388
166	4.9913793	2.1109986	9.56	0.03	120.68965	2.1110654	2.1327188	9.3853035	-2.8453865	668000	-1.4901161e-08	16.139906	-0.0053684777	-7.56429	0.21884856	0.009348765	0.08125	79.0	3829.751604795456
167	4.654737	3.5638895	9.03	-6.6	137.05263	3.2274508	2.3375065	9.518927	-1.5212747	672000	1.3038516e-08	16.466965	-0.0048952084	-7.6313324	0.21358266	0.01084895	0.08075	79.0	3852.223719596863
168	5.3985715	2.5043929	9.45	-0.93	135.92857	1.9219803	2.5532205	8.334271	-3.1880138	676000	-1.8626451e-08	15.975532	0.0020241365	-6.2955356	0.20761916	0.019980475	0.277	2.0	3872.225630760193
169	5.392857	2.1792035	8.72	-0.26	112.89286	1.8351619	2.239888	8.940195	-2.9067633	680000	-3.7252903e-09	16.276995	-0.0069608763	-7.4500985	0.20743716	0.0063960594	0.076000005	79.0	3895.71431183815
170	3.919091	6.279518	8.96	-23.4	148.22728	3.6335394	1.288084	8.356628	-0.5807725	684000	1.4901161e-08	16.823454	-0.005099512	-6.9652658	0.1999598	0.003860401	0.07275	79.0	3917.9945714473724
171	0.6317646	12.3695965	7.57	-39.5	229.35294	2.469746	1.1379478	5.46241	-0.89905345	688000	2.9802322e-08	17.118217	-0.007171124	-8.7780285	0.20213078	0.006144432	0.0935	79.0	3940.31064081192
172	5.3325	2.1493413	8.74	2.46	110.55	0.29558426	2.8465145	5.534186	-4.7094464	692000	-1.8626451e-09	8.551412	-0.0038489085	-3.2252686	0.19752921	0.0060445424	0.067	79.0	3962.8186671733856
173	2.4870586	12.141947	8.77	-45.63	158.70589	2.4043612	4.114867	8.566792	-6.1108503	696000	6.7055225e-08	18.365051	-0.0049650464	-10.670727	0.19640948	0.00655909	0.0665	79.0	3984.972712278366
174	3.398182	9.66456	8.69	-39.8	150.95454	1.1433579	2.681922	9.231546	-3.9690905	700000	-1.1175871e-08	12.125303	-0.006496774	-3.3118403	0.2035962	0.0093669165	0.0685	79.0	4007.151627063751
175	1.7744446	9.775685	8.0	-25.63	205.22223	4.937415	2.3097289	9.376661	-2.5242014	704000	-8.381903e-08	41.359074	-0.00551248	-33.66826	0.19735903	0.008941066	0.078	79.0	4027.093299150467
176	5.4133334	2.2056947	7.84	1.97	108.666664	1.1547693	1.1773818	4.727748	-5.2571397	708000	1.4901161e-08	13.213732	-0.0070952997	-7.9709754	0.21338436	0.0062967693	0.0705	79.0	4046.1804628372192
177	2.62125	6.8102202	6.76	-21.99	193.75	-0.04922116	1.5235853	2.377406	-4.5167284	712000	-1.4901161e-08	14.388867	-0.0059640678	-6.760489	0.22054604	0.0059292177	0.070250005	79.0	4068.859116077423
178	5.2599998	2.4182491	9.57	1.12	105.882355	1.85235	2.5307434	6.0626965	-2.9587948	716000	-7.450581e-09	16.227026	-0.0068148067	-9.152901	0.2139559	0.003194186	0.078250006	79.0	4090.9793791770935
179	0.9549996	15.798993	9.51	-51.08	177.33333	0.6086266	3.0833077	6.420796	-4.389037	720000	-1.4901161e-08	15.724921	-0.0041058566	-10.110314	0.20995554	0.005407619	0.05575	79.0	4112.795627117157
180	3.178125	9.294508	9.65	-30.97	186.25	1.2177613	3.184005	7.807569	-5.5883813	724000	-1.4901161e-08	11.067917	-0.0051782485	-4.2796893	0.19849016	0.009654785	0.074750006	79.0	4134.990027666092
181	2.808	11.103608	9.35	-37.81	178.53334	0.3634147	2.4360569	6.9608088	-6.83377	728000	4.0978193e-08	11.191944	-0.0037656268	-3.9105878	0.17307538	0.004213688	0.05975	79.0	4158.029554367065
182	4.729048	6.368966	9.35	-22.44	135.38095	1.6278511	2.8062487	7.1937003	-4.2569942	732000	-2.2351742e-08	11.719576	-0.0042773783	-3.85951	0.17623243	0.0047421614	0.068	79.0	4180.473958969116
183	5.41353	2.1144404	8.11	1.46	111.05882	2.1182246	2.4395347	7.5742335	-3.2616742	736000	7.450581e-09	13.026093	-0.0075449115	-4.480356	0.17940488	0.0046198415	0.10325	79.0	4201.3960592746735
184	4.9625	3.500312	9.39	-7.74	136.375	2.3752635	2.3220906	7.48947	-2.980246	740000	-1.8626451e-08	13.741557	-0.005825263	-4.228951	0.16061355	0.009750357	0.0735	79.0	4225.0598051548
185	3.7784996	8.341647	9.65	-31.74	146.55	1.2878033	2.2998726	7.3873076	-3.0375993	744000	-2.9802322e-08	8.216158	-0.0070100464	-2.21648	0.16611905	0.009326956	0.1245	79.0	4248.228443861008
186	0.012499809	10.005655	7.23	-24.91	272.25	1.8291789	2.487092	7.3431244	-3.4184308	748000	-5.9604645e-08	19.010323	-0.005560022	-13.720327	0.14918597	0.0055783433	0.072500005	79.0	4268.618148088455
187	3.8700001	9.082714	9.49	-37.5	140.52174	0.20700623	2.6944888	7.4041677	-4.2420397	752000	-1.0244548e-08	12.314568	0.0025327592	-5.116891	0.14021467	0.01917312	0.252	2.0	4291.880024671555
188	5.0341177	2.4009633	9.04	-0.88	124.35294	2.4216096	2.5031393	7.4129925	-2.9001756	756000	-1.1175871e-08	15.824142	-0.0042190365	-8.853691	0.1400668	0.0038325898	0.06075	79.0	4313.674834728241
189	4.7426314	3.4770296	8.78	-7.81	140.8421	2.61536	2.8113732	8.079558	-2.8878329	760000	-2.9802322e-08	15.49433	-0.004212104	-8.211398	0.1425873	0.0039945487	0.05925	79.0	4336.538025140762
190	4.5224	6.5846324	8.96	-25.48	137.92	2.296962	2.7146957	8.092482	-3.8263297	764000	7.450581e-09	10.257481	-0.0054895002	-2.7288709	0.14699301	0.004699625	0.05625	79.0	4358.829727888107
191	5.8500004	1.9377803	9.32	1.04	99.07407	2.345015	2.8630724	8.798239	-4.3268056	768000	-1.4901161e-08	8.288374	-0.004880961	-2.7625437	0.13515764	0.005703287	0.07975	79.0	4382.442511081696
192	5.8572726	2.1253839	9.27	1.42	95.181816	4.2272463	2.3218884	9.829573	-2.5157661	772000	0.0	32.6733	0.0011102408	-27.486156	0.12754144	0.023516867	0.2735	2.0	4402.994060754776
193	5.58	1.3887744	8.0	3.76	109.76471	1.4305636	2.4814556	7.8332715	-3.1505227	776000	1.8626451e-08	11.606423	-0.0004885122	-7.0092516	0.12750232	0.017608223	0.20625001	5.0	4425.384623527527
194	5.7149997	2.7401059	9.45	0.54	114.666664	2.9825957	3.0351164	9.854413	-2.8296728	780000	2.9802322e-08	22.74044	-0.0074356794	-14.819682	0.12759627	0.0061611766	0.09825	79.0	4448.617369651794
195	3.7899997	6.695053	8.07	-23.93	153.3158	1.5921792	4.0151415	8.950239	-6.7948747	784000	-3.7252903e-08	26.358627	-0.0074804723	-19.029907	0.11647248	0.010440839	0.118	79.0	4470.575423955917
196	-13.2125	18.49496	4.69	-38.3	558.25	-1.0766752	2.5130274	5.9510274	-5.9114866	788000	1.4901161e-08	5.059589	-0.006899681	-3.4195247	0.1038005	0.0072747916	0.05725	79.0	4488.6517243385315
197	0.12571444	16.249495	8.79	-39.55	210.57143	0.41340432	2.4938846	7.8658805	-4.3155107	792000	1.1175871e-08	16.814404	-0.0022485591	-14.132139	0.09823748	0.017896134	0.2435	3.0	4508.222359657288
198	4.58	3.1459668	8.96	-2.13	143.13333	1.884889	3.5936449	8.303375	-4.366001	796000	-2.6077032e-08	23.36685	-0.0069031287	-16.325842	0.09818579	0.0076704696	0.08825	79.0	4530.998640537262
199	-4.6920004	20.277237	8.65	-54.08	293.3	1.1157165	3.8997219	8.535612	-5.5053134	800000	7.450581e-09	22.251862	-0.005220346	-16.85712	0.09274638	0.007031039	0.07875	79.0	4551.855645418167
200	-10.341666	20.943874	6.19	-40.6	412.5	0.38833496	2.3260396	5.334218	-3.6557746	804000	0.0	13.267473	0.0021728687	-9.915172	0.074012004	0.018205564	0.24000001	2.0	4570.173259973526
201	2.0625	9.754309	7.9	-23.41	215.375	-1.3833902	1.4351312	2.9864953	-4.6636972	808000	7.450581e-09	7.863859	-0.0066705123	-2.3292441	0.07396224	0.010625438	0.11525	79.0	4590.2935955524445
202	3.5779998	8.133808	9.57	-25.22	168.8	0.29028246	2.5634892	5.8680506	-4.927483	812000	7.450581e-09	15.831348	-0.004941691	-9.765139	0.07714465	0.004245694	0.066250004	79.0	4611.916509628296
203	0.22749996	11.387097	5.88	-29.85	222.125	0.9049931	2.5679955	5.428315	-4.5419226	816000	0.0	20.270199	-0.0064512603	-15.435478	0.065907694	0.007968946	0.081250004	79.0	4631.814037561417
204	-9.775714	21.054693	6.44	-46.8	437.7143	-2.003621	2.6661818	6.1103687	-5.683915	820000	-1.6763806e-08	3.8215146	-0.0052215513	-1.3767937	0.06620163	0.0052675353	0.068	79.0	4651.964044332504
205	5.2999997	2.1036997	9.61	2.13	104.82353	0.51338464	2.5578666	6.732033	-4.5850034	824000	-7.450581e-09	13.804043	-0.006462848	-7.5873423	0.061648663	0.00980085	0.07875	79.0	4675.148571252823
206	5.776923	2.3808608	9.09	1.42	98.38461	0.75861806	2.601969	7.3740244	-3.7818933	828000	2.9802322e-08	12.541043	-0.005855346	-6.087088	0.05161532	0.0054525193	0.09725	79.0	4696.038713693619
207	-3.3800004	14.879918	8.58	-29.59	353.85715	3.1097493	3.5817108	8.901584	-3.6793327	832000	8.940697e-08	35.70579	-0.0050012097	-31.14345	0.028490677	0.0040045828	0.043250002	79.0	4715.245017051697
208	-15.826001	17.692858	7.02	-32.2	645.6	-1.5905104	1.1127415	2.2279654	-5.1923575	836000	9.313226e-09	4.2294493	0.0035328437	-1.7109311	0.017811257	0.020154912	0.2895	2.0	4733.441373586655
209	4.9235716	1.8973689	8.67	1.29	112.07143	-0.96518594	2.017907	3.145918	-4.995693	840000	3.7252903e-08	14.400192	0.0020429697	-6.7316165	0.017702933	0.015502936	0.2275	4.0	4753.993918657303
210	2.5215383	11.1044	8.76	-35.31	189.38461	-0.8351225	2.4181814	5.522601	-4.848993	844000	7.450581e-09	7.8970366	-0.0061404547	-2.7771049	0.017541034	0.00762632	0.0855	79.0	4775.541985750198
211	-1.2180004	16.722794	8.47	-37.13	265.3	-1.5089389	2.6582582	7.8463135	-4.6399984	848000	5.5879354e-09	5.75428	-0.008380067	-2.9786417	0.025550272	0.008338897	0.091000006	79.0	4795.834014415741
212	2.527	9.99828	9.14	-27.03	190.0	0.85330456	2.938466	7.969786	-4.3018317	852000	2.6077032e-08	12.240452	-0.0057271756	-8.372853	0.011826255	0.006246589	0.05625	79.0	4816.242271900177
213	5.56625	2.3347185	8.74	-0.04	105.875	1.3912281	3.5611687	7.7333655	-5.9185767	856000	4.284084e-08	13.015213	-0.003814537	-7.2401476	-0.0011988081	0.007804743	0.055	79.0	4837.773006439209
214	2.2366667	9.3678055	9.31	-34.96	181.11111	0.76802474	3.298166	7.675852	-4.364747	860000	-2.9802322e-08	13.784601	-0.0069374833	-4.819606	0.0057185655	0.008942428	0.08425	79.0	4860.624994277954
215	5.9466662	2.1889012	9.36	3.2	97.44444	0.36042884	2.1818178	6.643236	-3.0574932	864000	-4.4703484e-08	6.8279905	-0.0059328605	-3.6920452	0.0073934016	0.009097401	0.081750005	79.0	4881.371454954147
216	3.3969228	8.313138	8.26	-23.92	192.46153	2.0062091	4.0186872	7.8324957	-6.0671663	868000	2.9802322e-08	21.193394	-0.0059291497	-16.09977	0.002089382	0.010581335	0.09549999	79.0	4902.4071707725525
217	3.0736847	9.390709	8.77	-34.94	166.05263	1.2510923	3.116669	7.142565	-4.325048	872000	9.313226e-09	9.656099	-0.007313724	-3.0786765	-0.013045269	0.0065711914	0.076	79.0	4923.632035017014
218	1.0	12.779317	8.44	-34.47	220.22223	-0.901262	3.2043443	7.2155857	-5.6642256	876000	-1.8626451e-08	4.0452766	-0.005492933	-0.9270544	-0.03269895	0.008583511	0.081750005	79.0	4943.6548709869385
219	1.8566669	12.281708	8.32	-38.32	184.75	-1.2701582	2.7952702	7.4831505	-5.546582	880000	3.7252903e-08	5.8547573	-0.0063891076	-2.9507957	-0.047820896	0.0065117828	0.0735	79.0	4965.6951451301575
