Epoch	AverageEpRet	StdEpRet	MaxEpRet	MinEpRet	EpLen	TotalEnvInteracts	AverageQVals	StdQVals	MaxQVals	MinQVals	LossPi	LossQ	Time
1	-96.67	9.59	-87.08	-106.26	1000.0	1999	-0.73891264	0.22579795	1.0299965	-2.837455	0.7352118	0.017465156	70.7960102558136
2	-74.255005	4.0649986	-70.19	-78.32	1000.0	3999	-1.3403622	0.28983578	-0.60725045	-2.1462524	1.3400649	0.00028535564	178.9390103816986
3	-90.765	3.675003	-87.09	-94.44	1000.0	5999	-2.0423627	0.31659082	-1.3713658	-2.9172657	2.042828	0.00056245027	268.33058738708496
4	-67.335	12.665001	-54.67	-80.0	1000.0	7999	-2.6633527	0.32895374	-1.9526572	-3.650045	2.6643186	0.00036906212	354.8622553348541
5	-98.604996	10.164997	-88.44	-108.77	1000.0	9999	-3.2595456	0.4644753	-2.4552171	-4.437997	3.2599902	0.00076747	455.6152594089508
6	-136.92	27.939999	-108.98	-164.86	1000.0	11999	-3.8345394	0.5672082	-2.7573678	-5.707719	3.8351235	0.00070883165	527.85875415802
7	-124.08501	1.3250008	-122.76	-125.41	1000.0	13999	-4.407779	0.7381545	-3.0360136	-7.1216526	4.4094567	0.0008851796	586.3400764465332
8	-118.125	45.705	-72.42	-163.83	1000.0	15999	-4.90809	0.9147752	-3.2963598	-8.512646	4.90942	0.0010965806	1505.8313057422638
9	-105.115005	8.424999	-96.69	-113.54	1000.0	17999	-5.5490475	1.200252	-3.538042	-9.647277	5.5515914	0.000938269	1543.3499383926392
10	-57.67	39.35	-18.32	-97.02	653.0	19999	-6.0412836	1.314884	-3.7548733	-10.596087	6.044115	0.0014628731	1727.140929222107
11	-130.27	12.640003	-117.63	-142.91	1000.0	21999	-6.553355	1.5019989	-3.724272	-11.49366	6.555511	0.0017694859	1764.803704738617
12	-138.01001	19.32	-118.69	-157.33	1000.0	23999	-7.068301	1.6723396	-3.509063	-12.296015	7.0701084	0.0019169595	1802.598109960556
13	-137.22	7.5	-129.72	-144.72	1000.0	25999	-7.5279474	1.8177671	-3.4289849	-13.025998	7.52985	0.0015345295	1840.0780432224274
14	-106.675	6.5949974	-100.08	-113.27	1000.0	27999	-7.892975	1.9169774	-3.1659412	-13.792672	7.895049	0.0021326018	1878.4942235946655
15	-129.88	21.09	-108.79	-150.97	1000.0	29999	-8.278119	2.0435188	-2.967685	-14.450564	8.279268	0.0015596773	1916.10693025589
16	-112.7	11.740002	-100.96	-124.44	1000.0	31999	-8.598319	2.1456158	-2.8558605	-14.900207	8.599995	0.0018346126	1953.4031388759613
17	-103.97	53.413746	-28.46	-143.52	838.0	33999	-8.900348	2.2707882	-2.9358675	-15.357896	8.902027	0.0020492482	2256.48486161232
18	-125.68001	11.640003	-114.04	-137.32	1000.0	35999	-9.195177	2.3811824	-2.602723	-15.81188	9.197115	0.002885019	2294.0860850811005
19	-145.1	0.73000336	-144.37	-145.83	1000.0	37999	-9.514465	2.4680808	-2.53012	-16.32119	9.5171385	0.0025940828	2331.935578107834
20	-68.36667	42.626884	-8.47	-104.22	716.0	39999	-9.756224	2.5734336	-2.4705815	-16.649353	9.757859	0.0023155631	2398.628084897995
21	-122.69499	15.064999	-107.63	-137.76	1000.0	41999	-9.876611	2.6405563	-2.5317342	-16.933598	9.878515	0.003919667	2436.128797531128
22	-89.775	41.185005	-48.59	-130.96	906.5	43999	-10.086282	2.7197285	-2.4502194	-17.420418	10.087916	0.002943775	3086.7271263599396
23	-126.81	3.710003	-123.1	-130.52	1000.0	45999	-10.185086	2.820293	-2.453724	-17.537552	10.1861515	0.0035264902	3125.1808321475983
24	-58.96	38.23	-20.73	-97.19	658.0	47999	-10.298053	2.8942523	-2.403046	-17.743647	10.300094	0.004963116	3270.3546442985535
25	-56.8275	44.874077	-11.37	-119.73	643.25	49999	-10.342996	2.9440682	-2.4827976	-18.162233	10.345328	0.003981431	3630.579493522644
26	-107.15	10.639999	-96.51	-117.79	1000.0	51999	-10.36985	3.0130713	-2.2716308	-18.296259	10.371571	0.0051132604	3669.2026348114014
27	-139.85	26.84	-113.01	-166.69	1000.0	53999	-10.520096	3.063398	-1.9649009	-18.502932	10.521524	0.004787224	3707.4946398735046
28	-79.850006	46.060005	-33.79	-125.91	778.0	55999	-10.65902	3.1503274	-1.9996463	-18.596338	10.660066	0.0041166195	4002.5527958869934
29	-111.17	4.880001	-106.29	-116.05	1000.0	57999	-10.712688	3.1964645	-1.8514452	-18.773426	10.7142	0.003867948	4041.392506837845
30	-52.22	29.03027	-31.14	-93.27	696.0	59999	-10.702565	3.2747557	-1.7635373	-18.862364	10.704066	0.005861607	4693.214533567429
31	-99.89333	48.723045	-34.69	-151.79	875.0	61999	-10.733917	3.3635077	-1.8967854	-19.043938	10.735297	0.0037382683	5199.483796834946
32	-131.48001	31.54	-99.94	-163.02	1000.0	63999	-10.835198	3.4952116	-1.783025	-19.122625	10.83638	0.0041302587	5237.2241127491
33	-131.16501	9.474998	-121.69	-140.64	1000.0	65999	-10.900865	3.4917207	-2.0085287	-19.246199	10.902346	0.004036389	5275.6042573452
34	-127.225	12.885002	-114.34	-140.11	1000.0	67999	-11.027484	3.4891806	-1.8105711	-19.352919	11.028711	0.0035364467	5314.474991559982
35	-115.385	3.4850006	-111.9	-118.87	1000.0	69999	-11.100284	3.5099075	-1.8427814	-19.457773	11.101147	0.004445568	5352.872442722321
36	-77.915	65.245	-12.67	-143.16	604.0	71999	-11.157335	3.520145	-1.9190918	-19.56146	11.158512	0.0050226687	5452.51022028923
37	-128.515	3.4049988	-125.11	-131.92	1000.0	73999	-11.271599	3.5211277	-1.8506027	-19.584558	11.272776	0.0045812503	5491.748461723328
38	-107.44333	64.50929	-16.46	-158.74	755.3333	75999	-11.380699	3.591484	-1.7264633	-19.743042	11.381344	0.00453982	5615.654370546341
39	-145.095	0.54499817	-144.55	-145.64	1000.0	77999	-11.460266	3.632163	-1.8373975	-19.774168	11.461085	0.004091296	5654.222571611404
40	-95.055	28.125	-66.93	-123.18	1000.0	79999	-11.497525	3.6701987	-1.8099903	-20.035337	11.498664	0.004338026	6516.603163719177
41	-111.66	2.0499992	-109.61	-113.71	1000.0	81999	-11.477681	3.679174	-1.7826917	-19.904146	11.479231	0.0046295	6555.322198152542
42	-139.255	12.065002	-127.19	-151.32	1000.0	83999	-11.562307	3.6841812	-1.8026112	-19.928118	11.563813	0.003872918	6593.969286203384
43	-113.665	12.264999	-101.4	-125.93	1000.0	85999	-11.59178	3.673018	-1.8519672	-20.02124	11.5925455	0.0040034656	6632.8573043346405
44	-126.80499	28.675	-98.13	-155.48	1000.0	87999	-11.626996	3.6591187	-1.802535	-20.09498	11.6283455	0.004642035	6672.229152917862
45	-130.945	25.965	-104.98	-156.91	1000.0	89999	-11.732255	3.672947	-1.8471617	-20.050552	11.73307	0.0030857478	6711.252347707748
46	-139.565	20.485	-119.08	-160.05	1000.0	91999	-11.760015	3.6960728	-1.7130678	-20.114439	11.76084	0.0038710327	6750.470051288605
47	-121.465	12.625	-108.84	-134.09	1000.0	93999	-11.7915125	3.684571	-1.7483886	-20.139023	11.79218	0.003932106	6790.10378241539
48	-120.675	4.8650017	-115.81	-125.54	1000.0	95999	-11.81986	3.6894119	-1.6571355	-20.133583	11.820682	0.0036304381	7251.348458766937
49	-105.595	40.225002	-65.37	-145.82	1000.0	97999	-11.779851	3.7527885	-1.7083639	-20.202637	11.780843	0.003296683	7743.874265670776
50	-146.33	24.759998	-121.57	-171.09	1000.0	99999	-11.85097	3.7685711	-1.7276337	-20.954046	11.852053	0.0035587768	7782.740070819855
51	-127.61	9.919998	-117.69	-137.53	1000.0	101999	-11.924828	3.775939	-1.7957045	-21.02028	11.925928	0.0033887548	7821.442243337631
52	-89.26666	44.7626	-26.41	-127.2	814.0	103999	-11.92508	3.774108	-1.8189538	-21.024496	11.926623	0.0035031529	8076.414213180542
53	-102.149994	30.16	-71.99	-132.31	1000.0	105999	-11.920178	3.766409	-1.7968138	-21.082693	11.921563	0.0040356964	9090.485324382782
54	-131.325	2.5950012	-128.73	-133.92	1000.0	107999	-11.904127	3.7848482	-1.8065286	-21.147957	11.905361	0.0035424891	9129.84208035469
55	-112.585	9.154999	-103.43	-121.74	1000.0	109999	-11.956476	3.7591548	-1.7272009	-21.154123	11.957582	0.004008982	9169.38055729866
56	-122.025	11.834999	-110.19	-133.86	1000.0	111999	-11.981277	3.7400475	-1.8674237	-21.140572	11.982421	0.0037645386	9208.337921380997
57	-142.555	24.704998	-117.85	-167.26	1000.0	113999	-12.001517	3.7122178	-1.7734076	-21.1099	12.002351	0.0036252614	9247.469385147095
58	-85.035	15.225002	-69.81	-100.26	1000.0	115999	-11.988719	3.7682338	-1.8002317	-21.10742	11.9898	0.0036842285	10124.746049165726
59	-119.884995	7.285	-112.6	-127.17	1000.0	117999	-11.985437	3.7426417	-1.8897585	-21.110394	11.986372	0.003726964	10164.353525161743
60	-70.895004	59.875004	-11.02	-130.77	608.0	119999	-11.977368	3.7404761	-1.7842504	-21.113579	11.978158	0.0032731127	10298.479699134827
61	-119.045	26.314999	-92.73	-145.36	1000.0	121999	-12.002828	3.7323146	-1.7301319	-21.15161	12.004275	0.0043787803	10337.431339740753
62	-120.985	0.95500183	-120.03	-121.94	1000.0	123999	-11.981801	3.727138	-1.683749	-21.125847	11.98264	0.00388339	11045.039195537567
63	-65.235	2.045	-63.19	-67.28	1000.0	125999	-11.910566	3.7831964	-1.7013068	-21.082178	11.911802	0.0037404671	12052.7086083889
64	-79.75667	53.457912	-9.07	-138.32	716.3333	127999	-11.90984	3.7873788	-1.6280745	-21.08898	11.910729	0.0038778123	12214.547177314758
65	-154.85501	21.915	-132.94	-176.77	1000.0	129999	-11.983783	3.8033986	-1.6407349	-21.345798	11.984821	0.004277065	12253.766562223434
66	-154.535	6.3550034	-148.18	-160.89	1000.0	131999	-12.049449	3.8136706	-1.6654581	-21.387941	12.05038	0.0036177367	12294.174482584
67	-80.636665	55.000538	-7.81	-140.71	711.3333	133999	-12.037977	3.800315	-1.7066773	-21.292715	12.039084	0.0039870515	12418.696874141693
68	-126.649994	3.2700005	-123.38	-129.92	1000.0	135999	-12.078173	3.7961316	-1.6328628	-21.318531	12.07909	0.004366005	12457.698352336884
69	-122.705	18.694996	-104.01	-141.4	1000.0	137999	-12.0969515	3.7892342	-1.6382058	-21.368347	12.098512	0.0037674517	12496.663370847702
70	-116.479996	6.960003	-109.52	-123.44	1000.0	139999	-12.092945	3.7724717	-1.4981198	-21.359228	12.09419	0.0036837761	12885.766486406326
71	-90.025	41.825	-48.2	-131.85	939.0	141999	-12.057905	3.8103135	-1.5819736	-21.36964	12.05884	0.0042605624	13813.349364995956
72	-69.595	2.8450012	-66.75	-72.44	1000.0	143999	-11.981696	3.84285	-1.5365775	-21.342623	11.9828205	0.0033089917	15474.866438865662
73	-114.744995	50.374996	-64.37	-165.12	1000.0	145999	-11.955855	3.8922246	-1.4788043	-21.420626	11.957126	0.0038870487	16193.171757221222
74	-82.065	15.564999	-66.5	-97.63	1000.0	147999	-11.927548	3.906868	-1.5030209	-21.337036	11.929022	0.0037869802	16488.68824481964
75	-127.375	13.975002	-113.4	-141.35	1000.0	149999	-11.946117	3.8876047	-1.4522914	-21.395016	11.947134	0.0037552945	16528.12548971176
76	-131.59	11.380001	-120.21	-142.97	1000.0	151999	-11.966838	3.8905642	-1.371836	-21.432133	11.967991	0.0050861	16568.170433044434
77	-88.965	17.855	-71.11	-106.82	1000.0	153999	-11.951267	3.8988402	-1.3730145	-21.38123	11.951934	0.003981789	17632.128729104996
78	-158.35	6.489998	-151.86	-164.84	1000.0	155999	-11.979428	3.8912585	-1.4110286	-21.398571	11.980256	0.0035052153	17670.69258904457
79	-114.78	8.099998	-106.68	-122.88	1000.0	157999	-12.004211	3.8830624	-1.34833	-21.533314	12.005629	0.004645543	17709.919654607773
80	-127.634995	19.675	-107.96	-147.31	1000.0	159999	-12.024483	3.8916473	-1.4821302	-21.487253	12.025968	0.0030074576	17749.877870321274
81	-118.884995	17.925	-100.96	-136.81	1000.0	161999	-12.033254	3.8621428	-1.4391321	-21.366451	12.034238	0.0032488557	17789.23552417755
82	-92.340004	58.565754	-13.12	-152.88	746.6667	163999	-12.055359	3.8628337	-1.4112186	-21.464409	12.05673	0.0038481383	17914.304538488388
83	-118.065	1.1150017	-116.95	-119.18	1000.0	165999	-12.066017	3.8546484	-1.3894798	-21.351011	12.06767	0.0037960892	18244.157852888107
84	-113.55	48.170002	-65.38	-161.72	1000.0	167999	-12.071508	3.8596225	-1.3842213	-21.424688	12.072312	0.00299315	18803.12342953682
85	-80.61	51.189846	-8.43	-121.51	713.0	169999	-12.064066	3.8562863	-1.3784021	-21.384926	12.065242	0.0040532383	19094.453857421875
86	-71.795	49.315	-22.48	-121.11	699.5	171999	-12.057078	3.8718233	-1.3815675	-21.372633	12.058066	0.0035376227	19144.187896966934
87	-102.48	41.15	-61.33	-143.63	1000.0	173999	-12.042745	3.8952014	-1.5605702	-21.371328	12.044178	0.0045333947	20068.8230137825
88	-101.17999	54.61216	-24.36	-146.5	807.6667	175999	-12.043418	3.9183445	-1.4683678	-21.388033	12.045398	0.004105545	20341.95717358589
89	-110.675	8.314999	-102.36	-118.99	1000.0	177999	-12.055165	3.9103627	-1.4997082	-21.399513	12.056265	0.0040388787	20780.147633314133
90	-62.853333	41.02937	-12.02	-112.5	730.6667	179999	-11.999911	3.935752	-1.5044938	-21.327885	12.001117	0.0037849117	21349.526733398438
91	-123.869995	14.559998	-109.31	-138.43	1000.0	181999	-11.994443	3.9254901	-1.5254906	-21.359	11.996007	0.003479896	21388.73425269127
92	-116.229996	7.7700005	-108.46	-124.0	1000.0	183999	-12.02008	3.9132783	-1.5437564	-21.33853	12.021279	0.003468781	21427.928883314133
93	-102.100006	28.310001	-73.79	-130.41	1000.0	185999	-12.022569	3.9054744	-1.5645974	-21.34573	12.024049	0.0036770946	21467.49040699005
94	-135.425	18.435001	-116.99	-153.86	1000.0	187999	-12.033269	3.9161172	-1.5435867	-21.346457	12.034707	0.00412986	21506.704380989075
95	-106.8	27.48	-79.32	-134.28	1000.0	189999	-12.005399	3.908563	-1.6058978	-21.325594	12.006586	0.0035451632	21546.168081998825
96	-105.020004	8.030003	-96.99	-113.05	1000.0	191999	-12.014628	3.8890488	-1.5162727	-21.367044	12.0158825	0.0031655803	21584.947937488556
97	-117.27	10.43	-106.84	-127.7	1000.0	193999	-12.026319	3.8629296	-1.6292766	-21.353289	12.027399	0.0035694784	21624.03816843033
98	-117.240005	14.390003	-102.85	-131.63	1000.0	195999	-12.016404	3.8696125	-1.571728	-21.382263	12.017233	0.0041773366	21663.023994207382
99	-162.925	6.544998	-156.38	-169.47	1000.0	197999	-12.057648	3.8663576	-1.7202704	-21.328465	12.058758	0.0035047713	21701.839376688004
100	-127.130005	9.950001	-117.18	-137.08	1000.0	199999	-12.072689	3.8626797	-1.6869328	-21.32525	12.073875	0.002981379	21741.185987472534
101	-139.70999	7.9300003	-131.78	-147.64	1000.0	201999	-12.091018	3.8665304	-1.6452525	-21.322891	12.09227	0.0036209126	21781.066345453262
102	-123.09	13.219997	-109.87	-136.31	1000.0	203999	-12.118209	3.855138	-1.5911295	-21.384918	12.119517	0.003346731	21820.383664131165
103	-127.16	15.759998	-111.4	-142.92	1000.0	205999	-12.126127	3.8480818	-1.5429085	-21.386202	12.127537	0.0035930844	21860.827411413193
104	-72.450005	43.873436	-11.57	-113.26	729.6667	207999	-12.127136	3.8440516	-1.6102055	-21.363775	12.128252	0.002682805	22139.97835969925
105	-102.630005	46.23	-56.4	-148.86	1000.0	209999	-12.120387	3.8392422	-1.627499	-21.471966	12.121677	0.003665043	22956.096087932587
106	-125.884995	18.314999	-107.57	-144.2	1000.0	211999	-12.113435	3.8578265	-1.6079385	-21.323153	12.1144905	0.0036358924	23017.623938322067
107	-57.15	47.72	-9.43	-104.87	594.5	213999	-12.102229	3.853192	-1.5520699	-21.351301	12.103547	0.003660239	23177.18104171753
108	-126.085	12.894997	-113.19	-138.98	1000.0	215999	-12.101933	3.8479722	-1.4719696	-21.332552	12.103186	0.0033708515	23240.321258306503
109	-100.1	42.409996	-57.69	-142.51	1000.0	217999	-12.092828	3.8668895	-1.583683	-21.353912	12.09372	0.0037444201	24832.447816610336
110	-63.55	39.15635	-13.71	-109.37	745.3333	219999	-12.042543	3.8854766	-1.3948933	-21.362625	12.043202	0.0035027945	25581.767328500748
111	-78.316666	51.68498	-18.48	-144.59	776.0	221999	-12.037705	3.8875337	-1.492085	-21.395824	12.03853	0.004144899	26076.518277168274
112	-130.045	16.945004	-113.1	-146.99	1000.0	223999	-12.044876	3.8885665	-1.4619858	-21.342443	12.045752	0.0030637865	26116.155278921127
113	-109.405	6.6049995	-102.8	-116.01	1000.0	225999	-12.038785	3.8748786	-1.4950415	-21.405993	12.039777	0.0038209078	26155.13705921173
114	-130.82	31.84	-98.98	-162.66	1000.0	227999	-12.047667	3.8670936	-1.3994846	-21.328293	12.049131	0.0031363869	26432.483139276505
115	-87.545	19.875	-67.67	-107.42	1000.0	229999	-12.021281	3.8901036	-1.5148212	-21.344734	12.021969	0.0038266159	27387.428345918655
116	-48.77	35.609974	-21.67	-99.08	614.3333	231999	-11.998951	3.901485	-1.4134015	-21.409887	11.999911	0.0034034974	27615.362117767334
117	-119.935	10.915005	-109.02	-130.85	1000.0	233999	-12.012894	3.8997164	-1.3940241	-21.366796	12.014031	0.0033152124	27654.33017706871
118	-139.75	8.839996	-130.91	-148.59	1000.0	235999	-12.012177	3.8970656	-1.4633081	-21.333673	12.013482	0.0040881042	27694.214659690857
119	-130.19	18.050003	-112.14	-148.24	1000.0	237999	-12.021394	3.8873992	-1.5265121	-21.32455	12.022454	0.0032008965	27733.597833633423
120	-124.21	12.379997	-111.83	-136.59	1000.0	239999	-12.036127	3.8696768	-1.4555472	-21.368921	12.037197	0.0031573453	27772.889671325684
121	-133.06999	23.359997	-109.71	-156.43	1000.0	241999	-12.053734	3.8700347	-1.3985534	-21.365376	12.055053	0.0039806687	27812.38716197014
122	-130.83	17.61	-113.22	-148.44	1000.0	243999	-12.080915	3.8640969	-1.448601	-21.3391	12.0818205	0.0038310634	27851.21256017685
123	-76.76	30.900002	-45.86	-107.66	897.0	245999	-12.071454	3.8752642	-1.3946311	-21.47183	12.072109	0.0039448645	28459.84915804863
124	-94.634995	5.6850014	-88.95	-100.32	1000.0	247999	-12.050275	3.865643	-1.39477	-21.42167	12.051234	0.0036458292	28726.75191116333
125	-121.979996	14.66	-107.32	-136.64	1000.0	249999	-12.053047	3.8447075	-1.2900059	-21.330359	12.054127	0.0036569405	28765.83427643776
126	-122.4	24.739998	-97.66	-147.14	1000.0	251999	-12.032885	3.8537805	-1.3543496	-21.392357	12.034074	0.0034529408	29314.8976521492
127	-69.494995	1.7449989	-67.75	-71.24	1000.0	253999	-12.011306	3.8667562	-1.295794	-21.463957	12.012076	0.004079331	30185.08034348488
128	-114.880005	37.81	-77.07	-152.69	1000.0	255999	-11.985679	3.8530455	-1.3574195	-21.324064	11.986736	0.0033149503	30450.509444713593
129	-84.235	8.345001	-75.89	-92.58	1000.0	257999	-12.005475	3.8566456	-1.3410194	-21.342768	12.006271	0.003011508	30569.12970972061
130	-81.583336	41.53524	-23.2	-116.37	801.6667	259999	-11.969031	3.8465893	-1.3624625	-21.236805	11.969778	0.0033964545	30826.86066675186
131	-136.91501	20.355003	-116.56	-157.27	1000.0	261999	-11.999627	3.8425117	-1.4664034	-21.310946	12.000663	0.0034423114	30866.400980710983
132	-85.61667	50.2653	-14.7	-125.32	743.6667	263999	-11.979725	3.8477015	-1.4961007	-21.233784	11.980839	0.0038301253	30960.94064283371
133	-136.56999	18.219997	-118.35	-154.79	1000.0	265999	-12.013225	3.8291724	-1.5256678	-21.200655	12.014127	0.0036071949	31000.247849702835
134	-114.435	9.645	-104.79	-124.08	1000.0	267999	-11.991893	3.8273847	-1.4967222	-21.29297	11.993056	0.0032658423	31040.103006124496
135	-147.35501	2.0550003	-145.3	-149.41	1000.0	269999	-12.009964	3.8258195	-1.5015154	-21.268637	12.010757	0.0035141208	31079.2468957901
136	-125.985	11.975002	-114.01	-137.96	1000.0	271999	-12.023756	3.8280287	-1.4337356	-21.220764	12.024877	0.0027804757	31118.80003118515
137	-103.435	37.035	-66.4	-140.47	1000.0	273999	-12.034791	3.8246439	-1.4770552	-21.238932	12.036107	0.0042684195	31997.81386446953
138	-101.045	4.424999	-96.62	-105.47	1000.0	275999	-12.025486	3.8194888	-1.4819471	-21.248558	12.026589	0.0028526098	32037.493414878845
139	-114.43001	14.450001	-99.98	-128.88	1000.0	277999	-12.035978	3.804516	-1.5050492	-21.258043	12.03715	0.0032643543	32077.186487674713
140	-137.0	15.75	-121.25	-152.75	1000.0	279999	-12.03627	3.8015177	-1.5332108	-21.325027	12.037346	0.0030508875	32117.16813802719
141	-77.295	65.255005	-12.04	-142.55	601.5	281999	-12.061148	3.8073914	-1.4884776	-21.372389	12.062298	0.0031735369	32192.170674324036
142	-105.47	23.630005	-81.84	-129.1	1000.0	283999	-12.056907	3.8053784	-1.4307239	-21.33091	12.05822	0.0030506426	32232.542622327805
143	-105.03	7.4400024	-97.59	-112.47	1000.0	285999	-12.045267	3.8036942	-1.327136	-21.355127	12.046681	0.004245778	32273.120423316956
144	-148.325	2.2850037	-146.04	-150.61	1000.0	287999	-12.079116	3.801655	-1.4605355	-21.364174	12.080436	0.002602467	32312.469180107117
145	-85.605	18.805	-66.8	-104.41	1000.0	289999	-12.051987	3.8060987	-1.3692981	-21.339268	12.053189	0.0034649125	33074.99513077736
146	-145.595	9.334999	-136.26	-154.93	1000.0	291999	-12.073162	3.8096452	-1.435119	-21.358082	12.074354	0.0029183512	33114.87546014786
147	-97.895004	2.0349998	-95.86	-99.93	1000.0	293999	-12.076733	3.8037727	-1.451747	-21.418795	12.078245	0.00435674	33154.48134636879
148	-119.985	28.875	-91.11	-148.86	1000.0	295999	-12.08153	3.7932365	-1.3420107	-21.4282	12.082546	0.0038764097	33194.43157553673
149	-144.265	12.544998	-131.72	-156.81	1000.0	297999	-12.081581	3.8047936	-1.4704789	-21.401207	12.083	0.003967239	33233.751020908356
150	-119.5	2.6900024	-116.81	-122.19	1000.0	299999	-12.090406	3.8039682	-1.3951962	-21.424053	12.091611	0.0037056967	33274.08243703842
151	-99.55	6.84	-92.71	-106.39	1000.0	301999	-12.083713	3.7870312	-1.3608723	-21.421753	12.085172	0.002946631	33314.509273052216
152	-85.29	30.275642	-46.41	-120.26	955.6667	303999	-12.07692	3.790265	-1.3750689	-21.451456	12.077881	0.0031467618	34358.71464347839
153	-143.6	21.2	-122.4	-164.8	1000.0	305999	-12.053355	3.783265	-1.3819015	-21.408834	12.054584	0.0027019596	34398.3843998909
154	-123.91	20.95	-102.96	-144.86	1000.0	307999	-12.083523	3.7833037	-1.4112598	-21.40724	12.084213	0.0028842592	34439.312796354294
155	-109.22	14.190002	-95.03	-123.41	1000.0	309999	-12.06895	3.7859366	-1.3309362	-21.414501	12.069646	0.0035128836	34479.337342739105
156	-103.38	35.6	-67.78	-138.98	1000.0	311999	-12.059697	3.7783003	-1.2989093	-21.443674	12.060599	0.0030980906	35396.49331212044
157	-90.31	15.299999	-75.01	-105.61	1000.0	313999	-12.039925	3.7795691	-1.2862238	-21.409126	12.040701	0.003787243	36366.30445742607
158	-110.92	39.600002	-71.32	-150.52	1000.0	315999	-12.033104	3.7750638	-1.3491327	-21.391064	12.034024	0.0033078222	37352.65685272217
159	-142.925	24.095001	-118.83	-167.02	1000.0	317999	-12.04577	3.7767005	-1.2871855	-21.417276	12.046802	0.003149392	37392.19628357887
160	-106.924995	26.614998	-80.31	-133.54	975.5	319999	-12.056999	3.7727711	-1.3505114	-21.364286	12.057977	0.0038335721	37785.03645300865
161	-152.29001	8.739998	-143.55	-161.03	1000.0	321999	-12.066924	3.780478	-1.3856874	-21.388048	12.067985	0.0025302963	37824.86380815506
162	-42.08	42.702236	-11.8	-102.47	480.66666	323999	-12.068607	3.7795618	-1.2248266	-21.427588	12.069552	0.00335604	38114.53782892227
163	-140.785	10.845001	-129.94	-151.63	1000.0	325999	-12.080222	3.7822013	-1.3075166	-21.42475	12.0811	0.0034530843	38153.84583258629
164	-88.64334	50.648262	-21.78	-144.32	795.6667	327999	-12.062205	3.7819433	-1.3541307	-21.423563	12.063615	0.003476415	38370.86047887802
165	-77.020004	44.804108	-17.24	-125.1	761.6667	329999	-12.071794	3.785166	-1.3402959	-21.397781	12.072452	0.0033848572	38861.782277822495
166	-121.545	13.955002	-107.59	-135.5	1000.0	331999	-12.060472	3.7938774	-1.2539012	-21.39126	12.061787	0.0030319577	38901.78695297241
167	-128.695	13.504997	-115.19	-142.2	1000.0	333999	-12.047445	3.7858233	-1.2594485	-21.42839	12.048578	0.0051855356	38941.21367907524
168	-76.85	60.519997	-16.33	-137.37	640.0	335999	-12.065016	3.7980614	-1.343858	-21.397472	12.066474	0.0030877155	39099.10804986954
169	-107.08	8.919998	-98.16	-116.0	1000.0	337999	-12.076189	3.7917943	-1.2938563	-21.412605	12.077508	0.0042183753	39138.893733501434
170	-108.71	5.3099976	-103.4	-114.02	1000.0	339999	-12.07442	3.7679472	-1.2595515	-21.427526	12.075434	0.0045864973	39830.1451382637
171	-77.920006	58.081936	-13.51	-154.27	741.3333	341999	-12.046646	3.7900288	-1.2917421	-21.43321	12.047404	0.0036190287	40246.14522743225
172	-99.275	6.334999	-92.94	-105.61	1000.0	343999	-12.03979	3.7911146	-1.2753143	-21.444609	12.041083	0.0033479782	40286.33239507675
173	-85.63333	55.932796	-8.28	-138.63	712.6667	345999	-12.0627	3.7752342	-1.4030848	-21.450191	12.06332	0.00314171	40352.302320957184
174	-108.505005	31.155003	-77.35	-139.66	1000.0	347999	-12.061715	3.766323	-1.3246615	-21.384438	12.062481	0.0045310413	40392.06526374817
175	-134.39	3.050003	-131.34	-137.44	1000.0	349999	-12.047043	3.7678623	-1.4052435	-21.423256	12.047683	0.002897479	40431.64106941223
176	-110.66	6.66	-104.0	-117.32	1000.0	351999	-12.050374	3.77293	-1.3818064	-21.435722	12.050866	0.0037246204	40472.360344171524
177	-121.075	8.764999	-112.31	-129.84	1000.0	353999	-12.04431	3.7586873	-1.3486104	-21.403095	12.045629	0.0042030355	40512.2366001606
178	-109.565	10.985001	-98.58	-120.55	1000.0	355999	-12.036577	3.7546303	-1.384655	-21.455482	12.037527	0.0025890009	40553.06941843033
179	-66.98	34.88939	-17.89	-95.83	756.6667	357999	-12.036454	3.7387674	-1.3775268	-21.396751	12.03727	0.003038022	41107.49958348274
180	-131.555	9.644997	-121.91	-141.2	1000.0	359999	-12.036583	3.7487168	-1.4806789	-21.36695	12.03768	0.0029722867	41147.101126194
181	-78.515	43.434998	-35.08	-121.95	848.5	361999	-12.026833	3.752562	-1.3593218	-21.402296	12.027886	0.0037881862	41615.44065904617
182	-120.850006	16.360004	-104.49	-137.21	1000.0	363999	-12.020855	3.7597554	-1.3408743	-21.395578	12.022178	0.0027461299	41655.457494974136
183	-120.715	19.835003	-100.88	-140.55	1000.0	365999	-12.033273	3.7695677	-1.357799	-21.446285	12.034335	0.0034800346	42005.06944608688
184	-108.354996	33.785	-74.57	-142.14	1000.0	367999	-12.016816	3.7567062	-1.4281693	-21.37866	12.017837	0.003052619	42694.43288779259
185	-115.024994	26.124996	-88.9	-141.15	1000.0	369999	-12.035397	3.7494888	-1.3590641	-21.434122	12.036809	0.003105187	43119.82440042496
186	-111.2	14.0	-97.2	-125.2	1000.0	371999	-12.037155	3.7461104	-1.3648579	-21.47948	12.03881	0.003640114	43158.91710972786
187	-129.0	6.6000023	-122.4	-135.6	1000.0	373999	-12.06048	3.7504451	-1.4286968	-21.425467	12.061911	0.0042404565	43198.457464933395
188	-149.685	5.4449997	-144.24	-155.13	1000.0	375999	-12.066975	3.7434943	-1.4554644	-21.470152	12.068149	0.002488326	43238.41817569733
189	-94.604996	32.825	-61.78	-127.43	1000.0	377999	-12.0483	3.760516	-1.4442582	-21.467878	12.0489645	0.004213401	44090.64285492897
190	-36.996666	27.19143	-15.78	-75.38	523.0	379999	-12.016297	3.768759	-1.4329697	-21.445082	12.017187	0.003582513	44362.450521469116
191	-110.134995	3.744999	-106.39	-113.88	1000.0	381999	-12.0127125	3.7524939	-1.409134	-21.393707	12.013266	0.0048086317	44401.79028010368
192	-85.01	43.072117	-24.97	-123.93	809.6667	383999	-11.992722	3.7535193	-1.3972051	-21.437935	11.9931135	0.0029862009	44606.663068532944
193	-135.545	27.475002	-108.07	-163.02	1000.0	385999	-12.003516	3.7581134	-1.3766674	-21.460505	12.004176	0.003919643	44646.8129093647
194	-122.325005	21.915	-100.41	-144.24	1000.0	387999	-12.015697	3.7411826	-1.3281512	-21.350163	12.016357	0.0036616158	44686.240040540695
195	-152.86	15.169998	-137.69	-168.03	1000.0	389999	-12.013819	3.7484357	-1.2976183	-21.328959	12.014908	0.003476894	44725.263359069824
196	-126.409996	14.599998	-111.81	-141.01	1000.0	391999	-12.032485	3.7503111	-1.3827106	-21.278881	12.033656	0.0033619876	44764.76602554321
197	-130.76001	6.310005	-124.45	-137.07	1000.0	393999	-12.046148	3.752093	-1.4387327	-21.393225	12.047008	0.0038564485	44804.192544937134
198	-93.29	58.005344	-12.89	-147.59	738.3333	395999	-12.080103	3.7334993	-1.2604381	-21.412506	12.080881	0.0033355888	44935.11797642708
199	-108.0	0.30000305	-107.7	-108.3	1000.0	397999	-12.059864	3.740718	-1.2149136	-21.362228	12.060963	0.004143365	44974.23567914963
200	-90.665	5.385002	-85.28	-96.05	1000.0	399999	-12.061981	3.7478588	-1.2504222	-21.41484	12.063168	0.0043963473	45387.68808841705
201	-144.555	5.965004	-138.59	-150.52	1000.0	401999	-12.0643015	3.7321193	-1.295978	-21.45764	12.065534	0.0032145143	45427.40301990509
202	-139.35501	16.055	-123.3	-155.41	1000.0	403999	-12.07696	3.7486567	-1.280134	-21.403793	12.077831	0.0031703569	45521.014001369476
203	-81.72	68.600006	-13.12	-150.32	604.5	405999	-12.070674	3.763632	-1.2552526	-21.387033	12.071859	0.0041742586	46536.51225686073
204	-59.895	45.2526	-19.05	-130.74	666.5	407999	-12.06009	3.7709935	-1.3860445	-21.443222	12.06106	0.0046921857	46852.42954039574
205	-86.05	18.350002	-67.7	-104.4	1000.0	409999	-12.041569	3.780557	-1.4234339	-21.457596	12.042541	0.0032037385	47863.28242444992
206	-107.065	7.3050003	-99.76	-114.37	1000.0	411999	-12.055649	3.759129	-1.3057506	-21.453304	12.0563545	0.003606474	47902.51668667793
207	-154.88	1.6100006	-153.27	-156.49	1000.0	413999	-12.052669	3.7739308	-1.3298209	-21.408434	12.053808	0.0021754152	47943.605147600174
208	-118.355	14.025002	-104.33	-132.38	1000.0	415999	-12.074307	3.7684553	-1.4029337	-21.38499	12.074972	0.0034684546	47983.28373146057
209	-129.4	16.27	-113.13	-145.67	1000.0	417999	-12.065091	3.7677956	-1.3442146	-21.405354	12.066389	0.0032555775	48022.69228243828
210	-128.23	15.880001	-112.35	-144.11	1000.0	419999	-12.075442	3.7636204	-1.4066522	-21.427364	12.076243	0.0033032205	48062.389197826385
211	-137.075	19.695004	-117.38	-156.77	1000.0	421999	-12.096047	3.7526746	-1.3366172	-21.427723	12.0967655	0.0025870271	48102.24174070358
212	-80.1	17.21	-62.89	-97.31	1000.0	423999	-12.0843725	3.7564638	-1.3423855	-21.4216	12.085251	0.0032826934	48935.168174505234
213	-122.405	5.7649994	-116.64	-128.17	1000.0	425999	-12.087375	3.7491727	-1.3638833	-21.473684	12.088672	0.0035796543	48974.67306160927
214	-139.445	13.125004	-126.32	-152.57	1000.0	427999	-12.095163	3.7555766	-1.3777347	-21.378708	12.096465	0.0030167457	49013.86558198929
215	-147.45001	14.620003	-132.83	-162.07	1000.0	429999	-12.109269	3.7523103	-1.3852382	-21.405535	12.110067	0.0031274871	49053.10000538826
216	-86.71	21.720001	-64.99	-108.43	1000.0	431999	-12.105493	3.7541976	-1.3426352	-21.423908	12.10641	0.0048016557	49922.480766773224
217	-119.005005	11.015003	-107.99	-130.02	1000.0	433999	-12.088633	3.746471	-1.2820288	-21.408155	12.089582	0.0029153884	50039.55079483986
218	-48.129997	23.609999	-24.52	-71.74	720.5	435999	-12.078468	3.7561197	-1.2709562	-21.348825	12.078846	0.0028782983	51125.23397183418
219	-124.22	18.550003	-105.67	-142.77	1000.0	437999	-12.065455	3.7658317	-1.3196328	-21.400537	12.066358	0.0037825254	51164.774767160416
220	-87.80334	54.76896	-10.35	-126.97	720.6667	439999	-12.0720825	3.7530084	-1.2718103	-21.36387	12.072685	0.0034898943	51254.50210046768
221	-130.845	2.494995	-128.35	-133.34	1000.0	441999	-12.065635	3.7469804	-1.2947693	-21.320732	12.066477	0.0025526667	51294.724727630615
222	-95.7	3.9300003	-91.77	-99.63	1000.0	443999	-12.078628	3.7566192	-1.3976978	-21.286915	12.079109	0.0036937117	51334.75991630554
223	-125.345	8.584995	-116.76	-133.93	1000.0	445999	-12.08097	3.750038	-1.3514218	-21.29484	12.081694	0.0035247966	51374.89222073555
224	-99.12667	50.053738	-28.37	-136.29	835.6667	447999	-12.07623	3.7551312	-1.3425167	-21.333881	12.07715	0.0032816408	51777.15275263786
225	-86.135	12.654999	-73.48	-98.79	1000.0	449999	-12.080475	3.749717	-1.3740537	-21.39445	12.08101	0.0042432537	51818.05132365227
226	-110.243324	68.62339	-13.2	-159.6	739.0	451999	-12.078782	3.7604125	-1.310434	-21.315302	12.079737	0.0034583975	51944.48091864586
227	-130.115	13.715	-116.4	-143.83	1000.0	453999	-12.069418	3.765499	-1.3626827	-21.355125	12.070463	0.004146002	51983.924525499344
228	-129.16	39.11	-90.05	-168.27	1000.0	455999	-12.101463	3.7696474	-1.317384	-21.25491	12.102281	0.004394329	52023.7245759964
229	-115.505005	21.735004	-93.77	-137.24	1000.0	457999	-12.088206	3.7773972	-1.2948904	-21.351336	12.0891695	0.002877587	52064.57046842575
230	-56.050003	45.86	-10.19	-101.91	583.0	459999	-12.074609	3.775132	-1.3522476	-21.349852	12.075284	0.0029229135	52156.812928915024
231	-76.51333	49.0531	-9.42	-125.33	728.6667	461999	-12.101294	3.7668824	-1.2889857	-21.326687	12.102384	0.002856197	52267.56687378883
232	-86.69	53.48199	-16.34	-145.92	749.0	463999	-12.091798	3.7701297	-1.2339387	-21.30161	12.092676	0.0037591304	52365.43588280678
233	-111.14	1.6299973	-109.51	-112.77	1000.0	465999	-12.081226	3.7638958	-1.149602	-21.299831	12.081832	0.0029379763	52405.837349653244
234	-103.41	5.049999	-98.36	-108.46	1000.0	467999	-12.084059	3.7678406	-1.0914536	-21.266153	12.085434	0.0036127053	52550.61096286774
235	-71.49	39.78	-31.71	-111.27	795.0	469999	-12.069315	3.770408	-1.0858638	-21.305439	12.070174	0.0026876095	52802.12933731079
236	-103.6	44.0787	-41.5	-139.35	921.3333	471999	-12.0819025	3.7715394	-1.1316745	-21.357199	12.082868	0.004182725	53340.76889395714
237	-121.5	13.399998	-108.1	-134.9	1000.0	473999	-12.051995	3.7842321	-1.1978314	-21.348476	12.052753	0.0030849553	53380.04255986214
238	-147.025	8.445	-138.58	-155.47	1000.0	475999	-12.077875	3.7706194	-1.2376277	-21.30504	12.0785475	0.0025156287	53419.69357132912
239	-68.43	53.31	-15.12	-121.74	616.5	477999	-12.08446	3.7734277	-1.2700616	-21.406858	12.085265	0.0034980199	53513.45216035843
240	-130.54	17.8	-112.74	-148.34	1000.0	479999	-12.071301	3.7754304	-1.1667144	-21.320202	12.072653	0.0032690167	53552.833396434784
241	-139.435	0.35499573	-139.08	-139.79	1000.0	481999	-12.107845	3.772815	-1.1813786	-21.43868	12.108885	0.00377715	53592.609395980835
242	-117.880005	19.98	-97.9	-137.86	1000.0	483999	-12.101945	3.7784202	-1.147419	-21.27615	12.102831	0.003028801	53632.341250658035
243	-103.73334	64.300095	-15.51	-166.93	746.6667	485999	-12.119251	3.7785537	-1.1321843	-21.37033	12.120225	0.0032387236	53730.81295108795
244	-140.38501	9.105003	-131.28	-149.49	1000.0	487999	-12.115306	3.7888727	-1.1341351	-21.379236	12.115715	0.0032589154	53770.87144589424
245	-91.526665	57.485287	-11.02	-141.57	732.6667	489999	-12.12117	3.7893598	-1.0375993	-21.288366	12.122416	0.003684729	53936.470608472824
246	-96.93	54.519997	-42.41	-151.45	870.5	491999	-12.120477	3.7980235	-1.1028697	-21.314096	12.121707	0.0037293439	54784.658757686615
247	-94.27	52.659996	-41.61	-146.93	865.5	493999	-12.118148	3.8008993	-1.0670745	-21.288881	12.119113	0.0033337206	55795.75002121925
248	-86.965004	28.335001	-58.63	-115.3	1000.0	495999	-12.116996	3.8188512	-1.1538681	-21.314838	12.117918	0.0030439643	56738.96315121651
249	-50.66	43.116135	-9.66	-125.22	575.4	497999	-12.097504	3.8189266	-1.1977713	-21.339321	12.097826	0.003294164	57209.56525349617
250	-116.905	7.125	-109.78	-124.03	1000.0	499999	-12.085116	3.8088393	-1.2444806	-21.33484	12.085647	0.0025335508	57248.87241768837
251	-133.88	27.239998	-106.64	-161.12	1000.0	501999	-12.08916	3.8049095	-1.2676185	-21.28363	12.089533	0.003135529	57288.428839445114
252	-106.854996	4.4750023	-102.38	-111.33	1000.0	503999	-12.074671	3.8113847	-1.2183454	-21.249195	12.075613	0.0038441364	57327.90606856346
253	-62.905	52.805	-10.1	-115.71	602.0	505999	-12.087925	3.815822	-1.2069561	-21.304977	12.088412	0.0037088199	57462.0083899498
254	-133.84	28.059998	-105.78	-161.9	1000.0	507999	-12.077454	3.806098	-1.1473854	-21.342945	12.078409	0.00354112	57502.06002116203
255	-93.075	16.064999	-77.01	-109.14	1000.0	509999	-12.087083	3.8102665	-1.1130404	-21.323593	12.08823	0.0036102675	57542.01851797104
256	-117.765	5.0250015	-112.74	-122.79	1000.0	511999	-12.07674	3.8057947	-1.1070447	-21.319061	12.077712	0.0030360618	57581.8313100338
257	-131.42	19.279999	-112.14	-150.7	1000.0	513999	-12.089184	3.7996733	-1.18115	-21.25511	12.08987	0.002777636	58120.66368031502
258	-66.54666	26.947876	-32.6	-98.52	838.0	515999	-12.070289	3.807234	-1.0876932	-21.230768	12.07075	0.0038983815	58703.750804662704
259	-57.795002	32.365	-25.43	-90.16	715.5	517999	-12.042068	3.805164	-1.0622933	-21.242954	12.042344	0.0037412916	59288.23810362816
260	-90.6	57.991627	-9.48	-141.61	716.0	519999	-12.0599165	3.8151424	-1.1312445	-21.284023	12.060564	0.0034514875	59361.66983985901
261	-131.76	15.130001	-116.63	-146.89	1000.0	521999	-12.037156	3.803566	-1.0111914	-21.255331	12.037579	0.0037186	59401.458787202835
262	-102.47	33.14	-69.33	-135.61	1000.0	523999	-12.066591	3.8037283	-1.0914096	-21.305937	12.067416	0.0028100067	60154.19137382507
263	-116.9	0.4300003	-116.47	-117.33	1000.0	525999	-12.042699	3.8075333	-0.9519366	-21.269981	12.043172	0.0028800573	60193.90538096428
264	-57.4825	50.087383	-11.32	-140.07	643.25	527999	-12.036134	3.8175673	-0.9923026	-21.295803	12.037117	0.0035906148	61176.511145830154
265	-138.29999	4.3499985	-133.95	-142.65	1000.0	529999	-12.03597	3.8348753	-0.97457117	-21.355118	12.036791	0.0034937859	61216.31995511055
266	-118.835	6.5149994	-112.32	-125.35	1000.0	531999	-12.035285	3.8286102	-0.9951213	-21.253592	12.03582	0.0051561976	61255.466616630554
267	-135.05	29.679996	-105.37	-164.73	1000.0	533999	-12.013034	3.8271415	-1.0823483	-21.302032	12.013229	0.0027605551	61294.72799086571
268	-115.770004	20.36	-95.41	-136.13	1000.0	535999	-12.039766	3.8266191	-1.1379225	-21.296555	12.040446	0.003980953	61334.949560165405
269	-78.955	10.615002	-68.34	-89.57	1000.0	537999	-12.029713	3.824898	-1.062642	-21.353472	12.030133	0.0036134906	62719.94111204147
270	-105.735	38.315002	-67.42	-144.05	1000.0	539999	-12.006466	3.8299525	-1.1263841	-21.254917	12.007619	0.0036327937	63643.73226523399
271	-133.28	7.720001	-125.56	-141.0	1000.0	541999	-12.031418	3.8271697	-1.0428414	-21.285166	12.031654	0.004254077	63683.72559094429
272	-66.31	41.63	-24.68	-107.94	689.5	543999	-12.00401	3.834528	-1.0062233	-21.202673	12.004807	0.0040829466	64443.813911914825
273	-105.36	35.73	-69.63	-141.09	1000.0	545999	-12.005418	3.8287103	-1.057044	-21.212948	12.00612	0.0035165227	64728.13969087601
274	-65.337494	50.516605	-11.61	-116.91	623.75	547999	-12.016694	3.8276958	-0.9996065	-21.289042	12.017606	0.0035808904	64942.18076515198
275	-144.695	2.3949966	-142.3	-147.09	1000.0	549999	-12.007587	3.8307912	-1.0458264	-21.226585	12.008155	0.003574673	64981.5644261837
276	-95.595	19.145	-76.45	-114.74	1000.0	551999	-12.01323	3.8241074	-1.1393487	-21.185589	12.013706	0.0031562934	65021.73120045662
277	-127.735	25.134998	-102.6	-152.87	1000.0	553999	-12.006542	3.818519	-1.0257502	-21.237715	12.006992	0.003397069	65061.26844191551
278	-120.66	10.23	-110.43	-130.89	1000.0	555999	-12.000088	3.8227987	-0.9902062	-21.206078	12.000501	0.003997729	65100.90231490135
279	-85.075	63.155	-21.92	-148.23	656.0	557999	-12.019355	3.8272219	-0.9163637	-21.221851	12.020018	0.0041059745	65206.68043231964
280	-120.295	15.095001	-105.2	-135.39	1000.0	559999	-12.018742	3.819505	-1.0454652	-21.2184	12.01944	0.0030507264	65245.899533987045
281	-70.83666	37.33906	-23.97	-115.34	781.6667	561999	-11.996869	3.824389	-1.1093028	-21.188631	11.997428	0.0027356602	66246.70629882812
282	-136.69	25.190002	-111.5	-161.88	1000.0	563999	-12.039196	3.817753	-1.0712664	-21.24988	12.03975	0.0037156916	66286.30025982857
283	-89.53	52.990963	-17.45	-143.33	764.0	565999	-12.044295	3.8179018	-1.1764289	-21.214855	12.045383	0.0039754077	66472.42012667656
284	-67.43	45.769997	-21.66	-113.2	719.5	567999	-12.00699	3.8328593	-1.073028	-21.21509	12.007978	0.003885048	66778.6526067257
285	-88.77	48.54067	-24.88	-142.46	805.6667	569999	-12.020074	3.8321812	-1.1192387	-21.244898	12.020856	0.0035834135	67053.79197025299
286	-130.39499	20.894997	-109.5	-151.29	1000.0	571999	-12.005015	3.8380766	-1.1011332	-21.217373	12.006143	0.0029848882	67348.6787314415
287	-76.354996	36.645	-39.71	-113.0	830.0	573999	-12.00798	3.8364928	-1.0335451	-21.18649	12.008355	0.0030131878	67591.20803999901
288	-115.59	11.399998	-104.19	-126.99	1000.0	575999	-12.009892	3.8361373	-1.0282115	-21.240767	12.010263	0.004308239	67630.99256563187
289	-141.14	16.779999	-124.36	-157.92	1000.0	577999	-12.010316	3.835717	-1.1270514	-21.230804	12.011129	0.0038351107	67670.21743392944
290	-65.65667	37.769035	-18.59	-111.06	770.6667	579999	-12.008078	3.8345046	-1.1834372	-21.240667	12.008877	0.002837451	68755.1516456604
291	-90.58001	55.901863	-13.48	-144.27	754.0	581999	-12.002172	3.837462	-1.1238482	-21.241737	12.002448	0.0038661761	68919.59206533432
292	-97.725	27.025002	-70.7	-124.75	1000.0	583999	-12.0034	3.8260257	-1.1303413	-21.305552	12.0040045	0.002634003	69891.36045575142
293	-140.37	4.0199966	-136.35	-144.39	1000.0	585999	-11.988859	3.8273	-1.1399006	-21.250998	11.989942	0.0033017525	69930.99914240837
294	-120.305	10.215004	-110.09	-130.52	1000.0	587999	-12.003543	3.8222485	-1.1178033	-21.24177	12.004316	0.0035932844	69970.99500179291
295	-93.215	69.034996	-24.18	-162.25	741.0	589999	-12.002344	3.8358061	-1.1327487	-21.255661	12.002999	0.0032573584	70428.59483289719
296	-117.899994	12.52	-105.38	-130.42	1000.0	591999	-12.02089	3.8412104	-1.1700943	-21.250607	12.021766	0.004004855	71078.33943867683
297	-72.87667	43.565254	-20.85	-127.47	773.6667	593999	-11.99417	3.8489053	-1.2386441	-21.272251	11.99536	0.0030654615	71465.60193371773
298	-147.815	0.39500427	-147.42	-148.21	1000.0	595999	-12.018119	3.8485413	-1.1617448	-21.219986	12.019058	0.0032585184	71504.70817375183
299	-94.25	49.19635	-25.71	-138.87	803.3333	597999	-12.008372	3.8463106	-1.1399217	-21.305187	12.009348	0.0040087914	71745.78854370117
300	-94.11	42.63	-51.48	-136.74	951.5	599999	-12.00799	3.8710759	-1.059155	-21.250504	12.00899	0.00392804	72487.5001449585
301	-82.33	68.14	-14.19	-150.47	619.0	601999	-12.002438	3.8593528	-1.0480824	-21.300222	12.0032015	0.0034700765	72588.90573811531
302	-131.255	5.665001	-125.59	-136.92	1000.0	603999	-12.0302925	3.8736956	-0.92766666	-21.309996	12.03088	0.0038184414	72628.7085313797
303	-98.84667	62.187977	-11.38	-150.53	731.0	605999	-12.035316	3.8574464	-1.0341746	-21.289047	12.036365	0.0036018796	72757.81845927238
304	-134.27	16.399998	-117.87	-150.67	1000.0	607999	-12.026155	3.860686	-1.0187144	-21.334538	12.026787	0.0039112843	73371.53395557404
305	-102.58	36.2	-66.38	-138.78	1000.0	609999	-12.037845	3.8567028	-1.1042075	-21.293955	12.038689	0.0035076013	73744.62721157074
306	-109.235	10.605	-98.63	-119.84	1000.0	611999	-12.036593	3.8613129	-1.1679419	-21.323538	12.037273	0.0033340957	73784.13611078262
307	-135.81	16.559998	-119.25	-152.37	1000.0	613999	-12.029859	3.8565447	-1.1379284	-21.335829	12.030748	0.0045577465	73823.62061691284
308	-128.21	22.310001	-105.9	-150.52	1000.0	615999	-12.040005	3.8657892	-1.1410205	-21.320753	12.041019	0.0038758812	73863.25606584549
309	-103.72	49.65088	-33.61	-142.13	846.0	617999	-12.050122	3.8611672	-1.0949059	-21.358284	12.050688	0.0029036608	74135.0285396576
310	-89.363335	56.112835	-10.18	-133.48	720.0	619999	-12.040442	3.8639724	-1.1104351	-21.308569	12.0414	0.0034442146	74207.0302286148
311	-72.07	60.719997	-11.35	-132.79	588.0	621999	-12.0401325	3.8549664	-1.1284039	-21.31696	12.040848	0.0034086676	74289.77280545235
312	-113.39	41.839996	-71.55	-155.23	1000.0	623999	-12.05715	3.8574436	-1.1499796	-21.30402	12.057866	0.0036384326	75291.6742784977
313	-110.655	6.3050003	-104.35	-116.96	1000.0	625999	-12.048302	3.8461952	-1.2071252	-21.247435	12.0488615	0.0031630197	75331.52482652664
314	-127.134995	12.794998	-114.34	-139.93	1000.0	627999	-12.062575	3.8354466	-1.1761243	-21.302826	12.063607	0.0036226977	75371.47712635994
315	-132.62	38.66	-93.96	-171.28	1000.0	629999	-12.068972	3.839825	-1.2171125	-21.302338	12.069953	0.0034913088	75960.1087076664
316	-76.990005	17.59	-59.4	-94.58	1000.0	631999	-12.076343	3.8521464	-1.1077254	-21.281387	12.07774	0.004438244	77143.98988437653
317	-73.933334	42.20811	-16.07	-115.56	764.6667	633999	-12.069109	3.8407013	-0.9951883	-21.267666	12.070108	0.004650447	77343.02038097382
318	-129.785	10.605	-119.18	-140.39	1000.0	635999	-12.064235	3.841903	-1.0078229	-21.26145	12.065065	0.0037048392	77382.86772322655
319	-113.244995	15.984997	-97.26	-129.23	1000.0	637999	-12.059817	3.8429139	-1.0361204	-21.269415	12.0605955	0.003511632	78620.01538133621
320	-60.125	61.00485	-13.95	-164.93	574.25	639999	-12.070421	3.8498979	-1.066474	-21.324795	12.071169	0.003856466	79147.81066513062
321	-137.33499	8.614998	-128.72	-145.95	1000.0	641999	-12.069216	3.8591805	-1.1136882	-21.235983	12.070176	0.004826644	79187.21749901772
322	-125.645004	27.244999	-98.4	-152.89	1000.0	643999	-12.066772	3.8530796	-1.1045649	-21.334509	12.067325	0.0038530335	79227.21585392952
323	-129.44499	13.424999	-116.02	-142.87	1000.0	645999	-12.046251	3.8507335	-1.2040265	-21.270754	12.046862	0.003347679	79266.8623547554
324	-82.12667	52.879887	-8.66	-130.96	712.3333	647999	-12.073095	3.8503091	-1.1325686	-21.249332	12.073932	0.0037877432	79344.24970149994
325	-75.49	63.409996	-12.08	-138.9	595.5	649999	-12.048648	3.8622463	-1.1781656	-21.276321	12.049683	0.0041199396	80238.43393874168
326	-89.73	23.43	-66.3	-113.16	1000.0	651999	-12.055936	3.8723161	-1.1057227	-21.2352	12.056877	0.0039046693	81141.88767671585
327	-94.28999	22.09	-72.2	-116.38	1000.0	653999	-12.034685	3.854514	-1.127659	-21.271744	12.035263	0.0029673977	82064.42017054558
328	-61.37	50.67987	-12.23	-140.37	656.75	655999	-12.021626	3.87417	-1.0839627	-21.221231	12.022483	0.003262335	82593.02597808838
329	-89.634995	19.965	-69.67	-109.6	1000.0	657999	-12.033262	3.8585844	-1.015814	-21.2606	12.033748	0.003942097	83461.7314441204
330	-92.93	26.809998	-66.12	-119.74	1000.0	659999	-12.010121	3.8573675	-1.0491884	-21.247818	12.010725	0.0038979591	84317.39756274223
331	-98.045	8.645	-89.4	-106.69	1000.0	661999	-12.004522	3.8516328	-1.1056149	-21.242077	12.0055485	0.0024625303	84700.6016638279
332	-114.42	16.650005	-97.77	-131.07	1000.0	663999	-12.004039	3.837413	-1.0869641	-21.263954	12.004861	0.0032332884	84774.63914561272
333	-117.305	20.144997	-97.16	-137.45	1000.0	665999	-12.018698	3.840387	-0.9498401	-21.296871	12.0195055	0.0036908984	84849.38099217415
334	-46.02	44.73859	-13.02	-109.27	507.0	667999	-12.004667	3.8427992	-1.0273454	-21.308851	12.0055275	0.0036285543	85160.35986113548
335	-116.1	4.0699997	-112.03	-120.17	1000.0	669999	-12.005706	3.8415303	-0.9540716	-21.207811	12.006698	0.0046382886	85233.45508909225
336	-100.64	3.9199982	-96.72	-104.56	1000.0	671999	-11.990889	3.8347335	-1.0449684	-21.220455	11.991754	0.0035809136	85307.88528203964
337	-84.03	47.379997	-17.65	-125.13	781.0	673999	-12.014214	3.8258996	-1.1631892	-21.250793	12.015267	0.0033719453	85545.80255889893
338	-80.20334	41.622246	-21.38	-111.48	790.0	675999	-11.991434	3.8519375	-1.1597428	-21.244835	11.992083	0.0036005978	85830.62888908386
339	-133.765	16.345001	-117.42	-150.11	1000.0	677999	-11.987198	3.8434944	-1.1285117	-21.338552	11.987851	0.003833227	85903.56811738014
340	-78.06	35.76	-42.3	-113.82	843.5	679999	-11.994785	3.8402183	-1.150908	-21.290043	11.995605	0.0028519346	86436.59647750854
341	-102.909996	64.47879	-11.74	-150.01	735.0	681999	-12.01008	3.8401852	-1.2402502	-21.282803	12.010727	0.003651687	86608.88281536102
342	-118.59	4.1899986	-114.4	-122.78	1000.0	683999	-12.002387	3.8362732	-1.2039595	-21.26762	12.003121	0.0038398313	86680.68791747093
343	-72.07	47.050003	-25.02	-119.12	704.0	685999	-11.986056	3.8403094	-1.1919599	-21.22902	11.98659	0.0039619645	86959.3925588131
344	-83.96667	41.034195	-27.37	-123.37	834.0	687999	-11.9981985	3.8361742	-1.168684	-21.245674	11.998856	0.0043132543	87289.86649036407
345	-96.11	4.7299995	-91.38	-100.84	1000.0	689999	-11.965508	3.8432999	-1.1076202	-21.219315	11.966034	0.0045871544	87732.33620285988
346	-108.55	37.819996	-70.73	-146.37	1000.0	691999	-11.968037	3.830664	-1.1780355	-21.231005	11.969151	0.003288257	88669.8221795559
347	-74.655	4.404999	-70.25	-79.06	1000.0	693999	-11.965034	3.83448	-1.2497704	-21.204912	11.965885	0.0034144092	90520.03365182877
348	-126.755005	6.265003	-120.49	-133.02	1000.0	695999	-11.960385	3.8317697	-1.1097796	-21.14831	11.960482	0.0036135889	90628.75150585175
349	-79.020004	56.34	-22.68	-135.36	699.5	697999	-11.948491	3.843274	-1.0810909	-21.159422	11.9492035	0.0040348275	90884.89582443237
350	-121.87	16.46	-105.41	-138.33	1000.0	699999	-11.953613	3.839159	-1.0188429	-21.174574	11.954286	0.0036374792	90958.90075588226
351	-131.13	23.04	-108.09	-154.17	1000.0	701999	-11.958	3.8455212	-1.0122572	-21.239092	11.958502	0.0036958628	91033.60014915466
352	-87.579994	49.668377	-19.4	-136.3	797.6667	703999	-11.955349	3.8443937	-1.0647023	-21.130095	11.955809	0.0035618085	91342.93107438087
353	-75.52333	56.868225	-7.26	-146.48	713.0	705999	-11.95777	3.8504055	-0.9832766	-21.142548	11.95814	0.0030577602	92448.11685800552
354	-109.075	8.055	-101.02	-117.13	1000.0	707999	-11.947092	3.8453403	-1.0538025	-21.140467	11.947635	0.003396902	92606.9790570736
355	-107.725	45.445	-62.28	-153.17	1000.0	709999	-11.944495	3.8523264	-1.101316	-21.161764	11.945107	0.003767945	93468.58986878395
356	-112.365005	4.8549995	-107.51	-117.22	1000.0	711999	-11.944668	3.8502817	-1.089513	-21.157848	11.94549	0.0030632652	93541.34940266609
357	-159.855	5.675003	-154.18	-165.53	1000.0	713999	-11.948715	3.8516276	-1.0322597	-21.202427	11.949362	0.003818859	93755.66433238983
358	-45.074997	24.234999	-20.84	-69.31	666.0	715999	-11.944833	3.853648	-1.1303489	-21.181461	11.94554	0.0030452872	94717.77479600906
