Epoch	AverageEpRet	StdEpRet	MaxEpRet	MinEpRet	EpLen	TotalEnvInteracts	AverageQVals	StdQVals	MaxQVals	MinQVals	LossPi	LossQ	Time
1	-112.2325	9.709499	-102.523	-121.942	1000.0	1999	1.5633855	0.49088997	2.3470497	0.2653566	-1.5643071	0.00041990317	60.174673318862915
2	-91.815	3.6049995	-88.21	-95.42	1000.0	3999	0.57864386	0.46175402	1.518754	-0.42433536	-0.57878727	9.0851216e-05	143.8734724521637
3	-104.387	1.5839996	-102.803	-105.971	1000.0	5999	-0.47289973	0.4038802	0.47779748	-1.3861938	0.47346678	8.144781e-05	224.2748191356659
4	-78.815	14.209	-64.606	-93.024	1000.0	7999	-1.4750214	0.37304902	-0.44454306	-2.2433567	1.4752593	6.566932e-05	305.32491183280945
5	-112.1425	14.433498	-97.709	-126.576	1000.0	9999	-2.3207388	0.38913536	-1.2278721	-3.223716	2.3213646	8.715238e-05	388.9071958065033
6	-116.66901	55.265003	-61.404	-171.934	1000.0	11999	-3.0933862	0.43719754	-1.9842376	-4.1404	3.0939736	0.00010990354	472.8842763900757
7	-188.01651	1.3115005	-186.705	-189.328	1000.0	13999	-3.77918	0.5339925	-2.4599905	-5.4188857	3.7808945	0.00014429231	558.7366650104523
8	-164.209	3.2460022	-160.963	-167.455	1000.0	15999	-4.536844	0.7526054	-2.85024	-7.093832	4.5392447	0.00021020984	642.3454468250275
9	-60.194	12.515999	-47.678	-72.71	1000.0	17999	-5.308863	1.0494286	-3.264491	-8.179318	5.311012	0.00023014161	725.3370833396912
10	-104.1835	36.0015	-68.182	-140.185	1000.0	19999	-5.8613544	1.2984837	-3.5758245	-9.211414	5.8632035	0.0003211996	809.8195185661316
11	-162.8705	15.042496	-147.828	-177.913	1000.0	21999	-6.500507	1.6179605	-3.897964	-10.596655	6.502102	0.00035613094	892.5766685009003
12	-152.754	24.962002	-127.792	-177.716	1000.0	23999	-7.1714725	1.9361478	-3.935746	-11.6447735	7.173215	0.00038261592	976.1752896308899
13	-141.397	69.701004	-71.696	-211.098	1000.0	25999	-7.8261876	2.2727182	-3.914725	-13.735663	7.8279634	0.00042702787	1058.5983414649963
14	-176.38599	28.486	-147.9	-204.872	1000.0	27999	-8.3688965	2.6341922	-3.8765194	-14.7986355	8.370834	0.0004607892	1141.2841804027557
15	-143.482	75.116005	-68.366	-218.598	1000.0	29999	-8.8410015	2.9226317	-3.7525983	-15.809396	8.842867	0.00054342207	1225.7997970581055
16	-58.9435	4.866501	-54.077	-63.81	1000.0	31999	-9.201762	3.285683	-3.7426438	-16.703611	9.203625	0.00054607773	1310.04252743721
17	-75.086	13.850998	-61.235	-88.937	1000.0	33999	-9.311932	3.5335815	-3.651889	-17.646322	9.311738	0.00068253645	1395.5923640727997
18	-105.533005	35.885	-69.648	-141.418	1000.0	35999	-9.271731	3.730111	-1.0072929	-17.769243	9.2542515	0.00056892063	1479.3044340610504
19	-79.0375	12.731499	-66.306	-91.769	1000.0	37999	-9.154704	3.8252783	-1.1870501	-17.977682	9.133774	0.0006795056	1564.017611026764
20	-89.8795	18.377502	-71.502	-108.257	1000.0	39999	-9.03437	3.9068005	-1.0566453	-18.223488	9.017242	0.00068020844	1649.3993983268738
21	-75.7625	18.2635	-57.499	-94.026	1000.0	41999	-8.861615	3.9706059	-1.1954279	-18.18237	8.841137	0.0006488533	1731.9972066879272
22	-115.541	26.373997	-89.167	-141.915	1000.0	43999	-8.738965	3.9185977	-1.6285021	-18.093033	8.716469	0.0006457896	1815.0608658790588
23	-86.8295	13.273499	-73.556	-100.103	1000.0	45999	-8.619473	3.8748972	-2.1556036	-18.058283	8.595077	0.0007224414	1897.30313205719
24	-95.39101	2.994999	-92.396	-98.386	1000.0	47999	-8.511495	3.8052669	-2.54418	-18.096962	8.489653	0.0006180267	1979.8639359474182
25	-60.83	8.192001	-52.638	-69.022	1000.0	49999	-8.477748	3.7235358	-2.834552	-18.087543	8.455781	0.0007033416	2066.099611520767
26	-65.4245	7.402502	-58.022	-72.827	1000.0	51999	-8.363721	3.6661987	-2.874972	-18.211178	8.343064	0.0007886045	2164.8708975315094
27	-61.192	18.027	-43.165	-79.219	1000.0	53999	-8.283766	3.659243	-2.8337398	-18.332436	8.260869	0.00064890523	2255.628100156784
28	-61.7165	6.414499	-55.302	-68.131	1000.0	55999	-8.199136	3.6655807	-2.7747886	-18.406488	8.174555	0.0008138847	2338.589786052704
29	-61.447	1.4769993	-59.97	-62.924	1000.0	57999	-8.078533	3.6972144	-1.9386562	-18.555119	8.053449	0.00083921466	2421.6390063762665
30	-103.774	25.035004	-78.739	-128.809	1000.0	59999	-7.9255986	3.7531252	-2.012762	-18.57022	7.9004426	0.0006467925	2507.173975467682
31	-59.537502	10.803501	-48.734	-70.341	1000.0	61999	-7.895805	3.7554	-2.3915806	-18.636427	7.8706307	0.0008287425	2609.849697828293
32	-62.444	7.99	-54.454	-70.434	1000.0	63999	-7.809372	3.795924	-2.2680018	-18.780209	7.786501	0.0007888685	2701.167011976242
33	-80.865	19.859999	-61.005	-100.725	1000.0	65999	-7.7460914	3.785435	-2.1385326	-18.934734	7.724565	0.0008102866	2784.1656742095947
34	-48.359	3.927	-44.432	-52.286	1000.0	67999	-7.6891904	3.7866254	-2.0627868	-19.046906	7.6683435	0.0007599491	2867.6315619945526
35	-80.923996	43.72	-37.204	-124.644	933.0	69999	-7.6400323	3.790504	-1.9729809	-19.179731	7.619595	0.0008920018	2955.21795630455
36	-75.781	14.288	-61.493	-90.069	1000.0	71999	-7.6210737	3.778845	-1.9316341	-19.127024	7.600024	0.00076832226	3038.326155424118
37	-45.4995	41.2175	-4.282	-86.717	657.5	73999	-7.5527687	3.7610917	-1.5405074	-19.341808	7.5272713	0.009908841	3121.0755813121796
38	-68.832504	2.7745018	-66.058	-71.607	1000.0	75999	-7.521115	3.7185762	-1.7446833	-19.110416	7.4995046	0.0017695023	3204.3317518234253
39	-64.0065	3.3044987	-60.702	-67.311	1000.0	77999	-7.4601245	3.6893063	-1.3741933	-19.32022	7.435722	0.006590313	3287.8577709198
40	-47.5795	9.5455	-38.034	-57.125	1000.0	79999	-7.381928	3.7103226	-1.2623872	-19.417858	7.3583026	0.0073467684	3370.7671077251434
41	-63.196	3.072998	-60.123	-66.269	1000.0	81999	-7.309495	3.7194977	-0.9753526	-19.397116	7.2837644	0.008541473	3454.271837949753
42	-66.082	11.320999	-54.761	-77.403	1000.0	83999	-7.2636986	3.7282028	-0.75964034	-19.369148	7.2398148	0.0023534726	3538.159346103668
43	-39.51267	20.459187	-11.318	-59.237	800.6667	85999	-7.146839	3.718042	-0.9269907	-19.690329	7.1243405	0.009241954	3621.8183839321136
44	-66.968	16.807001	-50.161	-83.775	1000.0	87999	-7.0676546	3.7440023	-0.71849525	-19.814709	7.0428095	0.009577938	3709.1430928707123
45	-75.198	2.9300003	-72.268	-78.128	1000.0	89999	-7.021245	3.7467172	-0.6167407	-19.71894	6.998471	0.006282114	3791.861836910248
46	-58.9935	6.4655	-52.528	-65.459	1000.0	91999	-6.9377227	3.734936	-0.5213906	-19.872545	6.9151015	0.0045591206	3874.661115169525
47	-52.670998	3.7390003	-48.932	-56.41	1000.0	93999	-6.8695345	3.7452366	-0.6614948	-20.080498	6.8476315	0.00724613	3957.2042512893677
48	-45.030502	0.67149925	-44.359	-45.702	1000.0	95999	-6.7514396	3.7466927	-0.8992839	-20.2932	6.728537	0.01223499	4042.4675455093384
49	-49.942497	6.6635	-43.279	-56.606	1000.0	97999	-6.681241	3.7677078	-0.86288255	-20.44614	6.6597657	0.0043235947	4125.4773116111755
50	-37.982502	22.4325	-15.55	-60.415	800.5	99999	-6.646169	3.7598813	-0.88116246	-20.448046	6.625427	0.004304742	4212.338633060455
51	-46.004997	3.7390003	-42.266	-49.744	1000.0	101999	-6.570501	3.764275	-1.0045305	-20.633883	6.550448	0.0061086006	4296.672282934189
52	-52.4235	5.4835014	-46.94	-57.907	1000.0	103999	-6.520133	3.758648	-1.020919	-20.784733	6.5012183	0.00936136	4379.072863101959
53	-60.527504	12.147501	-48.38	-72.675	1000.0	105999	-6.496388	3.7743535	-1.1255397	-20.757832	6.4791727	0.01171133	4462.183764696121
54	-63.832	6.478998	-57.353	-70.311	1000.0	107999	-6.456155	3.740862	-1.0584584	-20.873335	6.4377275	0.010908381	4547.147807836533
55	-41.358	1.4800014	-39.878	-42.838	954.0	109999	-6.413871	3.757808	-0.92028505	-20.771362	6.3931265	0.009974634	4630.992749929428
56	-25.088667	18.599823	1.107	-40.253	693.0	111999	-6.35158	3.747498	-0.81371075	-20.735165	6.330844	0.014124432	4717.028153657913
57	-63.314003	2.8099995	-60.504	-66.124	1000.0	113999	-6.271446	3.747891	-0.77672875	-20.755018	6.2475567	0.017578246	4800.9942898750305
58	-48.3945	12.8575	-35.537	-61.252	988.0	115999	-6.162075	3.7526991	-0.6685951	-20.877249	6.14132	0.020448415	4884.233918905258
59	-71.114	5.105999	-66.008	-76.22	1000.0	117999	-6.1378627	3.7437208	-0.68664056	-20.932842	6.117319	0.017422738	4967.2794806957245
60	-62.135002	9.611002	-52.524	-71.746	1000.0	119999	-6.07671	3.7349484	-0.6262557	-20.645666	6.0535593	0.01418643	5051.764582157135
61	-59.783	3.9570007	-55.826	-63.74	1000.0	121999	-5.9722857	3.7247503	-0.7547487	-20.648497	5.9498086	0.017082954	5135.347801208496
62	-49.849503	0.8575001	-48.992	-50.707	1000.0	123999	-5.9377174	3.7022965	-0.81449044	-20.538658	5.9192743	0.0030467152	5218.613526105881
63	-49.0035	1.9685001	-47.035	-50.972	1000.0	125999	-5.8988123	3.688899	-0.6082756	-20.641628	5.879419	0.017403148	5301.448093652725
64	-62.05	1.5760002	-60.474	-63.626	1000.0	127999	-5.8935556	3.6764395	-0.946788	-20.716867	5.8746405	0.0070678177	5384.653643369675
65	-48.149002	1.4660015	-46.683	-49.615	1000.0	129999	-5.8649793	3.6660037	-0.8257878	-20.71505	5.8448787	0.010832722	5469.938596487045
66	-65.269	6.2250023	-59.044	-71.494	1000.0	131999	-5.835068	3.652882	-0.98641056	-20.80526	5.815669	0.010079834	5558.938831329346
67	-34.561665	21.726252	-3.973	-52.365	777.6667	133999	-5.8116827	3.631713	-0.9873077	-20.84992	5.7921114	0.014375944	5643.066950559616
68	-28.782	2.9759998	-25.806	-31.758	806.5	135999	-5.7775855	3.6127508	-0.7657798	-20.753263	5.7589936	0.014360497	5730.8116228580475
69	-55.90434	8.712751	-44.622	-65.835	950.6667	137999	-5.7172723	3.5773716	-1.0234303	-20.770939	5.6974797	0.012475411	5815.188462495804
70	-30.681	21.349998	-9.331	-52.031	669.0	139999	-5.6693087	3.5683143	-0.66373426	-20.759102	5.6482406	0.018064566	5898.393332242966
71	-70.4825	6.1064987	-64.376	-76.589	1000.0	141999	-5.6377573	3.550079	-0.61381567	-20.852858	5.6160636	0.016691929	5981.999164581299
72	-36.115	22.944536	-4.009	-56.24	749.3333	143999	-5.575395	3.5589206	-0.33004594	-20.927216	5.553995	0.022242343	6069.389150619507
73	-68.7055	7.425499	-61.28	-76.131	1000.0	145999	-5.549797	3.559806	-0.6123575	-20.801237	5.5290055	0.01293464	6153.952240943909
74	-24.542	12.129002	-12.413	-36.671	772.5	147999	-5.4919877	3.5340972	-0.65316004	-20.8885	5.4719524	0.013280599	6238.900962352753
75	-42.212	22.583302	-10.418	-60.729	793.6667	149999	-5.422006	3.5098486	-0.20675519	-20.842878	5.398625	0.017124599	6340.505592346191
76	-47.9585	5.0234985	-42.935	-52.982	1000.0	151999	-5.372558	3.5243568	-0.5348276	-20.451042	5.347918	0.019217975	6444.002640724182
77	-47.1375	7.9655	-39.172	-55.103	1000.0	153999	-5.2869544	3.5053804	-0.2942856	-20.349379	5.2617364	0.01920786	6527.228382587433
78	-47.522663	16.578445	-26.124	-66.519	845.3333	155999	-5.2126174	3.4912114	-0.20027405	-20.134817	5.188287	0.02372148	6590.428545951843
79	-57.173	12.200001	-44.973	-69.373	1000.0	157999	-5.126826	3.4809868	-0.17924608	-20.3012	5.10284	0.016588025	6666.840345621109
80	-55.3665	4.498501	-50.868	-59.865	1000.0	159999	-5.1008706	3.5169375	0.1295193	-20.41497	5.077819	0.012163723	6771.16660284996
81	-47.943	0.1609993	-47.782	-48.104	950.5	161999	-5.080462	3.5253172	0.363129	-20.61753	5.059415	0.017522393	6854.293554544449
82	-52.1045	5.3055	-46.799	-57.41	1000.0	163999	-5.019723	3.5185442	0.55848396	-20.764675	4.9981933	0.020693092	6941.197769403458
83	-43.6815	4.751499	-38.93	-48.433	1000.0	165999	-5.0072913	3.5457292	0.62313026	-20.909071	4.9849215	0.020355225	7023.830162525177
84	-45.608498	11.0235	-34.585	-56.632	980.0	167999	-4.9790387	3.5360725	0.41853407	-20.948092	4.955913	0.016892292	7108.507667064667
85	-38.3845	12.2045	-26.18	-50.589	882.0	169999	-4.931249	3.528657	0.5679809	-21.110737	4.909066	0.019561859	7194.529403448105
86	-43.2035	8.637499	-34.566	-51.841	916.0	171999	-4.892973	3.5248883	0.45280135	-21.141727	4.872225	0.019432947	7277.682199954987
87	-31.370333	5.3654137	-26.898	-38.915	797.6667	173999	-4.880715	3.524077	0.6967749	-21.155657	4.860561	0.014025391	7362.304755449295
88	-46.5455	1.4185009	-45.127	-47.964	1000.0	175999	-4.8744054	3.5080378	0.5422117	-21.575773	4.853788	0.020334393	7446.474394798279
89	-28.307	17.721409	-5.691	-48.967	674.0	177999	-4.8481183	3.5104136	0.71546626	-21.441439	4.8271284	0.022465412	7529.421846628189
90	-33.078003	12.163	-20.915	-45.241	774.5	179999	-4.790109	3.5238314	1.1327333	-21.47043	4.764181	0.028610626	7612.418462514877
91	-56.637497	2.4055004	-54.232	-59.043	1000.0	181999	-4.746377	3.5109081	1.0887953	-21.379066	4.724768	0.023363251	7695.01532459259
92	-48.0815	0.98749924	-47.094	-49.069	1000.0	183999	-4.6989064	3.4791143	1.185879	-21.575624	4.6780586	0.018080905	7779.471341133118
93	-32.634	21.32933	-2.55	-49.58	754.3333	185999	-4.644909	3.466596	1.4784925	-21.24521	4.6203203	0.026532186	7862.422894001007
94	-33.56067	22.585121	-12.876	-64.98	744.3333	187999	-4.6018558	3.4747179	1.4233711	-21.150434	4.579302	0.025382312	7949.629373788834
95	-19.1245	11.1425	-7.982	-30.267	588.5	189999	-4.5696063	3.492894	1.9737293	-21.193182	4.5467463	0.025813848	8035.743209838867
96	-41.81867	11.829434	-25.095	-50.558	935.6667	191999	-4.539827	3.5015676	1.5980957	-21.162672	4.5184584	0.02619028	8119.961588859558
97	-31.067	10.164	-20.903	-41.231	849.5	193999	-4.49652	3.4763815	1.6684264	-21.283524	4.474851	0.03441156	8207.144418239594
98	-43.036	2.6529999	-40.383	-45.689	1000.0	195999	-4.4516582	3.4600508	1.7044234	-21.098522	4.4306493	0.022486866	8290.085489034653
99	-32.13	17.01	-15.12	-49.14	736.5	197999	-4.4408646	3.4436305	1.671567	-21.00222	4.420411	0.02238506	8374.076397657394
100	-38.173332	16.41689	-15.747	-54.589	855.0	199999	-4.4270043	3.414278	1.6087215	-21.10877	4.4059706	0.018086575	8458.487016916275
101	-58.799	0.034999847	-58.764	-58.834	1000.0	201999	-4.4164267	3.4488132	1.8261675	-21.251932	4.3951993	0.031882677	8541.972923278809
102	-44.2085	24.684498	-19.524	-68.893	813.5	203999	-4.39705	3.4346962	1.5707436	-20.88013	4.3732643	0.023107372	8624.513582706451
103	-34.585	1.5900002	-32.995	-36.175	952.5	205999	-4.3696012	3.395469	1.7374579	-20.78544	4.350024	0.0171377	8707.43326473236
104	-43.398	15.684803	-21.22	-54.836	919.0	207999	-4.3540626	3.3996058	1.5712357	-20.745426	4.332907	0.021953879	8791.770658016205
105	-28.002	16.692	-11.31	-44.694	731.5	209999	-4.318863	3.3542995	1.4421656	-20.783468	4.2969775	0.02806104	8878.83804678917
106	-17.9445	19.005507	-6.21	-50.853	500.0	211999	-4.309822	3.3630214	1.4920709	-20.553102	4.2900147	0.033404335	8964.98106265068
107	-39.087666	20.268263	-10.824	-57.352	843.0	213999	-4.2800746	3.343165	1.7284822	-20.493624	4.257917	0.03206811	9049.199968576431
108	-27.947668	20.687592	-2.004	-52.631	660.0	215999	-4.216344	3.3216894	1.6373953	-20.691347	4.193412	0.030996172	9133.65622472763
109	-10.008999	3.4099677	-4.196	-12.861	371.0	217999	-4.1926017	3.3453662	1.585376	-20.490955	4.170509	0.038419813	9218.980640649796
110	-26.410334	22.766508	-6.17	-58.215	596.6667	219999	-4.1373043	3.3323202	1.6371189	-20.581161	4.113737	0.033480637	9305.974892616272
111	-11.765799	10.811251	-4.079	-32.986	455.2	221999	-4.1003504	3.3399677	1.7009678	-20.220127	4.0781465	0.028090362	9390.976284980774
112	-21.3745	18.957258	2.054	-50.309	590.25	223999	-4.0513477	3.3150387	1.7740345	-20.161388	4.0286226	0.03490708	9475.621617794037
113	-21.958	16.110958	-9.485	-44.707	626.6667	225999	-4.019953	3.3321157	2.0228348	-20.27857	3.9971428	0.035025697	9562.315245628357
114	-7.685833	5.692339	0.603	-18.335	335.83334	227999	-3.9630606	3.3242023	2.429546	-20.199574	3.9389336	0.03645305	9647.941343545914
115	-27.683664	15.143798	-14.068	-48.808	714.6667	229999	-3.8985834	3.3145483	2.3142986	-20.09784	3.8743565	0.04014366	9731.523573637009
116	-15.62325	16.86663	0.676	-43.847	529.0	231999	-3.8595593	3.3040879	2.3958895	-20.08957	3.83745	0.03305519	9818.71588420868
117	-10.695	9.258948	-1.014	-23.171	386.66666	233999	-3.8036938	3.3001897	2.989107	-20.078165	3.7795644	0.04776741	9905.73755121231
118	-16.645332	9.925294	-10.174	-38.262	478.0	235999	-3.7542372	3.326057	2.7797053	-20.05078	3.7297194	0.041760497	9992.225421905518
119	-23.712	14.236127	-12.695	-43.814	636.3333	237999	-3.6851037	3.3644295	3.10287	-20.179043	3.6598907	0.053009965	10076.497039318085
120	-10.799001	10.671648	-0.674	-29.17	405.4	239999	-3.6324425	3.3619146	3.0123415	-20.172546	3.608255	0.05251754	10161.051223516464
121	-22.3205	6.9705	-15.35	-29.291	759.5	241999	-3.563723	3.3596153	2.8673744	-20.027987	3.5383291	0.04747821	10248.027998685837
122	-19.81225	8.404205	-11.221	-33.724	626.75	243999	-3.4935958	3.3809333	2.7577226	-20.164	3.4670415	0.05544134	10332.655368566513
123	-10.116249	4.6671815	-6.461	-18.084	423.5	245999	-3.431375	3.3740103	2.9613125	-20.067564	3.407895	0.051209256	10419.712943553925
124	-49.286003	1.4610004	-47.825	-50.747	1000.0	247999	-3.382761	3.3777525	3.0950058	-20.046925	3.3591502	0.04676414	10507.612229347229
125	-11.2746	12.884149	2.918	-34.244	439.6	249999	-3.3488028	3.3687687	3.154683	-20.027527	3.3258817	0.053473797	10595.438439846039
126	-25.835001	13.826075	-12.161	-44.776	710.6667	251999	-3.2806828	3.365379	3.5634382	-19.865156	3.2544951	0.04505599	10679.461758613586
127	-18.901667	17.31887	-0.474	-42.088	629.3333	253999	-3.2389276	3.3784125	3.5714731	-20.008478	3.211924	0.046018235	10765.374266147614
128	-11.931251	7.442538	-4.429	-23.645	464.0	255999	-3.1605456	3.3820715	3.6391478	-19.906883	3.1326609	0.051029984	10849.208353281021
129	-11.019	2.7326984	-7.81	-15.335	376.0	257999	-3.1120856	3.3845308	3.6794317	-19.983356	3.0863388	0.046163507	10935.268325567245
130	-21.2505	10.8685	-10.382	-32.119	604.0	259999	-3.0838869	3.373985	3.729979	-19.817327	3.059647	0.04415767	11017.620632648468
131	-13.6378	19.151054	-0.828	-51.748	449.6	261999	-3.0427332	3.374578	3.9107678	-19.79192	3.017042	0.05639061	11102.975381851196
132	-45.343002	11.439001	-33.904	-56.782	901.5	263999	-3.0052502	3.4115133	3.8957195	-19.873344	2.977996	0.06032784	11185.921437263489
133	-19.519201	14.804849	-1.455	-46.03	542.4	265999	-2.9413898	3.4117675	4.100834	-19.691442	2.914542	0.04886005	11281.133252620697
134	-15.624001	14.496292	2.026	-37.698	482.0	267999	-2.8957655	3.431411	4.3290567	-19.957615	2.8695686	0.046373934	11365.070234537125
135	-21.753334	11.394863	-12.945	-37.844	661.3333	269999	-2.8523343	3.4429908	4.3174696	-19.837208	2.8274946	0.050344393	11449.19267988205
136	-9.3234005	10.848679	-2.031	-30.761	393.2	271999	-2.8278184	3.4510565	4.4204483	-19.934183	2.8017473	0.05332484	11534.333839893341
137	-20.893665	8.202484	-9.815	-29.411	625.3333	273999	-2.776668	3.4561656	4.189725	-20.02624	2.7505615	0.05197167	11621.975670576096
138	-13.253	20.747263	2.3	-48.416	454.5	275999	-2.7466893	3.4601557	4.2017183	-20.05725	2.7218874	0.05427373	11707.895701169968
139	-17.93075	15.790689	0.19	-43.032	530.25	277999	-2.720163	3.4810894	4.0620465	-20.197605	2.6951525	0.05995869	11793.946758270264
140	-19.52825	17.92752	-2.828	-49.661	548.0	279999	-2.702556	3.4593942	4.0334835	-19.977125	2.679105	0.05097558	11878.599297046661
141	-18.512335	14.324939	-5.172	-38.386	616.6667	281999	-2.7129674	3.4839263	3.9919372	-20.093296	2.6900966	0.053038552	11962.950568675995
142	-14.68875	12.935277	4.1	-32.405	570.25	283999	-2.6691453	3.526129	4.125447	-19.94247	2.6414385	0.05072002	12047.834610700607
143	-8.7247505	6.138605	-1.471	-17.941	393.0	285999	-2.608987	3.5219016	4.1822333	-19.95839	2.5830426	0.060623657	12132.743497133255
144	-24.698334	14.440634	-5.616	-40.54	718.6667	287999	-2.552064	3.5274723	4.328879	-19.786282	2.5242608	0.059710193	12216.415915489197
145	-10.5130005	6.0608387	-3.733	-20.115	436.5	289999	-2.4903626	3.5375278	4.2481594	-19.68678	2.4629946	0.05111363	12306.136421442032
146	-10.265	14.877318	1.627	-35.742	449.25	291999	-2.4479	3.5550125	4.5243015	-19.694244	2.4212315	0.052498557	12391.03638267517
147	-17.26975	8.377282	-6.286	-27.998	653.25	293999	-2.4285462	3.5637941	4.6185336	-19.818983	2.4033442	0.05368422	12476.349017858505
148	-8.87375	3.7525666	-3.755	-13.881	348.75	295999	-2.378784	3.571943	4.694906	-20.005863	2.352288	0.059680678	12560.769594669342
149	-16.2472	13.898219	-6.564	-43.777	465.0	297999	-2.3628933	3.5785747	4.728331	-19.913109	2.3373744	0.050168578	12662.15688586235
150	-18.929499	10.8394165	-11.933	-37.681	565.5	299999	-2.3274217	3.581298	4.673175	-20.061642	2.301536	0.053933837	12764.460144042969
151	-33.6985	14.0995	-19.599	-47.798	722.0	301999	-2.310625	3.5791154	4.663307	-20.030075	2.2845395	0.0448664	12861.142189502716
152	-35.40333	12.404901	-19.411	-49.645	905.0	303999	-2.30219	3.5844853	4.838084	-20.153135	2.2768662	0.04822419	12962.999878168106
153	-11.203	9.5130005	-3.337	-24.588	460.66666	305999	-2.28672	3.5927806	4.8698177	-20.09568	2.2587523	0.049111933	13058.506556987762
154	-13.3746	7.0365777	-4.963	-25.001	496.4	307999	-2.26049	3.6017232	4.937711	-19.979712	2.235381	0.05543962	13160.181840658188
155	-16.88925	14.958311	-6.199	-42.688	532.25	309999	-2.210882	3.5987544	5.006208	-20.084648	2.1829565	0.05227385	13252.221989393234
156	-16.60375	17.726946	-2.233	-46.972	487.5	311999	-2.1760297	3.5916321	4.929185	-19.934914	2.147998	0.060099043	13342.9438829422
157	-18.72825	16.58638	-6.032	-46.66	494.0	313999	-2.1452997	3.585577	4.8338847	-19.743013	2.118027	0.051879317	13433.59889960289
158	-24.098	17.945593	-0.006	-43.054	660.0	315999	-2.1212292	3.596265	5.1927605	-19.643333	2.0925884	0.054743193	13525.89297413826
159	-17.725	14.501548	-8.389	-42.818	493.0	317999	-2.0886319	3.6230578	5.2002463	-19.809818	2.0610132	0.055521782	13617.58994269371
160	-28.5155	13.6675	-14.848	-42.183	724.0	319999	-2.0536983	3.5902271	5.4072423	-19.769588	2.0261636	0.049469996	13712.860427379608
161	-19.80225	6.0813518	-13.376	-28.722	614.25	321999	-2.0012698	3.5938244	5.040928	-19.712791	1.9721359	0.05702486	13803.621717453003
162	-23.562332	19.45251	-3.83	-50.029	573.0	323999	-2.0060666	3.6063578	5.175244	-19.649168	1.9800706	0.046271473	13893.98633646965
163	-10.1575	15.113486	2.042	-41.977	386.5	325999	-2.021649	3.606574	5.3233604	-19.63971	1.9958853	0.057429623	13988.469201087952
164	-9.1645	6.856271	-1.451	-18.518	469.0	327999	-1.989538	3.5772123	5.286805	-19.610039	1.9627365	0.052546784	14079.671790122986
165	-15.4609995	5.4037623	-10.787	-24.407	486.5	329999	-1.9598694	3.5820007	5.5304885	-19.438538	1.9303608	0.06286801	14173.233847856522
166	-30.419	14.210001	-16.209	-44.629	803.5	331999	-1.9305514	3.6023633	5.2712398	-19.287458	1.903071	0.051590465	14279.084373950958
