Epoch	AverageEpRet	StdEpRet	MaxEpRet	MinEpRet	EpLen	TotalEnvInteracts	AverageQVals	StdQVals	MaxQVals	MinQVals	LossPi	LossQ	Time
1	-85.111	11.193841	-69.801	-95.96	1000.0	3999	0.66319406	0.4838065	1.9707571	-0.4635545	-0.6649033	0.00015047348	130.13194823265076
2	-100.61551	17.79329	-81.649	-121.958	1000.0	7999	-0.7225504	0.6418282	0.7640012	-2.1275449	0.721973	7.6029064e-05	258.8320255279541
3	-109.48601	38.041996	-74.752	-169.534	1000.0	11999	-2.133185	0.62565356	-0.52316004	-3.5817106	2.1328835	9.6618605e-05	377.98511147499084
4	-70.9762	61.17011	-4.789	-149.259	641.0	15999	-3.4212904	0.75116664	-1.4442544	-5.6787066	3.4206772	0.0011600909	1416.0210483074188
5	-146.44125	17.582268	-121.398	-169.34	1000.0	19999	-4.686141	1.105182	-2.1871953	-8.373808	4.6871924	0.0019380173	1509.150006055832
6	-143.5634	65.8002	-15.823	-196.493	853.8	23999	-6.1514606	1.7339367	-2.092649	-11.790251	6.1534085	0.001626378	1742.2723140716553
7	-114.835205	48.780365	-23.879	-156.044	886.2	27999	-7.345477	2.2643888	-2.0049071	-13.998677	7.3475676	0.001675771	2159.3544025421143
8	-69.657	56.53477	-9.674	-139.135	636.0	31999	-8.294098	2.6902795	-1.6995604	-15.731602	8.296066	0.0023201522	3042.209816932678
9	-138.84125	39.482437	-74.519	-182.114	1000.0	35999	-9.002629	3.2663794	-1.4120829	-17.168224	9.004543	0.0026226935	4397.187826156616
10	-152.88724	23.616861	-124.892	-180.618	1000.0	39999	-9.912936	3.5604353	-1.9965389	-18.310324	9.914764	0.0028690635	4494.202982902527
11	-86.66633	64.662186	-19.949	-202.11	796.8333	43999	-10.42059	3.8696008	-2.0515354	-19.653898	10.422068	0.0025416142	7364.332583427429
12	-69.584496	50.515285	-7.436	-127.718	666.0	47999	-10.644504	4.1868224	-2.073692	-20.397888	10.64589	0.0028059091	8078.740805149078
13	-99.515594	72.600136	-6.808	-172.313	669.0	51999	-11.036493	4.3024516	-1.9628404	-21.026545	11.03772	0.003597863	8310.744844198227
14	-144.40701	33.275967	-108.611	-195.623	1000.0	55999	-11.513232	4.434952	-2.0328884	-21.566612	11.514106	0.0044362214	8408.491117954254
15	-162.55075	19.983786	-139.933	-191.629	1000.0	59999	-11.949935	4.5136395	-1.9556003	-21.998184	11.949377	0.0039536348	8505.370854139328
16	-134.61499	68.42235	-8.422	-213.159	832.4	63999	-12.333761	4.608528	-1.5698979	-22.396854	12.3334	0.0063624256	8648.493937015533
17	-75.9742	44.27676	-16.897	-129.135	729.4	67999	-12.210761	4.5662456	-2.0094156	-22.460644	12.196285	0.006983718	12627.954275608063
18	-72.92257	50.211857	-16.806	-165.969	701.4286	71999	-11.976743	4.5272017	-2.175598	-22.660397	11.963198	0.009455	13939.839068174362
19	-37.969856	35.727425	-9.877	-99.895	479.2857	75999	-11.624798	4.5117073	-2.2737813	-22.408539	11.601842	0.00852222	15881.708275794983
20	-47.045498	24.177088	-10.193	-71.112	707.0	79999	-11.05434	4.530704	-2.372286	-21.953587	11.027109	0.009102368	19579.564543008804
21	-60.416	35.476715	-11.08	-101.189	740.1667	83999	-10.608847	4.530786	-2.208096	-21.368925	10.586267	0.008803488	24139.823417425156
22	-26.4845	21.431417	-5.5	-88.021	378.9	87999	-10.287248	4.558325	-1.1052146	-21.202532	10.266209	0.0091015035	26704.221694469452
23	-53.994335	36.60312	-12.733	-103.1	644.8333	91999	-10.013188	4.5617514	-1.3966297	-21.210339	9.991658	0.010329925	28173.353089571
24	-40.879	25.117558	-16.38	-78.487	617.1429	95999	-9.783042	4.5982747	-1.5537956	-21.41447	9.762641	0.009410575	30824.7537150383
25	-39.295143	29.47782	-9.849	-82.177	565.1429	99999	-9.489625	4.6385717	-1.2195127	-21.629248	9.465004	0.008729993	34551.42667746544
26	-26.028112	15.575795	-7.748	-60.694	414.44446	103999	-9.155566	4.626991	-0.87649333	-21.347466	9.125738	0.008701284	37067.98465299606
27	-18.985538	14.615844	-8.435	-64.621	314.6154	107999	-8.796803	4.59388	-0.79612154	-21.263142	8.768207	0.008820225	39535.88935518265
28	-28.864004	23.736645	-6.052	-68.897	425.4	111999	-8.531092	4.5805793	-0.5064896	-21.21861	8.504395	0.008208317	42439.630208969116
29	-14.586876	7.963533	-6.777	-38.289	242.375	115999	-8.292776	4.589425	2.2062721	-21.113626	8.264299	0.007882267	44398.88071322441
30	-18.602188	17.657463	-7.168	-85.453	255.8125	119999	-8.025552	4.595426	2.263305	-20.988905	7.999282	0.007402682	46348.24029755592
31	-16.832642	10.322021	-8.334	-48.39	271.0	123999	-7.822926	4.653027	1.1464654	-21.06555	7.79678	0.007717005	48297.273487091064
32	-12.01381	5.212238	-5.745	-21.091	197.2381	127999	-7.6058044	4.6820474	0.33989745	-21.04074	7.5771036	0.00811417	49647.13266634941
33	-15.213937	5.8783455	-6.205	-30.94	251.0	131999	-7.3770623	4.6740007	0.323563	-20.852345	7.3484354	0.0070330477	51281.2562892437
34	-20.63525	9.626012	-6.36	-48.137	336.66666	135999	-7.183958	4.6964545	0.43268776	-20.837826	7.157302	0.0071596024	53520.65799379349
35	-13.091437	5.3130417	-4.641	-25.567	235.5	139999	-7.012168	4.7055387	0.59338015	-20.702635	6.984572	0.0072117574	55573.131617069244
36	-14.660368	7.4191446	-3.573	-33.301	223.42105	143999	-6.807212	4.6699457	0.83111084	-20.581253	6.779215	0.0065974053	57059.304713726044
37	-15.1656885	5.387203	-7.577	-26.751	242.5	147999	-6.654415	4.637563	0.93785596	-20.50005	6.627663	0.0067914585	58726.30648064613
38	-17.846134	11.210111	-7.028	-55.467	278.06668	151999	-6.49095	4.5786605	0.98313725	-20.211252	6.463341	0.0067099286	60761.76702976227
39	-17.229666	7.771509	-4.476	-34.25	263.0	155999	-6.363201	4.518217	0.85409427	-20.06446	6.3360896	0.0063316408	62371.580426216125
40	-17.789669	3.7606397	-11.376	-24.745	269.53333	159999	-6.26642	4.4459405	0.8351103	-19.821247	6.241141	0.0066769295	63979.78144788742
41	-25.228214	38.196236	-8.482	-161.626	282.2143	163999	-6.2494392	4.4041295	0.73699504	-19.79655	6.2287636	0.0071585933	64967.1635556221
42	-13.318369	6.1320496	-5.617	-25.891	211.94737	167999	-6.214303	4.400293	0.51483554	-19.802586	6.1901126	0.007160656	66288.198417902
43	-13.213111	4.727334	-4.621	-22.561	213.38889	171999	-6.110005	4.367425	0.53057516	-19.793787	6.0861006	0.0067325085	67532.81670069695
44	-15.923	6.9637303	-6.091	-33.892	243.11765	175999	-6.037869	4.3554525	0.46591133	-19.778715	6.0144043	0.007647111	68927.88007831573
45	-21.339455	15.211921	-4.169	-49.768	324.9091	179999	-5.9530206	4.3228226	0.5070102	-19.747671	5.930402	0.017966915	71638.40297818184
46	-16.443058	14.753876	-4.87	-70.085	263.0	183999	-5.885194	4.2852674	0.29030082	-20.047295	5.8634787	0.0141215	74011.11143445969
47	-14.935399	6.868081	-5.963	-30.531	238.4	187999	-5.859122	4.29443	0.29721224	-20.586369	5.836939	0.02177109	75583.6934401989
48	-14.4643345	8.513787	-5.659	-37.082	257.6	191999	-5.785995	4.262315	0.057766974	-20.473904	5.764958	0.017391566	77839.7164311409
49	-14.5847645	9.895085	-4.383	-51.54	249.05882	195999	-5.7487063	4.2562704	0.02463279	-21.056335	5.7270274	0.020820577	79600.15745139122
50	-17.614	7.1252527	-6.401	-36.583	284.06668	199999	-5.698265	4.221662	0.10999417	-20.395687	5.6783085	0.014744887	81317.42487335205
51	-14.182647	3.219029	-8.436	-20.53	232.35294	203999	-5.667168	4.20184	0.1757878	-20.377205	5.646874	0.006691826	82642.93425989151
52	-12.843166	5.4525886	-3.222	-24.564	214.94444	207999	-5.6082206	4.175665	0.27469987	-20.780958	5.5870266	0.01896211	83993.3907828331
53	-15.839201	10.587792	-4.759	-47.963	274.66666	211999	-5.5587244	4.155317	0.24377267	-20.628843	5.539163	0.007087065	86342.55954146385
54	-13.844723	4.1664586	-6.887	-20.892	220.44444	215999	-5.4982343	4.119896	0.42879343	-20.700142	5.47803	0.014118055	87510.26360750198
55	-18.080402	16.322628	-5.549	-76.194	275.06668	219999	-5.4599524	4.096421	0.36217344	-20.701069	5.440391	0.017965045	89725.38931584358
56	-17.895332	17.66197	-5.871	-81.421	264.73334	223999	-5.42723	4.072703	0.4967479	-20.70173	5.4075	0.01710665	91743.00999641418
57	-12.531422	5.3842454	-3.402	-26.376	207.26315	227999	-5.3882375	4.0415382	0.43951672	-21.211468	5.3685675	0.017402373	93299.96382403374
58	-20.24457	18.29955	-5.059	-82.305	290.64285	231999	-5.3490124	4.009446	0.5010235	-20.751131	5.3297586	0.014034422	95438.06711053848
59	-16.906427	6.9772162	-5.564	-36.774	258.2143	235999	-5.3341475	4.008414	0.48868757	-20.70239	5.3146043	0.0150188925	97012.71032595634
60	-16.44806	9.308292	-3.877	-42.779	261.05884	239999	-5.2818537	3.9900427	0.4888076	-20.652866	5.264294	0.0068937223	98658.51547169685
61	-13.653889	3.1886117	-7.301	-20.944	219.88889	243999	-5.2473407	3.9720502	0.43256617	-20.577406	5.227428	0.017868629	99998.80894374847
62	-13.687187	5.304362	-5.464	-22.058	221.25	247999	-5.2075706	3.9539025	0.48203054	-20.429218	5.188898	0.01703644	101672.48529100418
63	-18.213066	16.25916	-6.98	-74.823	289.06668	251999	-5.184519	3.9217334	0.8783835	-20.404337	5.1656075	0.029316239	103971.24249243736
64	-26.237417	28.562094	-8.745	-118.178	334.58334	255999	-5.1784463	3.9149072	0.9246732	-20.433207	5.1617646	0.013077894	106313.07337546349
65	-14.776533	7.5597286	-4.509	-34.209	253.53334	259999	-5.1870737	3.9206345	0.8220584	-20.680334	5.1712656	0.0073156212	108494.72224903107
66	-21.409311	18.391407	-8.276	-81.691	331.92307	263999	-5.1974187	3.9407644	0.8128092	-20.7527	5.1822424	0.006429859	110840.73905611038
67	-17.322573	8.092604	-5.769	-35.652	272.7143	267999	-5.1958795	3.9451375	0.7491778	-20.811848	5.180041	0.010085416	112846.94500494003
68	-19.571499	16.701702	-5.984	-76.401	292.07144	271999	-5.1929655	3.9363198	0.6723013	-21.032635	5.1768737	0.012597011	115139.82261967659
69	-12.973803	4.233398	-5.303	-20.325	211.26666	275999	-5.152628	3.890205	0.59054875	-20.87076	5.136198	0.010964391	117406.91257762909
70	-16.687849	20.173994	-3.221	-99.287	240.3	279999	-5.1557837	3.86282	0.58297306	-20.826193	5.140206	0.011169843	118808.97850060463
71	-16.712934	7.0271277	-7.493	-32.623	257.4	283999	-5.146291	3.8469694	0.5189666	-20.808702	5.131245	0.008335707	120366.97175431252
72	-13.292048	4.6957283	-4.9	-22.813	213.0	287999	-5.107329	3.818138	0.49926376	-20.986261	5.0923223	0.008524409	121548.4894053936
73	-19.985077	20.154827	-5.67	-85.974	293.6154	291999	-5.082618	3.7836316	0.40844584	-21.021524	5.066667	0.015896833	123853.91184926033
74	-19.696533	19.651407	-6.986	-90.879	280.86667	295999	-5.0646596	3.7555056	0.29904664	-20.965364	5.0491934	0.011518692	125862.67451953888
75	-17.098715	14.127067	-7.537	-65.376	274.2857	299999	-5.0372334	3.7353199	0.23723915	-20.932774	5.021875	0.015479951	128105.28944921494
76	-13.276895	5.5423613	-4.776	-25.777	213.10527	303999	-5.034144	3.7385168	0.19436233	-21.010723	5.020288	0.0075049326	129407.33431959152
77	-19.182072	19.406673	-7.937	-86.428	282.0	307999	-5.026453	3.7255673	0.18364868	-20.914167	5.011348	0.011639607	131422.5662329197
78	-18.894144	16.092112	-7.71	-68.832	296.07144	311999	-5.004114	3.7138164	0.19246636	-20.9315	4.989235	0.011728817	134021.58249855042
79	-17.274666	12.073751	-5.412	-58.195	264.26666	315999	-4.9896	3.702473	0.16245425	-21.028898	4.9745197	0.0073050186	135618.6005897522
80	-21.272474	38.684998	-4.942	-183.353	210.57895	319999	-4.9498286	3.6777492	0.2461518	-21.397886	4.9338098	0.011867231	136997.5819094181
81	-33.17618	40.767086	-6.364	-154.854	356.63635	323999	-4.9906545	3.6157095	0.2571208	-21.622206	4.9788284	0.14333192	137990.6285367012
82	-14.776354	6.722193	-6.068	-29.859	230.64706	327999	-5.111191	3.5855517	0.20561278	-21.34108	5.0951166	0.31866267	139559.65892243385
83	-20.189383	14.821024	-7.14	-65.895	317.46155	331999	-5.0703464	3.5764601	0.23598832	-21.459074	5.0538087	0.1390221	142075.7501387596
84	-16.8074	4.9348955	-8.552	-26.019	264.4	335999	-5.031138	3.577474	0.19755109	-21.631344	5.015177	0.077935785	143320.7271835804
85	-14.485824	6.527874	-6.289	-29.496	229.82353	339999	-5.005753	3.5843172	0.23202819	-21.769691	4.989915	0.07358493	144860.8945877552
86	-13.296158	4.258377	-4.296	-19.69	216.21053	343999	-4.9484468	3.5874271	0.28385466	-21.635164	4.933344	0.012117819	146213.12417793274
87	-17.578081	12.82105	-7.593	-45.69	315.33334	347999	-4.9043155	3.5717213	0.38056827	-21.601292	4.887672	0.13474378	148400.18646287918
88	-15.158411	5.1150537	-5.359	-22.735	251.58824	351999	-4.8695865	3.5267577	0.47769052	-21.413836	4.854551	0.07281331	150187.87693810463
89	-17.438	9.983032	-6.471	-45.319	300.6154	355999	-4.840823	3.5318806	0.3688339	-21.294518	4.825798	0.00851462	152472.11532497406
90	-15.056824	5.2092896	-6.547	-25.698	235.05882	359999	-4.7964706	3.5097563	0.52683496	-21.205755	4.7816973	0.014734852	153973.51184272766
91	-17.181398	17.558762	-6.068	-81.364	261.06668	363999	-4.7623477	3.4773479	0.36630493	-21.272697	4.7466006	0.08023959	155244.27510738373
92	-17.745848	10.611382	-9.972	-52.506	293.6154	367999	-4.7175894	3.4205725	0.1453802	-21.135828	4.7023396	0.07673859	157153.92908143997
93	-20.005356	14.479024	-4.069	-57.611	312.2857	371999	-4.7421193	3.3899071	0.21540841	-21.167627	4.726581	0.130719	159572.50691580772
94	-11.829849	4.192569	-5.057	-19.894	195.75	375999	-4.7109165	3.379475	0.098884925	-21.223356	4.6956844	0.07381779	160844.45554614067
95	-17.139153	13.56515	-7.929	-61.471	292.6154	379999	-4.696007	3.3361456	0.13068378	-21.188969	4.6820602	0.069594026	163112.47144317627
96	-16.361938	5.715023	-7.39	-24.244	266.125	383999	-4.7244573	3.37349	0.08238703	-21.464851	4.7098703	0.01879385	164627.6936533451
97	-15.271563	5.08728	-6.252	-26.016	245.375	387999	-4.666384	3.3408084	0.12684932	-21.190247	4.6518264	0.06990361	165968.94333910942
98	-16.08775	5.1615095	-7.055	-23.662	252.8125	391999	-4.650397	3.3288186	0.14430414	-21.109982	4.6366363	0.014528868	167181.54799103737
99	-12.466312	5.31312	-4.052	-22.989	199.875	395999	-4.650103	3.3341668	0.23206109	-21.685364	4.636007	0.07626656	169267.61937713623
100	-18.336466	13.602447	-4.381	-51.842	322.0	399999	-4.616253	3.3220763	0.24701075	-20.985956	4.602525	0.011145495	171647.89042258263
101	-14.672766	6.490502	-4.778	-28.649	232.64706	403999	-4.5997267	3.3300707	0.34068984	-21.008821	4.585578	0.0765356	172957.01369833946
102	-15.636374	4.0470724	-8.585	-22.438	245.6875	407999	-4.608439	3.3227274	0.5460421	-21.087637	4.5952992	0.073178634	174293.30285477638
103	-17.508667	7.3334255	-5.658	-30.822	270.86667	411999	-4.684214	3.3112676	0.6453155	-21.45543	4.6715684	0.19454716	176048.4883263111
104	-13.35679	6.3844543	-3.275	-31.546	213.73685	415999	-4.727135	3.33372	0.5898206	-21.326857	4.714509	0.0086896345	177467.64119553566
105	-16.810713	6.087974	-6.551	-31.274	256.7857	419999	-4.668822	3.3254583	0.5034925	-21.254486	4.654489	0.018772902	179173.3330130577
106	-20.454287	12.224797	-8.068	-54.332	303.35715	423999	-4.6572447	3.312851	0.56564003	-21.06463	4.643803	0.1378118	180525.721919775
107	-24.118816	18.60199	-5.411	-64.449	377.81818	427999	-4.676044	3.2662697	0.58716965	-21.476406	4.6622996	0.1287996	183531.51089191437
108	-25.979801	21.925367	-6.002	-69.589	404.8	431999	-4.7111106	3.2590926	0.7474269	-21.364624	4.698446	0.13367927	186575.07677459717
109	-15.400312	6.15685	-8.237	-27.529	242.5625	435999	-4.689867	3.2768705	0.60759044	-21.638964	4.6766477	0.08209056	187923.70938110352
110	-21.159168	12.149736	-10.229	-53.747	311.41666	439999	-4.7017736	3.2683465	0.4859575	-21.276646	4.6887236	0.07595688	189550.60987067223
111	-18.16707	9.221867	-6.555	-46.967	303.57144	443999	-4.687572	3.2615485	0.5881296	-21.56165	4.6743097	0.07305103	191596.82542324066
112	-11.607191	5.549391	-5.054	-26.321	191.71428	447999	-4.618236	3.2780004	0.60795563	-21.008202	4.604465	0.007476699	193146.20231103897
113	-21.43846	19.405201	-5.173	-83.11	316.30768	451999	-4.5548677	3.2828076	0.9179491	-20.839098	4.540765	0.1357548	194928.37046933174
114	-19.54175	13.544677	-6.026	-61.586	313.83334	455999	-4.5845118	3.2485397	0.6380365	-20.570614	4.5717487	0.066892914	197283.86371731758
115	-15.210119	4.984774	-6.873	-27.125	245.23529	459999	-4.5470448	3.2519689	0.79742813	-20.412457	4.534238	0.011165013	198949.59878516197
116	-17.054214	10.564759	-5.044	-47.167	281.57144	463999	-4.5338144	3.2521327	0.73359483	-20.235703	4.5213833	0.07278802	201100.1859576702
117	-16.454	7.9399443	-6.611	-39.733	239.8125	467999	-4.5170827	3.2456121	0.71793896	-20.035769	4.504323	0.074951306	202460.5172393322
118	-18.442785	8.865639	-8.657	-46.676	301.64285	471999	-4.5029364	3.236445	0.71277714	-19.957909	4.4900327	0.009929483	204252.29786372185
119	-17.265142	10.26567	-6.726	-50.683	283.7857	475999	-4.475968	3.2292001	0.66646385	-20.226583	4.4629216	0.07910179	206283.9579489231
120	-18.629417	8.851344	-8.473	-37.997	333.5	479999	-4.4677024	3.2115216	0.68752116	-19.85653	4.455474	0.0096783275	208723.08272218704
121	-24.705002	35.748093	-6.754	-141.525	285.66666	483999	-4.5016217	3.2242143	0.7553784	-19.981632	4.4879284	0.1939567	210704.17249131203
122	-20.388187	24.73514	-7.016	-115.077	271.25	487999	-4.530063	3.2386658	0.5753815	-20.239607	4.5175767	0.06831698	211880.9128484726
123	-18.857199	16.92141	-4.567	-63.581	274.13333	491999	-4.5366926	3.2358356	0.63852257	-20.276371	4.5239773	0.00739899	214123.8311471939
124	-18.1765	10.684836	-5.42	-49.497	295.2857	495999	-4.526289	3.2450886	0.78597504	-20.873962	4.513544	0.1923135	216088.71566295624
125	-17.122616	10.145928	-7.211	-46.14	299.92307	499999	-4.519715	3.2032301	0.5622803	-20.131813	4.5067596	0.08237483	218492.6022555828
126	-16.266937	7.6687894	-7.53	-40.663	259.375	503999	-4.500272	3.172081	0.5418821	-19.983957	4.48767	0.01856717	220368.61891770363
127	-15.698999	8.615916	-5.134	-34.047	256.6	507999	-4.4629345	3.1879659	0.566881	-19.958492	4.4507337	0.006995472	222100.0907409191
128	-14.883501	5.2848277	-5.383	-22.979	224.5	511999	-4.440016	3.2187905	0.5518812	-20.06446	4.427586	0.009993509	223245.5436091423
129	-13.777445	5.477754	-6.226	-24.267	224.44444	515999	-4.41554	3.2440066	0.5864151	-20.23949	4.4033875	0.00963569	224572.77000522614
130	-13.833823	4.8405976	-5.37	-25.636	227.47058	519999	-4.430957	3.234978	0.53630424	-20.225489	4.4198895	0.19042912	226026.18593335152
131	-26.107183	23.749298	-4.875	-84.101	373.72726	523999	-4.51265	3.208628	0.60601866	-20.094145	4.501135	0.0153274555	228789.17250347137
132	-17.255066	4.223511	-12.054	-24.819	257.93332	527999	-4.507412	3.2007492	0.5334301	-20.011404	4.495051	0.19193445	230227.35720348358
133	-17.143124	4.207977	-8.999	-22.142	264.625	531999	-4.5092974	3.1941621	0.48026	-20.087433	4.497416	0.019499796	231871.77290272713
134	-16.449375	5.656881	-9.612	-34.904	251.3125	535999	-4.4674435	3.177464	0.52973914	-20.235924	4.455198	0.008468434	233317.5490515232
135	-16.2432	10.279029	-5.611	-48.366	251.93333	539999	-4.4508424	3.1783085	0.4650219	-20.340885	4.438429	0.07299617	234717.76540279388
136	-17.612865	10.674443	-5.209	-41.842	274.53333	543999	-4.4583516	3.1659112	0.38945302	-20.206238	4.4470735	0.07989052	236439.79201579094
137	-13.354841	4.1400003	-5.472	-21.187	210.89473	547999	-4.4668145	3.146155	0.43389142	-20.169395	4.455282	0.12877922	237712.52664875984
138	-17.373001	12.719512	-5.966	-60.326	274.7857	551999	-4.4704657	3.1291645	0.38706642	-20.086468	4.4588604	0.012393371	239659.8909637928
139	-17.4785	7.1095934	-7.565	-30.62	261.25	555999	-4.4259934	3.120449	0.38184458	-20.061882	4.41342	0.011273515	241495.18534636497
140	-15.479437	4.91962	-5.43	-22.4	237.375	559999	-4.3909783	3.1334774	0.4635092	-20.181952	4.3790345	0.014133652	242677.49249267578
141	-16.818998	8.185339	-6.68	-30.634	282.64285	563999	-4.4022336	3.1134322	0.4225847	-20.3166	4.391092	0.19430423	244658.48920583725
142	-25.22	16.388779	-7.194	-61.141	414.3	567999	-4.3940816	3.0957165	0.340726	-20.267101	4.3815274	0.075224504	247302.01144886017
143	-15.826249	10.455788	-6.094	-50.964	256.5	571999	-4.360127	3.0781562	0.4046171	-20.366623	4.3480372	0.0069450815	248408.74281072617
144	-18.040154	11.481985	-8.66	-55.525	298.53845	575999	-4.372392	3.0783072	0.41506088	-20.395735	4.3604717	0.08011864	250591.05263853073
145	-19.023	11.84917	-12.215	-57.983	313.6154	579999	-4.4003158	3.0504072	0.418199	-20.320879	4.3888273	0.07248849	253047.59180164337
146	-15.213	5.9041686	-9.026	-27.595	238.52942	583999	-4.3696933	3.0498586	0.36854553	-19.98365	4.3573637	0.07257172	254405.5711605549
147	-17.453075	9.305382	-5.78	-44.703	301.15384	587999	-4.3343573	3.0288467	0.47846094	-19.854668	4.322707	0.021166053	256549.3781607151
148	-13.543446	6.1573153	-6.168	-25.191	223.72223	591999	-4.305846	3.0336907	0.38869554	-19.466091	4.2941737	0.014921945	258148.9240527153
149	-29.011177	57.51775	-4.331	-258.16	238.0	595999	-4.2741637	3.0263805	0.3874579	-19.666155	4.262221	0.014024399	259434.57199168205
150	-16.143936	6.188416	-5.16	-27.661	242.25	599999	-4.2474647	3.02187	0.34271994	-19.627481	4.2356887	0.021032894	260600.23609113693
151	-28.94375	37.629814	-8.078	-152.002	345.25	603999	-4.2587624	3.0337443	0.27845138	-19.754154	4.246829	0.23173581	261781.72433638573
152	-23.857	22.412443	-5.789	-96.242	324.0	607999	-4.2463827	3.0481548	0.6194314	-19.87318	4.2339725	0.16138981	263839.7610435486
153	-15.517858	6.5743823	-6.079	-28.271	241.5	611999	-4.201351	3.0436313	0.31979483	-20.132252	4.189447	0.22696531	265309.48315787315
154	-30.045584	29.084875	-9.365	-115.343	395.0	615999	-4.238253	3.041376	0.29729536	-20.28649	4.227974	0.16047582	267402.99764585495
155	-17.881924	10.864177	-6.371	-51.748	294.3846	619999	-4.2716618	3.0575995	0.34271157	-20.53425	4.2618136	0.06977	269444.6307590008
156	-19.878	15.463446	-4.612	-68.158	297.7857	623999	-4.3000607	3.0427682	0.33130488	-20.74973	4.289291	0.07512231	271822.69554781914
157	-15.670532	7.6234913	-5.542	-32.751	254.53334	627999	-4.296636	3.02259	0.41375968	-20.445297	4.2855635	0.23868781	273528.3681833744
158	-15.678667	6.10075	-5.001	-26.763	265.6	631999	-4.293713	3.007651	0.35952643	-20.328802	4.2831287	0.22366506	275269.5844640732
159	-14.816609	4.959034	-5.281	-22.684	232.44444	635999	-4.3151855	3.0077748	0.57448614	-20.722107	4.3048964	0.22916913	276549.6901590824
160	-14.73306	5.440855	-5.885	-30.165	232.52942	639999	-4.2930307	3.0131292	0.6627203	-20.64903	4.281538	0.2303478	277844.8378713131
161	-15.748249	6.396962	-5.244	-25.477	253.5	643999	-4.277445	3.0043838	0.63383806	-20.662218	4.2656965	0.011133232	279378.6320307255
162	-15.641001	6.012053	-6.866	-27.854	243.875	647999	-4.2318645	2.981488	0.6492234	-20.357418	4.220337	0.0151702	280566.5530245304
163	-14.988647	4.2425632	-7.331	-22.796	236.23529	651999	-4.2293444	2.9585776	0.67002577	-19.97259	4.218466	0.22380258	281836.7358417511
164	-16.217134	9.781659	-6.567	-50.502	269.93332	655999	-4.225286	2.9304917	0.516577	-19.832037	4.2137747	0.16443819	283737.3908252716
165	-18.147	7.6212406	-5.194	-30.611	287.85715	659999	-4.225368	2.9115033	0.78299624	-20.026573	4.2132335	0.44031006	285358.98716282845
166	-18.427834	11.82654	-7.136	-51.133	324.16666	663999	-4.20429	2.9190063	0.7617111	-19.963535	4.193021	0.010739879	287623.44969820976
167	-21.803818	10.770369	-8.745	-45.376	351.45456	667999	-4.1474233	2.9058082	0.7776004	-20.121105	4.134744	0.16573276	289703.9342491627
168	-15.401882	5.539571	-6.019	-27.978	241.0	671999	-4.1230526	2.8997808	0.77232134	-20.034012	4.1102586	0.16795805	290952.42824554443
169	-15.66853	6.5221534	-5.043	-33.712	241.88235	675999	-4.0925417	2.8612382	0.7127642	-19.748806	4.0800433	0.32396474	292448.72123241425
170	-18.233309	6.1995015	-11.813	-35.291	288.92307	679999	-4.0600014	2.858195	0.7015148	-19.605267	4.047295	0.3134717	294180.4209089279
171	-16.722067	7.7233577	-6.98	-37.793	268.33334	683999	-4.033398	2.857379	0.709116	-20.509892	4.019786	0.44090974	295952.84233498573
172	-22.320635	16.203121	-7.137	-64.013	382.54544	687999	-3.9870532	2.8134148	0.56869406	-20.275661	3.9721737	0.015460542	297832.4603910446
173	-20.87577	20.057943	-6.176	-83.728	309.3846	691999	-3.9726946	2.7678924	0.5123465	-20.147635	3.9582899	0.13968009	299203.48264455795
174	-16.066265	8.0527	-4.335	-33.933	263.13333	695999	-3.974924	2.747413	0.47128597	-18.949417	3.9626508	0.16178331	301041.09968042374
175	-15.087376	6.305853	-6.843	-26.616	246.8125	699999	-4.003797	2.7755382	0.5075309	-18.948172	3.99169	0.22307111	302568.4877951145
176	-16.418625	4.6500297	-9.73	-26.937	259.3125	703999	-4.0352283	2.779822	0.54282516	-18.754637	4.0243807	0.014203747	303785.81887865067
177	-15.564531	8.784627	-6.539	-44.984	249.4	707999	-4.055357	2.7880476	0.5926081	-18.7634	4.043638	0.16137362	305603.95076704025
178	-18.426645	10.183362	-8.151	-49.106	296.92856	711999	-4.070312	2.8022192	0.8156185	-18.686556	4.05868	0.1602786	307813.5259537697
179	-19.834333	12.76845	-7.262	-55.34	325.58334	715999	-4.050983	2.8201556	0.8858621	-19.078913	4.0385785	0.16451491	310152.79140400887
180	-16.367416	6.8629365	-8.664	-31.318	281.0	719999	-4.0353117	2.8108652	0.77337134	-19.480951	4.0237403	0.014696939	313224.0858991146
181	-18.833126	11.085221	-7.718	-53.952	300.4375	723999	-4.039196	2.8048081	0.70010746	-19.807993	4.0279255	0.010294621	314703.95973062515
182	-15.411732	5.809996	-6.673	-29.34	245.66667	727999	-4.047148	2.8039463	0.44000307	-20.086557	4.036848	0.0071551576	316201.9793314934
183	-17.137133	11.109154	-4.164	-53.932	285.53333	731999	-4.078301	2.7770839	0.57234025	-20.106325	4.0687466	0.13265613	318292.34589505196
184	-14.791187	7.909317	-5.468	-36.268	243.1875	735999	-4.113122	2.7812212	0.5993097	-20.20177	4.1037936	0.22482401	320113.7593989372
185	-14.374888	6.3351955	-6.075	-33.042	231.55556	739999	-4.1224394	2.7834263	0.53271013	-20.486298	4.1129365	0.008565966	321546.25944519043
186	-17.561998	9.466634	-6.631	-46.757	299.84616	743999	-4.110149	2.8002627	0.52763855	-20.938812	4.1000037	0.00837475	323466.9581091404
187	-17.194538	7.0076923	-6.416	-32.564	262.30768	747999	-4.1314197	2.7911093	0.7107209	-21.185192	4.1215954	0.22704259	325341.78922605515
188	-16.021	9.137255	-7.033	-49.087	243.57895	751999	-4.1202235	2.8051264	0.55995166	-21.455624	4.1100693	0.16591363	326543.0627644062
189	-16.681501	9.968399	-5.956	-48.781	284.0	755999	-4.1038156	2.8289442	0.4996185	-21.609804	4.0935082	0.007246131	328587.3773884773
190	-14.623112	5.6748905	-6.177	-24.612	227.44444	759999	-4.0978227	2.830415	0.50200975	-21.716267	4.087798	0.22623715	329992.5948867798
191	-14.513856	7.0060883	-6.235	-27.246	230.42857	763999	-4.103492	2.8080947	0.41454828	-21.574013	4.0932083	0.16648337	331398.1536471844
192	-17.452553	14.064639	-7.128	-71.708	264.33334	767999	-4.0961246	2.8096235	0.46812925	-21.594099	4.086676	0.07320585	333041.9456999302
193	-12.11242	4.129604	-4.827	-20.994	202.73685	771999	-4.108227	2.7982726	0.4731526	-21.334743	4.0984836	0.010960259	334435.42557811737
194	-15.260312	8.044127	-6.554	-37.635	258.3125	775999	-4.092414	2.796044	0.48575583	-21.33792	4.0822496	0.13148144	336540.3335299492
195	-17.795359	11.1502	-4.268	-53.263	288.2143	779999	-4.0844197	2.7619658	0.3372536	-21.703005	4.073958	0.1648161	338473.3814086914
196	-14.364941	6.807597	-4.767	-24.484	231.52942	783999	-4.066771	2.7600746	0.3173655	-21.26693	4.0572543	0.019357799	339897.1359114647
197	-17.584145	9.784954	-7.307	-45.744	279.7143	787999	-4.088971	2.747681	0.24457493	-21.27077	4.079553	0.29487434	341943.58412337303
198	-14.957236	7.452912	-6.842	-33.417	241.70589	791999	-4.109788	2.7458646	0.54345036	-21.312008	4.100055	0.23066543	343753.51226878166
199	-17.496769	10.591415	-4.731	-46.415	305.6154	795999	-4.094469	2.74035	0.34601137	-21.58992	4.0846915	0.3188276	345898.2244298458
200	-15.211647	4.7616634	-8.277	-23.618	239.11765	799999	-4.093419	2.773685	0.52931964	-21.420181	4.0832386	0.17242068	347185.3784632683
201	-13.809499	5.6145554	-5.477	-32.257	222.05556	803999	-4.0869412	2.7846148	0.50913686	-20.957008	4.0780416	0.007160925	348466.7924554348
202	-58.631504	150.6216	-6.253	-600.862	282.85715	807999	-4.07605	2.7948663	0.55026805	-20.97823	4.0660253	0.02096773	350371.0670301914
203	-16.220533	13.988018	-6.029	-63.731	260.73334	811999	-4.0527177	2.7823792	0.62525225	-20.814018	4.0425572	0.22826105	352454.7790565491
204	-13.430599	5.400543	-4.293	-23.758	225.06667	815999	-4.07385	2.7616436	0.46553305	-21.08942	4.061557	1.803217	354758.69936585426
