Epoch	AverageEpRet	StdEpRet	MaxEpRet	MinEpRet	EpLen	TotalEnvInteracts	AverageQVals	StdQVals	MaxQVals	MinQVals	LossPi	LossQ	Time
1	-104.77576	10.476067	-92.691	-120.263	1000.0	3999	0.8272123	0.67601013	2.3490853	-0.3060673	-0.8273043	0.00019205382	108.05449533462524
2	-96.845505	7.2262487	-88.163	-107.611	1000.0	7999	-1.069888	0.55850416	0.22265726	-2.1726694	1.0700781	7.9299796e-05	235.5840139389038
3	-89.1698	74.10758	-10.835	-214.018	679.0	11999	-2.751608	0.5054485	-1.5016247	-4.49835	2.7519522	0.0003686232	429.0352420806885
4	-111.097595	74.87848	-10.638	-191.099	729.8	15999	-4.298709	0.8100463	-2.8230438	-7.759867	4.2959876	0.0028197493	931.2371456623077
5	-180.39125	15.137344	-164.188	-200.399	1000.0	19999	-5.9220214	1.5210985	-2.3705435	-10.984032	5.9199266	0.0034077654	1027.8898496627808
6	-97.72758	77.52864	-9.558	-190.775	646.8571	23999	-7.2708564	2.1790617	-1.9053856	-13.733703	7.2695217	0.0044514816	1609.2711317539215
7	-152.3728	66.26318	-23.314	-207.498	880.0	27999	-8.600803	2.769062	-1.4190445	-15.961445	8.6005125	0.0031542715	1993.7754046916962
8	-145.3835	23.582373	-123.247	-184.668	1000.0	31999	-9.662821	3.283262	-1.1389946	-17.864449	9.662402	0.0033047171	2329.9158120155334
9	-143.88626	29.932627	-119.288	-192.921	1000.0	35999	-10.497079	3.5851314	-1.0063273	-19.466366	10.496729	0.0030706404	3142.812825202942
10	-124.97425	72.93279	-11.808	-214.245	787.5	39999	-11.328383	3.8595445	-0.73785186	-20.657703	11.328039	0.002762303	3379.014703989029
11	-102.39885	75.867516	-14.677	-187.533	696.7143	43999	-12.064532	4.1752195	0.16471867	-21.72562	12.064922	0.004681386	3963.6105422973633
12	-161.5245	26.954756	-133.441	-205.595	1000.0	47999	-12.471369	4.4076724	0.1859225	-22.529785	12.471434	0.0043015406	4061.4606597423553
13	-128.2865	66.032234	-15.232	-180.583	804.75	51999	-13.04367	4.592005	0.0013909508	-23.175274	13.043873	0.0041568056	4221.329709529877
14	-98.92575	87.92788	-8.364	-209.909	591.75	55999	-13.58512	4.7517557	-0.19249405	-23.732716	13.585561	0.0032847293	4523.821046113968
15	-92.0406	65.6367	-5.092	-175.828	707.4	59999	-13.896998	4.9747305	-0.08390987	-24.210459	13.897493	0.0055880463	5181.699279546738
16	-135.387	63.346245	-17.561	-197.375	850.8	63999	-14.100842	5.0536084	-0.029307248	-24.573248	14.1014	0.0054903254	5648.476236343384
17	-186.24776	33.875298	-131.967	-221.732	1000.0	67999	-14.456869	5.137791	-0.05920073	-25.54783	14.457482	0.004677575	5746.908905267715
18	-174.54074	29.120811	-133.432	-203.846	1000.0	71999	-14.723964	5.177945	-0.009636365	-25.77575	14.7193575	0.0046187695	5846.162907123566
19	-104.2592	66.22369	-14.017	-197.388	843.0	75999	-14.544957	5.086738	-0.51980674	-25.465788	14.537596	0.006364355	8098.864420413971
20	-145.883	36.389057	-111.795	-201.385	1000.0	79999	-14.24393	5.1524606	-0.7150396	-25.606478	14.2372265	0.0061099846	8208.365434408188
21	-168.40251	30.270231	-116.554	-190.27	1000.0	83999	-14.197256	4.9940276	-1.4317943	-25.61405	14.190566	0.004810727	8309.93274974823
22	-81.91371	81.194626	-11.101	-217.203	550.5714	87999	-14.22241	4.857096	-1.3874077	-25.543602	14.2168865	0.0060015162	8648.646358966827
23	-134.58176	65.87216	-22.553	-185.338	836.25	91999	-14.242526	4.7921233	-1.3093873	-25.251236	14.235861	0.006928801	8931.647169828415
24	-128.03775	36.268585	-73.693	-174.753	1000.0	95999	-14.304335	4.716652	-1.4590273	-25.026094	14.29712	0.005215649	10109.69135427475
25	-97.22175	86.31432	-11.407	-217.644	603.125	99999	-14.293352	4.7580905	-1.4470953	-24.911467	14.285172	0.005270607	10493.78523182869
26	-122.44075	78.39558	-21.419	-210.576	828.0	103999	-14.333675	4.819823	-0.97717994	-24.62707	14.326232	0.0051767393	12352.517887353897
27	-98.727	76.764725	-13.592	-210.032	743.3333	107999	-14.259275	4.9437065	-0.3869317	-24.488613	14.251216	0.004607053	14261.598474264145
28	-153.39742	71.836494	-14.93	-223.447	842.4	111999	-14.386674	4.9521904	-0.49679238	-24.187965	14.378332	0.003926851	14458.137493371964
29	-107.0236	82.8542	-4.571	-191.886	650.4	115999	-14.559824	4.9821205	-0.47162533	-23.735743	14.552372	0.0041517736	14620.957826375961
30	-158.9545	21.266182	-122.428	-175.464	1000.0	119999	-14.626762	4.956432	-0.23488116	-23.938286	14.6195	0.004349066	14719.6309299469
31	-129.3752	63.40859	-13.625	-190.159	839.4	123999	-14.715461	4.9792814	-0.25258577	-24.172874	14.710401	0.0047234944	15431.168310403824
32	-80.169174	48.983017	-10.017	-136.029	735.1667	127999	-14.700333	4.996402	-0.15314546	-24.419983	14.695831	0.004903765	16220.86456155777
33	-131.86024	72.33482	-10.548	-194.757	794.25	131999	-14.742243	5.038112	-0.121600345	-24.633675	14.737916	0.0052460614	16387.70453619957
34	-164.4905	60.46932	-62.682	-217.715	1000.0	135999	-14.876516	5.1073976	-0.16386825	-24.784601	14.871715	0.0039497865	17473.484272003174
35	-76.29962	67.550705	-4.915	-172.248	583.5	139999	-14.832714	5.1487856	-0.19739364	-25.02304	14.828071	0.005195941	18033.84583592415
36	-68.130714	73.02931	-5.982	-187.955	512.4286	143999	-14.831107	5.1702323	-0.18531227	-25.099327	14.827254	0.005068044	19235.06616282463
37	-161.1418	76.272514	-13.811	-220.997	840.2	147999	-14.932565	5.226177	-0.3239636	-25.210764	14.928496	0.0043057036	19369.633361816406
38	-136.31999	72.537964	-7.189	-208.076	828.8	151999	-15.018695	5.2400727	-0.3307054	-25.24446	15.013899	0.0057406756	19540.53092122078
39	-152.205	47.254303	-80.752	-199.256	1000.0	155999	-15.057826	5.2737107	-0.2735441	-25.37987	15.05402	0.004383454	20769.021421909332
40	-83.500336	57.749367	-7.258	-144.171	719.6667	159999	-15.050086	5.2766576	-0.19517358	-25.697206	15.047052	0.0041593006	22116.921437501907
41	-146.14024	37.980255	-91.3	-185.95	1000.0	163999	-15.048424	5.2796516	-0.3329403	-25.490234	15.045492	0.0065286043	23379.749601840973
42	-89.8564	73.05293	-14.13	-200.961	693.6	167999	-15.021956	5.292358	-0.2238789	-25.561098	15.018734	0.00446937	24680.982257843018
43	-90.231995	58.51699	-7.214	-146.573	714.6667	171999	-14.999321	5.2747984	-0.24410328	-25.575964	14.995697	0.004833688	25063.078627109528
44	-106.990616	57.921444	-10.262	-182.545	835.0	175999	-14.938248	5.284847	-0.28400537	-25.605186	14.935027	0.0044861985	26169.924479484558
45	-100.73	83.18728	-11.396	-211.813	679.2	179999	-14.922126	5.293112	-0.3245837	-25.688282	14.919285	0.0046179	27436.792947292328
46	-140.14601	63.98503	-13.762	-189.055	845.2	183999	-15.004324	5.313222	-0.3155436	-25.688147	15.001405	0.004885206	27626.237096309662
47	-115.89217	78.05395	-11.723	-213.341	729.5	187999	-15.055345	5.2958198	-0.3246822	-25.748478	15.052509	0.0044517494	27850.455283164978
48	-121.65675	61.617767	-16.117	-168.254	813.25	191999	-15.095363	5.2975926	-0.3247217	-25.789648	15.092131	0.0055626566	28038.55182480812
49	-159.704	31.17311	-115.038	-195.524	1000.0	195999	-15.098272	5.297083	-0.30418944	-25.828566	15.095326	0.0057536005	29307.594738721848
50	-114.108604	53.962162	-13.124	-162.523	841.6	199999	-15.071207	5.2703204	-0.32257983	-25.867905	15.067563	0.007669509	29484.742591142654
51	-165.20149	20.831835	-141.515	-192.316	1000.0	203999	-15.069158	5.2438626	-0.11192683	-25.799643	15.066078	0.0061512957	29587.313710451126
52	-145.3515	22.53726	-108.542	-163.962	1000.0	207999	-15.113467	5.2281923	-0.2573717	-25.822567	15.110645	0.0037317353	29688.46103453636
53	-117.28049	81.89963	-10.1	-232.311	733.8333	211999	-15.171673	5.2347083	-0.3262498	-26.443253	15.168673	0.0051272996	29862.436068058014
54	-148.1364	68.79838	-15.453	-203.589	852.6	215999	-15.171136	5.2568355	-0.3729722	-26.433323	15.168182	0.003972474	30124.390157461166
55	-136.863	78.73795	-7.08	-206.188	785.0	219999	-15.19987	5.2589245	0.17909107	-26.45905	15.197031	0.00450733	30262.651703596115
56	-144.11081	65.01923	-16.01	-194.363	843.8	223999	-15.301642	5.247353	0.10802697	-26.4672	15.299701	0.003637656	30396.343191862106
57	-153.07199	70.54749	-16.834	-215.607	846.2	227999	-15.33874	5.2674885	0.15739939	-26.42444	15.33659	0.0041791173	30546.71189880371
58	-102.07839	53.74205	-13.034	-169.213	844.2	231999	-15.355597	5.2611084	0.28316358	-26.73888	15.35348	0.0047696754	31766.640419960022
59	-168.65326	22.531315	-129.804	-183.972	1000.0	235999	-15.362554	5.2648797	0.22431532	-26.507729	15.359881	0.0039243046	31867.156314849854
60	-134.1442	61.691685	-11.381	-169.927	829.8	239999	-15.377503	5.25674	0.22500344	-26.484396	15.375073	0.0050504226	31997.13275885582
61	-103.9172	76.97137	-11.833	-196.064	665.0	243999	-15.402858	5.2415924	0.16301423	-26.512125	15.400381	0.0042274925	32200.848276376724
62	-161.1405	34.234886	-124.462	-212.089	1000.0	247999	-15.42771	5.2427363	0.1462619	-26.628649	15.425144	0.0059880614	32302.47499728203
63	-167.669	34.466183	-118.762	-207.218	1000.0	251999	-15.443089	5.2345195	0.029914677	-26.592373	15.440789	0.004000897	32405.869410037994
64	-108.981346	72.75166	-7.226	-189.874	721.3333	255999	-15.465772	5.232176	0.15249579	-26.614058	15.463639	0.00516246	32628.889163017273
65	-167.3805	13.917975	-145.032	-183.18	1000.0	259999	-15.470298	5.221184	0.063383415	-26.687334	15.467931	0.004286857	33103.10788941383
66	-97.3566	72.93747	-10.509	-179.013	685.8	263999	-15.456604	5.2208624	0.048145592	-26.606302	15.454281	0.0042697536	34134.625131607056
67	-153.16176	18.616796	-129.557	-180.101	1000.0	267999	-15.495989	5.2075605	-0.038260788	-26.594229	15.493902	0.0043902644	34236.0289041996
68	-105.059326	68.37578	-7.388	-168.959	723.0	271999	-15.488953	5.2014713	-0.07545602	-26.649708	15.486951	0.004015667	34467.56176185608
69	-98.671326	63.401024	-7.568	-154.527	725.1667	275999	-15.477382	5.183151	-0.05675538	-26.736938	15.4756365	0.0037716038	34754.00605034828
70	-129.26726	34.8145	-104.482	-189.225	1000.0	279999	-15.454845	5.1910186	-0.04829879	-26.565718	15.452976	0.004219774	34860.52612233162
71	-131.77982	67.29534	-7.236	-207.156	826.6	283999	-15.430098	5.191925	-0.021105304	-26.482239	15.428091	0.004081786	35003.27625417709
72	-152.823	38.433674	-99.915	-192.46	1000.0	287999	-15.432241	5.188993	-0.14598244	-26.60163	15.430392	0.003708087	35107.2619240284
73	-164.82425	35.450996	-131.128	-214.809	1000.0	291999	-15.4855585	5.189757	-0.004752904	-26.461094	15.483714	0.0034869595	35321.32788276672
74	-95.826004	61.14154	-8.235	-165.9	793.0	295999	-15.465773	5.1701894	-0.21914895	-26.610447	15.463845	0.0036838779	36470.41710329056
75	-119.6074	56.60587	-18.28	-190.085	858.4	299999	-15.43892	5.189751	-0.2341574	-26.464588	15.437522	0.003933646	36651.445640563965
76	-156.62149	35.987694	-110.973	-210.338	1000.0	303999	-15.452304	5.1928167	-0.16653296	-26.566803	15.451024	0.0030689891	37919.69971418381
77	-104.648834	70.99762	-9.788	-210.073	728.1667	307999	-15.434735	5.1810665	-0.1258972	-26.480396	15.433423	0.0039964262	38249.500755786896
78	-122.06025	51.52085	-67.904	-183.932	1000.0	311999	-15.441994	5.20964	-0.03512524	-26.542545	15.440713	0.0027803485	40320.6458773613
79	-145.63359	67.709724	-11.281	-195.44	841.6	315999	-15.442811	5.2043858	-0.21495676	-26.519012	15.44143	0.0031111913	40504.95517086983
80	-129.31625	42.162407	-72.032	-176.601	1000.0	319999	-15.44989	5.2183943	-0.21597637	-26.478806	15.448504	0.0041540116	41647.87047934532
81	-96.991	69.15864	-10.217	-181.494	679.8	323999	-15.427331	5.2155933	-0.22382025	-26.477495	15.425631	0.0033217128	42604.122027635574
82	-144.15375	41.67274	-103.539	-202.25	1000.0	327999	-15.411563	5.2234235	-0.11450565	-26.526838	15.410402	0.0032275773	43098.20603251457
83	-138.92476	17.305763	-120.09	-166.014	1000.0	331999	-15.393505	5.192819	-0.19688277	-26.625507	15.391875	0.003142147	43965.94899535179
84	-162.7515	32.159073	-108.264	-189.745	1000.0	335999	-15.413451	5.178269	-0.26906356	-26.512363	15.412121	0.002802296	44454.87398338318
85	-113.435196	60.040752	-8.474	-182.403	828.4	339999	-15.4388685	5.181447	-0.29180032	-26.516039	15.437817	0.0033649348	45658.43115067482
86	-142.31918	68.26274	-14.368	-190.668	837.4	343999	-15.432579	5.1724186	-0.27570534	-26.555939	15.431586	0.0028342896	45784.60168361664
87	-83.5472	63.139023	-12.26	-161.717	686.2	347999	-15.434822	5.1951966	-0.32005292	-26.629282	15.433496	0.0027105452	47092.53184914589
88	-116.9792	58.709038	-11.556	-175.953	834.6	351999	-15.435908	5.1988792	-0.21250476	-26.50938	15.435175	0.0030119135	48520.076424598694
89	-149.2684	67.21493	-15.843	-193.54	843.2	355999	-15.447316	5.197252	-0.34669206	-26.557852	15.446284	0.0034945006	48662.61339497566
90	-136.8262	70.12371	-14.376	-208.721	848.4	359999	-15.478306	5.205575	-0.29035452	-26.602201	15.477305	0.0034094446	49970.694783210754
91	-148.22551	19.343357	-125.76	-169.39	1000.0	363999	-15.482688	5.1921515	-0.23492613	-26.524786	15.481876	0.00269538	50077.19920229912
92	-154.37549	35.05831	-99.572	-194.27	1000.0	367999	-15.493102	5.18756	-0.24758573	-26.455553	15.492194	0.0031175856	51485.46916556358
93	-128.73325	61.14038	-24.741	-179.546	845.25	371999	-15.483155	5.1798906	-0.17495553	-26.556143	15.482369	0.0030011344	51673.6301176548
94	-169.002	35.810802	-117.384	-217.337	1000.0	375999	-15.510917	5.178522	0.19018477	-26.53494	15.509906	0.003306734	51777.999163389206
95	-154.75224	21.169315	-124.873	-178.907	1000.0	379999	-15.540047	5.1645594	-0.26480502	-26.548569	15.539105	0.0032076172	51880.60567998886
96	-155.5305	29.57234	-115.578	-186.499	1000.0	383999	-15.539844	5.1383142	-0.32605195	-26.519484	15.538901	0.0028581356	53066.221512794495
97	-90.156494	68.25577	-12.396	-182.949	735.3333	387999	-15.515985	5.1621737	-0.2435909	-26.515373	15.515253	0.0038955966	54349.283807992935
98	-125.0825	35.95601	-70.671	-170.207	1000.0	391999	-15.510259	5.169203	-0.09704983	-26.524372	15.509605	0.0035502096	55519.72305417061
99	-102.018005	65.68315	-6.298	-171.643	725.0	395999	-15.482863	5.1781716	0.0322012	-26.57849	15.481992	0.004215832	55832.148557662964
100	-66.13162	70.49134	-5.731	-178.579	509.5	399999	-15.456014	5.1894913	-0.2003132	-26.515322	15.455533	0.003329565	56466.950796842575
101	-133.22375	72.01536	-11.165	-189.623	791.75	403999	-15.462768	5.1815	-0.2551545	-26.529285	15.462164	0.0039909957	56600.695278167725
102	-121.23421	56.020164	-11.549	-162.142	833.6	407999	-15.464583	5.1843705	0.047754645	-26.429976	15.464088	0.002733118	56730.247245550156
103	-175.049	12.835071	-155.935	-192.071	1000.0	411999	-15.495295	5.1685324	-0.22991033	-26.622458	15.49456	0.0030534249	56834.1869199276
104	-143.1298	67.410645	-10.842	-190.543	833.0	415999	-15.526588	5.1634455	-0.24056153	-26.504381	15.526194	0.0029648894	56980.71658015251
105	-160.721	23.464857	-125.018	-188.351	1000.0	419999	-15.53594	5.1547866	-0.18878329	-26.521328	15.535357	0.0032315154	57087.443118810654
106	-105.65766	72.78347	-5.155	-198.131	711.3333	423999	-15.531715	5.1682653	-0.19634429	-26.509901	15.531069	0.0038926525	57271.803981781006
107	-107.7896	59.270466	-10.981	-163.899	837.2	427999	-15.534175	5.163273	-0.1342704	-26.61639	15.533177	0.0031965566	58503.436440229416
108	-137.86626	16.108706	-113.397	-158.501	1000.0	431999	-15.495434	5.1603	0.19545303	-26.518625	15.494972	0.0031885365	59760.32931804657
109	-97.2722	79.38279	-11.199	-195.555	665.8	435999	-15.503517	5.164636	-0.14206654	-26.580719	15.502721	0.0029447165	61027.93652033806
110	-160.17549	34.888275	-112.129	-201.985	1000.0	439999	-15.502988	5.1634784	-0.12738012	-26.444391	15.502169	0.0026687265	61132.95778465271
111	-172.884	28.029995	-144.509	-205.194	1000.0	443999	-15.527147	5.166897	0.100667745	-26.57037	15.526512	0.0035026264	61238.16189146042
112	-155.302	72.50809	-13.338	-211.536	834.0	447999	-15.566816	5.1673627	-0.12754668	-26.507748	15.566186	0.0031341042	61403.439883708954
113	-159.244	36.23361	-128.28	-220.335	1000.0	451999	-15.576292	5.151082	-0.10198283	-26.456259	15.575597	0.0037294552	61507.782321453094
114	-56.141	63.13432	-5.725	-173.61	468.44446	455999	-15.570072	5.148154	0.29606092	-26.449177	15.56968	0.002299949	62076.37172937393
115	-176.28925	17.817219	-161.314	-205.267	1000.0	459999	-15.573837	5.1718903	0.24077582	-26.475029	15.573298	0.003254988	62181.40029001236
116	-91.07617	53.03424	-12.077	-145.491	737.8333	463999	-15.564109	5.175382	0.23876339	-26.461775	15.5632105	0.0039800834	63626.16573596001
117	-89.885796	63.718914	-14.259	-169.411	688.0	467999	-15.537814	5.1777353	0.23203674	-26.493711	15.537116	0.0032015878	63828.010372400284
118	-110.4812	66.099846	-15.576	-199.078	851.4	471999	-15.529267	5.175837	0.08924064	-26.453102	15.528684	0.0028162035	65152.49085903168
119	-87.325005	78.589	-9.239	-211.567	618.3333	475999	-15.509225	5.197862	0.1613017	-26.470675	15.508916	0.003492297	66131.6476149559
120	-104.9006	65.16669	-12.36	-183.839	835.6	479999	-15.491906	5.2129736	0.12163147	-26.426628	15.491645	0.0037117554	67904.81748342514
121	-83.84267	70.01791	-8.099	-175.323	630.1667	483999	-15.478626	5.222128	0.22709993	-26.442623	15.477965	0.0038593588	68520.97469115257
122	-146.99919	76.67109	-8.508	-220.148	831.8	487999	-15.46905	5.2312827	0.24943298	-26.453732	15.468189	0.0033986135	68682.18461918831
123	-152.7956	73.18431	-7.599	-200.784	831.4	491999	-15.491164	5.240178	0.60430396	-26.47965	15.490449	0.0040159132	68857.38854026794
124	-167.43575	16.55052	-142.36	-188.204	1000.0	495999	-15.517549	5.2374315	0.20878309	-26.411528	15.5169325	0.0027973438	68960.20745754242
125	-134.9112	70.11003	-17.234	-222.054	845.4	499999	-15.573638	5.2267795	-0.18703958	-26.384989	15.573177	0.003142145	70275.30793523788
126	-115.886795	88.49567	-8.917	-213.058	669.2	503999	-15.558284	5.2239847	-0.101228446	-26.542923	15.557586	0.0034186265	70516.45213890076
127	-100.47325	91.089615	-8.514	-216.171	588.25	507999	-15.5853	5.2415566	-0.19577208	-26.46931	15.585059	0.003782868	70880.53090524673
128	-154.65149	84.137	-11.677	-219.858	800.25	511999	-15.619006	5.2496	0.0477466	-26.532597	15.618457	0.0028382326	71058.82906341553
129	-145.5046	68.91132	-10.579	-200.146	832.6	515999	-15.608635	5.2738323	-0.15079561	-26.443817	15.608225	0.0039783483	71192.2615377903
130	-139.66838	66.90996	-8.887	-194.43	827.2	519999	-15.64623	5.274002	-0.15995416	-26.494448	15.6459465	0.0031777334	71332.64319992065
131	-166.84575	25.372505	-136.661	-198.079	1000.0	523999	-15.677165	5.264027	0.048470497	-26.497917	15.676683	0.0028599019	71435.8235733509
132	-100.93549	67.40723	-11.945	-182.892	735.0	527999	-15.659979	5.2662535	-0.009362638	-26.522123	15.659311	0.003814838	72771.34901332855
133	-133.05075	71.7912	-13.589	-200.354	790.25	531999	-15.662554	5.262775	0.111266434	-26.488482	15.661869	0.0040298984	72891.47428512573
134	-149.08725	16.210749	-129.298	-174.026	1000.0	535999	-15.629116	5.268291	0.10981202	-26.461866	15.628612	0.0031935803	73988.17465567589
135	-81.472145	70.0082	-7.037	-182.106	636.1429	539999	-15.623629	5.264652	0.09301075	-26.446337	15.623002	0.0024410705	74250.65701508522
136	-135.4058	61.273724	-20.244	-188.401	862.8	543999	-15.638863	5.246619	0.064961076	-26.397964	15.638405	0.0041547967	74434.88640332222
137	-189.28575	22.833656	-152.236	-209.115	1000.0	547999	-15.644055	5.2589235	0.08681023	-26.474209	15.643736	0.0030408667	74539.4254014492
138	-163.35326	40.24804	-119.582	-227.452	1000.0	551999	-15.67339	5.2530074	0.13885137	-26.386215	15.67306	0.002730988	74644.77311015129
139	-137.0314	63.568634	-14.379	-184.228	842.2	555999	-15.679801	5.252419	0.31262085	-26.4785	15.679268	0.0033976964	74830.29972410202
140	-144.738	26.83521	-119.622	-189.334	1000.0	559999	-15.693192	5.2298656	0.03811589	-26.511095	15.692715	0.003137836	76068.01093125343
141	-127.1812	90.78175	-13.888	-219.57	715.2	563999	-15.668425	5.2571607	0.025818288	-26.549126	15.668019	0.0038713613	76443.63423490524
142	-128.263	61.809967	-20.836	-206.603	859.4	567999	-15.694075	5.262956	0.08373964	-26.40822	15.693629	0.002884191	76669.04195141792
143	-132.29526	42.608	-71.748	-191.715	1000.0	571999	-15.6643715	5.2657123	0.21201885	-26.420938	15.663866	0.0039452384	77796.4413356781
144	-136.97426	35.881275	-93.21	-187.04	1000.0	575999	-15.644982	5.2649717	0.03127575	-26.540174	15.644397	0.0028689604	79040.35833382607
145	-156.35275	54.495964	-69.122	-215.563	1000.0	579999	-15.669635	5.2703815	0.110479176	-26.40829	15.669171	0.003982641	80163.04105973244
146	-95.2116	74.22839	-11.014	-204.233	692.8	583999	-15.667622	5.2660165	0.09544307	-26.46365	15.667166	0.0036878348	80438.83001232147
147	-163.1725	33.714745	-113.598	-197.666	1000.0	587999	-15.654846	5.271159	0.011734545	-26.3798	15.654461	0.0026981106	81701.6642062664
148	-157.43625	43.98399	-81.336	-186.138	1000.0	591999	-15.675286	5.2758045	-0.032952398	-26.484997	15.675154	0.0032028998	82881.62253117561
149	-117.0588	62.949596	-15.922	-180.223	848.0	595999	-15.672572	5.277124	0.17125008	-26.460533	15.67227	0.0037940608	84190.20608830452
150	-169.593	5.5467706	-162.921	-176.364	1000.0	599999	-15.681112	5.275841	0.1119664	-26.409878	15.680925	0.003008761	84295.15235257149
151	-83.250336	72.360886	-9.273	-171.092	588.3333	603999	-15.692035	5.2557797	-0.006738633	-26.427086	15.69212	0.003144971	84598.6111984253
152	-150.703	70.97584	-17.929	-219.435	851.6	607999	-15.705291	5.2651877	0.18861297	-26.524021	15.705427	0.0032145574	84784.44741535187
153	-115.32333	74.35204	-12.041	-216.108	760.6667	611999	-15.7200575	5.259699	0.20697713	-26.44553	15.7199745	0.003683507	85179.81058549881
154	-65.898	49.36279	-16.115	-149.312	667.5	615999	-15.69979	5.278673	0.24878025	-26.391691	15.699968	0.0038309114	87992.04784560204
155	-86.30417	75.99057	-10.513	-185.17	596.3333	619999	-15.6835	5.291435	0.30849394	-26.409235	15.68332	0.0039614574	88247.3691060543
156	-141.3968	68.56561	-12.487	-213.416	833.6	623999	-15.662131	5.289255	0.27628902	-26.369349	15.661927	0.00417791	88421.91976428032
157	-160.749	27.697113	-113.339	-183.429	1000.0	627999	-15.673192	5.2715592	0.35015917	-26.410454	15.672766	0.0030723764	88525.12844657898
158	-124.81421	93.00993	-10.291	-206.315	667.2	631999	-15.711119	5.2763944	0.25425217	-26.394642	15.710818	0.0040251506	88724.01211428642
159	-96.465576	78.28553	-3.219	-198.698	641.1429	635999	-15.716035	5.2814984	0.32576245	-26.364328	15.716123	0.0036015592	90422.81730747223
160	-126.504196	74.63233	-12.216	-191.964	846.8	639999	-15.707305	5.3072696	0.3017314	-26.354015	15.707523	0.0035362134	91332.50142145157
161	-99.6412	55.359585	-11.592	-162.27	832.2	643999	-15.700652	5.3219686	0.20428124	-26.51991	15.70075	0.0037900324	92543.05832052231
162	-97.55967	86.54097	-7.088	-192.795	593.0	647999	-15.69795	5.3175964	0.344513	-26.40604	15.698235	0.0034961295	92801.6015393734
163	-109.49583	71.997154	-7.761	-186.015	742.0	651999	-15.721213	5.3147874	0.27812496	-26.425531	15.721654	0.004543996	93102.97452116013
164	-158.942	24.948458	-142.253	-202.074	1000.0	655999	-15.700654	5.3170004	0.29471976	-26.343197	15.7007065	0.003947205	93207.73949456215
165	-144.633	19.584223	-114.948	-168.482	1000.0	659999	-15.723331	5.310406	0.21824208	-26.335678	15.723459	0.0035338588	93313.68574237823
166	-123.87625	76.185326	-9.902	-223.896	788.5	663999	-15.71879	5.2895617	0.20332968	-26.349504	15.718827	0.0028499302	93457.08723497391
167	-106.962	67.93429	-8.2	-210.077	830.4	667999	-15.70395	5.302098	0.11283988	-26.404894	15.703963	0.0026405738	94692.56838226318
168	-98.6865	66.85006	-5.063	-172.825	715.0	671999	-15.702803	5.3115697	0.18569556	-26.399355	15.703069	0.0033401283	96075.32113790512
169	-121.32841	60.23913	-9.987	-185.017	832.6	675999	-15.695659	5.2982397	0.07420215	-26.320961	15.6956215	0.0036207214	97403.53506422043
170	-131.86801	73.45414	-8.686	-196.113	834.2	679999	-15.686281	5.2990713	0.08403617	-26.343729	15.686316	0.004842892	98639.46295380592
171	-167.948	60.90383	-82.164	-229.536	1000.0	683999	-15.71726	5.3036914	0.058617204	-26.355455	15.717189	0.0033223815	99852.21194195747
172	-115.81325	59.915543	-16.732	-172.533	812.5	687999	-15.695506	5.3059726	-0.008710086	-26.349655	15.695559	0.0029425002	100025.0297691822
173	-182.42575	27.800173	-146.214	-223.385	1000.0	691999	-15.723489	5.305009	0.09919208	-26.394737	15.723379	0.0038438858	101100.87233185768
174	-101.454605	51.62083	-11.068	-154.519	829.0	695999	-15.728025	5.305918	0.08193508	-26.461954	15.7281885	0.0040409504	101352.5548722744
175	-136.2142	66.23249	-13.417	-210.211	845.2	699999	-15.703086	5.301096	0.03912413	-26.454077	15.702753	0.0035112968	101877.35000419617
176	-98.1874	60.180195	-16.255	-182.216	852.2	703999	-15.6862135	5.316648	0.09976268	-26.518726	15.686132	0.004406947	103734.31049156189
177	-165.51125	24.245522	-124.165	-185.937	1000.0	707999	-15.708065	5.306283	-0.044424206	-26.545021	15.70784	0.004104104	103836.99966716766
178	-141.28459	72.66079	-12.209	-212.972	839.8	711999	-15.700173	5.3065796	0.02593559	-26.647936	15.699908	0.0036817554	103978.22826194763
179	-95.181496	84.44339	-11.835	-207.335	598.8333	715999	-15.70856	5.3085456	0.10666236	-26.634295	15.708306	0.004109877	104267.45488119125
180	-124.10549	81.59178	-13.611	-211.096	732.6667	719999	-15.718847	5.331632	0.08550972	-26.627924	15.718662	0.0041136504	104521.37756943703
181	-127.1715	57.082653	-29.697	-173.723	825.5	723999	-15.702044	5.321636	0.6674507	-26.713535	15.701356	0.0040036985	104829.29527592659
182	-165.17676	20.570574	-144.762	-193.018	1000.0	727999	-15.712678	5.3053184	0.10752922	-26.707485	15.712394	0.0034082208	104937.2829861641
183	-176.7555	33.81409	-139.635	-221.791	1000.0	731999	-15.719461	5.298586	0.14731151	-26.76502	15.719426	0.0034865774	105043.10211229324
184	-157.611	58.99812	-69.207	-230.778	1000.0	735999	-15.712937	5.306729	0.09971294	-26.786251	15.712506	0.0038601535	106172.99341392517
185	-116.143	78.742226	-6.392	-204.722	732.1667	739999	-15.718296	5.3116064	0.108430654	-26.744684	15.717942	0.003079925	107587.71891880035
186	-77.851326	72.191124	-9.301	-201.04	583.8333	743999	-15.719375	5.307853	0.2264536	-26.78247	15.719011	0.002961646	107828.7416024208
187	-158.09825	37.148407	-121.533	-204.028	1000.0	747999	-15.711163	5.3138337	0.19223118	-26.806015	15.710809	0.002910615	107932.54601120949
188	-99.276	69.8239	-8.123	-182.545	719.6667	751999	-15.708702	5.3105826	0.21277225	-26.828468	15.708183	0.0032952684	109187.62895870209
189	-103.007835	74.76744	-11.44	-188.853	728.6667	755999	-15.706167	5.3140683	0.15471646	-26.837854	15.7057295	0.0034420153	110435.45765209198
190	-96.7318	49.44996	-14.135	-142.438	840.0	759999	-15.668185	5.326509	0.116107166	-26.845776	15.66774	0.0038434577	111586.4676053524
191	-145.21925	75.55471	-17.171	-204.861	811.5	763999	-15.671071	5.3301883	0.18262747	-26.815691	15.670809	0.0040096324	111745.06490778923
192	-118.77183	81.36842	-6.511	-220.539	712.5	767999	-15.696092	5.318925	0.17722368	-26.83941	15.6958475	0.0028251363	112268.00125646591
193	-103.054	39.781494	-65.93	-169.556	1000.0	771999	-15.679375	5.325455	0.17252463	-26.793549	15.679479	0.0035859342	115272.09044027328
194	-136.665	34.320312	-94.993	-186.982	1000.0	775999	-15.676216	5.31793	0.14353254	-26.800106	15.676152	0.0036862453	117682.78458762169
195	-177.13824	19.325603	-153.373	-198.589	1000.0	779999	-15.677921	5.324496	0.28798014	-26.99017	15.67757	0.0040144552	117786.07839870453
196	-89.88717	74.496605	-15.002	-183.296	607.0	783999	-15.673483	5.3290896	0.26235908	-26.823095	15.673205	0.0038143664	118004.17099881172
197	-143.05699	71.94716	-15.941	-210.689	843.2	787999	-15.689398	5.3324957	0.24737787	-26.868584	15.689264	0.0032930032	118186.8075273037
198	-183.77875	22.487495	-160.682	-219.474	1000.0	791999	-15.689567	5.327091	0.13677084	-26.886494	15.689169	0.00323505	118925.82446718216
199	-134.16661	69.31044	-17.965	-192.285	858.0	795999	-15.70929	5.327944	0.17445084	-26.913378	15.708992	0.0038917267	119630.92522573471
200	-74.21157	73.797714	-7.267	-193.277	533.4286	799999	-15.708032	5.3265295	0.2229693	-26.863413	15.707777	0.003468664	120580.58788847923
201	-96.95166	87.872444	-10.423	-227.993	642.3333	803999	-15.703432	5.3570647	0.23113441	-26.858904	15.703067	0.0029998608	121704.90313887596
202	-153.6305	7.9304543	-143.93	-164.211	1000.0	807999	-15.688058	5.3520875	0.13713285	-26.860373	15.687694	0.004386233	121808.82466959953
203	-115.4554	51.51182	-15.484	-154.859	848.2	811999	-15.678589	5.338673	0.11161995	-26.844938	15.6784935	0.0030253374	121986.51648974419
204	-142.20099	42.599308	-68.713	-172.506	1000.0	815999	-15.68903	5.32919	0.1049642	-26.86477	15.688902	0.0036879918	123122.32997179031
205	-119.847206	53.566525	-17.221	-169.605	848.6	819999	-15.668584	5.3258867	0.09599316	-26.87705	15.668422	0.003320107	123497.6527607441
206	-134.8414	74.2031	-9.75	-218.128	831.2	823999	-15.682821	5.331838	0.056661695	-26.830482	15.682738	0.004039807	124648.33277416229
207	-125.734	66.46485	-13.267	-186.352	804.25	827999	-15.689184	5.3266187	0.101014584	-26.902916	15.688965	0.003578859	124841.32191443443
208	-108.285805	62.113026	-11.4	-194.253	840.6	831999	-15.676971	5.330604	0.16605392	-26.78672	15.676842	0.004375474	126055.92131900787
