Epoch	AverageEpRet	StdEpRet	MaxEpRet	MinEpRet	EpLen	TotalEnvInteracts	AverageQVals	StdQVals	MaxQVals	MinQVals	LossPi	LossQ	Time
1	-89.94601	8.317791	-78.608	-98.329	1000.0	2999	0.8351913	0.40972495	1.983902	0.010962479	-0.837342	0.00018975657	80.86365103721619
2	-91.763	14.978798	-79.406	-112.842	1000.0	5999	-0.13140866	0.5591867	1.1613184	-1.2888733	0.13109381	8.0871745e-05	154.45441889762878
3	-94.24	18.464909	-76.46	-119.693	1000.0	8999	-1.3303851	0.51268774	0.042863674	-2.4329538	1.3303163	8.4787964e-05	240.84565711021423
4	-137.35834	42.79224	-78.349	-178.49	1000.0	11999	-2.3034809	0.59179926	-0.12921101	-3.5162015	2.3040571	0.00010682145	306.9962749481201
5	-69.17723	71.13408	-6.4954376	-166.169	497.6	14999	-3.3527489	0.7085589	-1.0073482	-5.9289694	3.353064	0.00083878404	1667.4588503837585
6	-112.78441	83.3213	-6.904595	-215.478	689.2	17999	-4.5599394	1.1272216	-1.4511359	-9.106515	4.561417	0.0030098613	1829.5353701114655
7	-59.026455	69.418175	-9.04779	-190.169	472.66666	20999	-5.6595426	1.6464351	-0.27428842	-11.548361	5.6619506	0.0028858078	2619.2073969841003
8	-175.355	28.592222	-137.902	-207.281	1000.0	23999	-6.5274343	2.1503868	-0.08743097	-13.581183	6.5298586	0.0025071427	2678.1248683929443
9	-163.63033	10.35938	-152.037	-177.184	1000.0	26999	-7.565284	2.5931976	0.04653619	-15.440976	7.568184	0.0023594592	2738.0748341083527
10	-136.4537	75.30106	-10.1018	-207.142	793.0	29999	-8.603401	3.0414073	0.15808287	-16.930344	8.606284	0.0026601406	2844.419330596924
11	-94.14063	84.66895	-6.218691	-186.771	587.5	32999	-9.487332	3.4033065	-0.003911022	-18.227528	9.489721	0.0018059182	3084.623663663864
12	-122.372154	84.94011	-9.47365	-207.863	733.8	35999	-10.3638115	3.8760152	0.09272736	-19.420921	10.36577	0.0023983342	3552.369449853897
13	-157.55602	13.6137295	-147.708	-176.807	1000.0	38999	-10.917229	4.1974444	0.07252112	-20.347551	10.919287	0.0021649264	4768.9040014743805
14	-101.914406	63.98573	-14.0422325	-164.562	719.6667	41999	-11.490422	4.315268	0.14963245	-21.238705	11.492153	0.0025340219	4998.004667758942
15	-91.67275	84.09227	-5.7865267	-192.515	581.8333	44999	-11.981329	4.5395846	0.23774175	-22.106228	11.983041	0.0034352164	5276.612657785416
16	-189.47432	49.36314	-119.704	-226.398	1000.0	47999	-12.557876	4.8137736	0.34479138	-23.50557	12.559763	0.0039191684	5924.88446855545
17	-108.73532	89.02487	-9.058624	-207.218	651.5	50999	-13.0083275	5.101418	0.49860868	-24.153414	13.009925	0.0037503438	6089.495277166367
18	-192.32068	21.611845	-175.126	-222.801	1000.0	53999	-13.541566	5.285811	0.41995725	-24.62912	13.543148	0.0044787005	6150.251548528671
19	-124.84352	71.07939	-12.780078	-192.407	798.25	56999	-13.929342	5.403568	0.31176883	-25.120739	13.930988	0.0039095352	6795.085618972778
20	-125.55785	60.350155	-22.931416	-169.211	830.0	59999	-14.130587	5.4516435	0.2719017	-25.453886	14.132351	0.0036846637	6954.55357003212
21	-196.52498	14.901022	-176.267	-211.681	1000.0	62999	-14.478222	5.497898	0.3556494	-25.80246	14.479597	0.0033388715	7012.9724497795105
22	-139.92963	74.354614	-14.586511	-209.443	805.5	65999	-14.82597	5.5899553	0.5438873	-26.088692	14.827254	0.0038715394	7142.725146770477
23	-179.22266	19.18385	-154.51	-201.274	1000.0	68999	-15.115852	5.6244016	0.2789843	-26.429035	15.117309	0.0036712685	7202.27620267868
24	-129.25702	87.21894	-7.1270723	-205.286	712.0	71999	-15.33007	5.666125	0.26265487	-26.519693	15.331633	0.003421115	7298.10002040863
25	-93.63484	65.95766	-11.723585	-178.422	696.4	74999	-15.425901	5.70482	0.23854464	-26.69309	15.427395	0.0040942454	7958.86109495163
26	-125.38936	70.022545	-11.39144	-201.685	785.25	77999	-15.555018	5.7439685	0.4920711	-26.796942	15.556648	0.0039938893	8031.531490564346
27	-65.41154	66.49253	-12.226264	-172.316	525.6667	80999	-15.54374	5.774386	0.30469388	-27.101086	15.545049	0.0047049406	8737.151700496674
28	-111.48486	83.72096	-15.446778	-202.925	742.25	83999	-15.494954	5.9180555	0.3789313	-27.192986	15.496165	0.005039092	9572.601810455322
29	-177.83167	25.895979	-142.391	-203.544	1000.0	86999	-15.599005	5.957769	0.36345655	-27.34204	15.600116	0.0045721405	9633.349561691284
30	-177.72766	27.658968	-152.281	-216.178	1000.0	89999	-15.803358	5.9653144	0.35751745	-27.357616	15.80436	0.0042393664	9747.010717630386
31	-72.7466	79.00761	-5.371788	-189.233	493.8	92999	-15.850755	5.9599876	0.34609237	-27.44932	15.851979	0.00401102	9915.140372991562
32	-157.883	14.470087	-140.875	-176.242	1000.0	95999	-15.901635	5.9428477	0.28462663	-27.439238	15.90276	0.005390526	11142.666800737381
33	-109.20868	95.90124	-8.845742	-236.412	609.1667	98999	-15.985832	5.9512234	0.2889541	-28.15654	15.986854	0.005038479	11348.769076347351
34	-93.19871	80.37184	-9.982148	-201.857	711.3333	101999	-16.038052	6.086187	0.2727516	-28.265427	16.03922	0.004956425	12550.145328044891
35	-109.389595	82.77057	-27.547247	-221.679	732.25	104999	-16.002415	6.185594	0.14600831	-28.254328	16.003366	0.004643021	13298.680664777756
36	-93.44511	91.44377	-10.9862995	-220.041	611.8	107999	-16.012531	6.2797832	-0.008454379	-28.473541	16.013191	0.005836437	14078.414131641388
37	-154.54381	70.864784	-37.93223	-228.354	886.0	110999	-16.0232	6.347018	0.17045134	-28.41583	16.023832	0.005594665	14920.570257425308
38	-130.69785	74.813995	-14.818391	-223.761	794.0	113999	-16.010485	6.3705397	-0.0360515	-28.423462	16.011442	0.0061234944	17021.05296421051
39	-78.4107	88.57527	-12.682622	-219.429	497.66666	116999	-16.062647	6.428166	-0.17374931	-28.416557	16.063604	0.008534474	17452.74651503563
40	-186.23035	26.829216	-150.141	-214.418	1000.0	119999	-16.102898	6.437314	-0.26327905	-28.559278	16.103895	0.0067184884	17514.242464780807
41	-139.88824	80.39346	-5.2939777	-212.754	781.25	122999	-16.203733	6.4118166	-0.38857803	-28.519787	16.20477	0.009366393	17635.915806293488
42	-181.37099	25.622566	-161.955	-217.575	1000.0	125999	-16.30028	6.3888664	-0.46132642	-28.810942	16.301281	0.00831891	17699.261856794357
43	-147.89366	16.73682	-125.102	-164.82	1000.0	128999	-16.345793	6.3645663	-0.30003786	-28.425816	16.346832	0.0068213837	17763.389571666718
44	-120.44866	72.724884	-24.386992	-200.299	800.0	131999	-16.356173	6.2991543	-0.37586674	-28.46732	16.357056	0.0063081277	17963.96848797798
45	-138.93645	72.91375	-18.5768	-214.704	816.0	134999	-16.349571	6.328308	-0.47118607	-28.641071	16.350344	0.0072290385	18117.81421470642
46	-177.39934	19.670658	-153.057	-201.232	1000.0	137999	-16.447735	6.278565	-0.44398957	-28.422262	16.44855	0.008355234	18182.196931362152
47	-139.26834	75.48207	-8.780368	-189.277	785.5	140999	-16.48107	6.2481637	-0.26821923	-28.557617	16.482244	0.006960761	18275.926537513733
48	-149.97144	81.12137	-12.24977	-209.527	805.5	143999	-16.550592	6.244023	-0.23639914	-28.515089	16.551476	0.008962214	18438.81464934349
49	-208.06667	17.26776	-183.706	-221.724	1000.0	146999	-16.618467	6.2506304	-0.19841969	-29.081432	16.619385	0.0064179883	18501.096030712128
50	-107.54321	69.49918	-9.271651	-158.172	719.6667	149999	-16.671839	6.237233	-0.123195544	-28.582262	16.672554	0.008529415	18620.898406267166
51	-106.47268	81.66961	-9.8114805	-214.971	665.0	152999	-16.658192	6.2163897	-0.27169156	-28.560038	16.659103	0.0074241348	18818.573231697083
52	-157.37532	18.42901	-134.734	-179.875	1000.0	155999	-16.69458	6.190342	-0.26534677	-28.479427	16.695599	0.008173231	18878.02250623703
53	-113.5252	76.134865	-12.477798	-194.426	797.25	158999	-16.665937	6.1974373	-0.09397726	-28.641024	16.666628	0.007179137	20040.114614725113
54	-150.56967	19.61128	-123.699	-169.953	1000.0	161999	-16.616785	6.207266	-0.17092699	-28.748919	16.617624	0.0077450816	20232.09384250641
55	-107.53757	51.944695	-18.613297	-149.717	814.5	164999	-16.60293	6.175425	0.12654433	-28.60917	16.603792	0.0047613997	20327.92512345314
56	-177.94832	36.632977	-126.608	-209.626	1000.0	167999	-16.605509	6.1406894	0.26578775	-28.725794	16.606138	0.0066059036	20530.821385145187
57	-116.3077	79.840324	-17.346096	-212.87	743.0	170999	-16.599669	6.1524568	0.3997779	-28.692284	16.60035	0.0069100806	21185.12096977234
58	-87.12246	73.55919	-13.385306	-184.982	616.6667	173999	-16.592001	6.153625	0.5858255	-28.66163	16.592808	0.0063599483	21469.756410837173
59	-102.87857	54.095936	-10.490281	-146.751	784.0	176999	-16.49427	6.1696386	0.32369798	-28.639133	16.495094	0.007263769	23045.09275507927
60	-193.86034	6.537054	-184.62	-198.729	1000.0	179999	-16.507608	6.159044	0.3439802	-28.550137	16.508375	0.0048529785	23104.3630259037
61	-196.804	19.28047	-170.22	-215.347	1000.0	182999	-16.5588	6.153901	1.0042617	-28.557833	16.55956	0.008071455	23163.805175304413
62	-168.323	15.946466	-148.462	-187.505	1000.0	185999	-16.58283	6.140761	0.49480584	-28.68389	16.583244	0.0060464484	24323.134978294373
63	-187.731	9.420121	-175.484	-198.395	1000.0	188999	-16.644985	6.10485	0.6380465	-28.782244	16.64564	0.006806281	24384.023571252823
64	-177.25334	7.3795977	-169.984	-187.373	1000.0	191999	-16.690128	6.089578	0.40640867	-28.565746	16.690882	0.00470095	24446.02812242508
65	-131.37694	91.90923	-8.297816	-229.105	730.6667	194999	-16.719234	6.0927734	1.0835252	-28.637346	16.720179	0.005561984	24688.85368180275
66	-86.70608	55.79968	-14.286083	-142.123	705.8	197999	-16.659174	6.117281	1.1903899	-28.699512	16.659704	0.005785721	25109.304938077927
67	-94.66116	82.55104	-14.757807	-204.678	616.5	200999	-16.646986	6.1303897	1.1730478	-28.647831	16.647394	0.0045894315	26475.290565490723
68	-174.68767	27.725616	-136.202	-200.427	1000.0	203999	-16.639362	6.1261935	1.1742979	-28.711578	16.6398	0.0033870123	26535.838044643402
69	-128.15884	68.70683	-10.259336	-178.528	795.0	206999	-16.674986	6.104268	1.2346026	-28.789047	16.675638	0.005937661	26649.695363759995
70	-187.11499	30.306324	-145.857	-217.796	1000.0	209999	-16.692265	6.087958	1.1080072	-28.550247	16.692762	0.006162726	26712.094302892685
71	-142.62764	80.39753	-8.783524	-213.643	786.75	212999	-16.710844	6.078565	1.0669502	-28.662462	16.711386	0.0035387261	26800.309502601624
72	-149.44525	79.58587	-17.625027	-217.636	817.0	215999	-16.774008	6.0754843	1.1139117	-28.799582	16.774618	0.0068227663	26917.925137281418
73	-193.35834	18.295094	-167.533	-207.633	1000.0	218999	-16.809917	6.086377	1.16909	-28.664667	16.810633	0.0042116507	26978.770622730255
74	-99.44932	74.28899	-12.989323	-175.054	686.0	221999	-16.822298	6.0692525	1.1632475	-28.623661	16.822834	0.0045786593	27506.725051641464
75	-94.93443	68.93878	-9.690716	-170.744	670.8	224999	-16.786	6.106863	1.0747674	-28.672112	16.78659	0.0066890116	27644.83551454544
76	-168.00801	12.646041	-154.137	-184.72	1000.0	227999	-16.759378	6.097644	1.0436281	-28.659855	16.759743	0.005484886	27704.6164457798
77	-198.84467	9.570035	-187.289	-210.724	1000.0	230999	-16.806816	6.0614405	0.95278853	-28.624357	16.807348	0.0029000994	27763.587649583817
78	-111.657265	94.43936	-8.418892	-217.193	649.75	233999	-16.837265	6.063154	1.1217028	-28.861715	16.837952	0.0045785373	28153.764991283417
79	-179.477	19.122742	-159.946	-205.442	1000.0	236999	-16.88378	6.0424404	1.0355711	-28.665201	16.884212	0.0036304933	28213.551444530487
80	-82.65256	86.62284	-11.706517	-217.54	537.6	239999	-16.877428	6.077936	1.1492215	-28.825167	16.877584	0.006671091	28572.20981669426
81	-160.53667	1.6862508	-158.408	-162.532	1000.0	242999	-16.878086	6.066745	1.0531967	-28.703709	16.878662	0.005132829	28637.499577999115
82	-150.56184	83.87452	-15.275384	-232.168	793.75	245999	-16.879389	6.087512	1.1210904	-28.853283	16.879696	0.004848458	28741.51441025734
83	-59.14198	68.4011	-9.264474	-196.391	472.85715	248999	-16.860151	6.110092	1.1741811	-28.724028	16.860617	0.00539397	30078.138204097748
84	-128.60072	72.80607	-7.312888	-200.673	784.25	251999	-16.82255	6.12272	1.1176533	-28.684467	16.822958	0.0033681311	31361.253116369247
85	-132.946	76.627365	-12.314036	-221.818	788.0	254999	-16.842962	6.126021	1.0239114	-28.800602	16.84341	0.005912817	31447.459706306458
86	-174.43034	19.812817	-154.488	-201.447	1000.0	257999	-16.821642	6.1164017	1.1410223	-28.655031	16.82194	0.0041953134	31507.823494911194
87	-65.83939	63.884636	-9.9590435	-152.38	534.8	260999	-16.807718	6.113514	1.0808141	-28.944159	16.808023	0.006055641	31837.52051091194
88	-121.37173	91.79552	-12.558123	-219.199	679.8	263999	-16.818655	6.145162	1.2079602	-28.757269	16.819077	0.0074875485	33140.26285457611
89	-56.239944	66.745514	-6.3997307	-171.717	439.33334	266999	-16.787558	6.1434827	1.1014965	-28.746466	16.787962	0.0041078455	33721.990441560745
90	-105.39673	93.8451	-9.245901	-219.967	608.5	269999	-16.785444	6.1505895	1.0933777	-28.948614	16.78613	0.0043862592	33917.25338602066
91	-102.4139	67.8095	-12.891074	-180.931	734.0	272999	-16.747694	6.162134	1.081282	-28.659079	16.748497	0.0042986055	34404.697487831116
92	-143.7814	75.34205	-13.877582	-196.144	803.75	275999	-16.761858	6.138205	1.0426996	-28.816309	16.762196	0.004079792	34553.462642908096
93	-87.42501	71.08102	-10.652972	-166.417	616.25	278999	-16.761118	6.147334	1.0231259	-28.713028	16.761444	0.004856203	34763.77194452286
94	-192.26332	24.063475	-171.386	-225.976	1000.0	281999	-16.782381	6.128653	0.9221864	-28.74348	16.78296	0.005283534	34824.961388111115
95	-118.828865	51.20286	-32.41047	-166.19	867.75	284999	-16.779976	6.115565	0.9877614	-28.713	16.780523	0.003079383	35141.09924030304
96	-112.96352	93.16079	-11.723527	-207.04	680.5	287999	-16.772608	6.1413856	1.1244835	-28.689472	16.772846	0.005914465	35715.544932127
97	-93.91156	81.67051	-13.17196	-208.231	615.75	290999	-16.749601	6.161831	1.0113522	-28.708033	16.749895	0.0039933096	35880.41283464432
98	-96.04672	73.924866	-11.168275	-202.848	661.0	293999	-16.72268	6.148194	1.0947026	-28.747864	16.722916	0.0041162684	36506.64998078346
99	-60.590317	80.811584	-7.378436	-216.429	423.0	296999	-16.736677	6.172527	0.7800133	-28.683592	16.73698	0.005807627	37084.79743504524
100	-159.64198	18.040234	-134.922	-177.467	1000.0	299999	-16.693712	6.182128	0.9958677	-28.859333	16.693937	0.0059691556	37146.10218691826
101	-182.88934	11.010552	-170.686	-197.367	1000.0	302999	-16.71826	6.182018	1.086774	-28.679497	16.718552	0.0047183568	37206.80322289467
102	-84.29092	91.23914	-14.390055	-227.813	535.5	305999	-16.73114	6.1869583	1.0060201	-28.700678	16.731829	0.005745483	37669.80095052719
103	-197.76067	30.901976	-157.783	-233.038	1000.0	308999	-16.725803	6.222102	1.1515237	-28.713694	16.726225	0.0051237405	37730.67581796646
104	-214.16866	8.299698	-206.871	-225.779	1000.0	311999	-16.78305	6.2362585	1.0706203	-28.665728	16.783556	0.0046633147	37791.23752427101
105	-118.43347	62.673923	-30.32143	-170.81	829.0	314999	-16.800276	6.22829	1.1383154	-28.82165	16.800827	0.0055810823	38222.79092693329
106	-181.447	23.055075	-154.674	-210.949	1000.0	317999	-16.807316	6.215086	0.86198187	-29.228333	16.807705	0.0034473646	38284.56136441231
107	-137.937	11.256053	-125.865	-152.959	1000.0	320999	-16.790224	6.1969924	0.896185	-28.735456	16.79057	0.00532671	38729.0614464283
108	-153.78265	10.021857	-139.618	-161.287	1000.0	323999	-16.802282	6.1710405	1.0553696	-28.773188	16.802685	0.0032524283	38789.31670665741
109	-170.63734	27.135565	-150.631	-209.001	1000.0	326999	-16.792334	6.142934	1.0018193	-28.727608	16.792688	0.0055177878	38849.32583165169
110	-152.08801	19.764824	-128.099	-176.507	1000.0	329999	-16.813757	6.123258	1.0761572	-28.739523	16.814135	0.0036663222	39047.385261297226
111	-129.04337	71.39876	-12.42848	-206.581	795.5	332999	-16.804754	6.1209717	1.0140232	-28.659042	16.804897	0.005198832	40264.15809869766
112	-165.48767	16.537909	-142.683	-181.386	1000.0	335999	-16.791077	6.108005	1.1295899	-28.68356	16.791496	0.005237424	41511.7024538517
113	-137.32104	74.09091	-12.936155	-204.334	800.75	338999	-16.779371	6.0933876	0.98748434	-28.686533	16.779743	0.0041843727	41637.694663763046
114	-84.99901	64.44713	-11.078171	-150.104	682.25	341999	-16.773108	6.115503	1.201885	-28.69706	16.773619	0.0040223612	42544.74641084671
115	-118.98707	65.34274	-5.99727	-160.854	780.75	344999	-16.752586	6.1139784	1.0657468	-28.756859	16.753263	0.0047049616	43349.92246842384
116	-91.14552	77.32157	-10.330081	-185.816	602.25	347999	-16.771288	6.095203	1.0293673	-28.73695	16.771992	0.00414387	44585.895725250244
117	-132.30988	54.959614	-40.53554	-185.521	950.0	350999	-16.75172	6.1015506	0.9784029	-28.736475	16.752392	0.0042378963	45429.30602169037
118	-88.92032	71.43039	-9.886267	-168.048	627.0	353999	-16.721653	6.104483	0.95895696	-28.743464	16.722305	0.0042700763	45647.47699737549
119	-182.62233	21.16835	-163.826	-212.199	1000.0	356999	-16.742788	6.090145	1.069442	-28.71464	16.743536	0.004391638	45708.0483276844
120	-183.55266	29.035252	-150.746	-221.342	1000.0	359999	-16.770576	6.0712934	1.0853074	-28.820593	16.771187	0.0036107209	45767.10038638115
121	-92.52671	82.119644	-11.071102	-191.233	581.8333	362999	-16.778362	6.0606146	1.1395048	-28.740055	16.778738	0.0057197246	45917.59233236313
122	-110.13523	73.68106	-7.981688	-179.012	716.0	365999	-16.76032	6.0601315	1.1895299	-28.733128	16.760761	0.0030192118	46043.909054756165
123	-93.180595	66.19207	-12.581169	-165.143	673.0	368999	-16.767626	6.0517654	1.2594955	-28.776995	16.768059	0.0040765367	46180.102059841156
124	-97.22601	94.014305	-11.493382	-215.68	593.6	371999	-16.744343	6.059702	1.3416182	-28.743973	16.744646	0.0060830903	46883.37093949318
125	-107.813576	81.18196	-10.340439	-205.131	676.4	374999	-16.726927	6.0649223	1.2613274	-28.97346	16.727385	0.006008162	47215.97809481621
126	-149.06966	5.9658303	-144.295	-157.481	1000.0	377999	-16.733984	6.064156	1.2723106	-28.749788	16.734467	0.005801176	49435.31568813324
127	-163.52467	12.083376	-148.8	-178.397	1000.0	380999	-16.733381	6.0494537	1.2772651	-28.72097	16.733671	0.003601597	49541.065707445145
128	-74.17249	80.76393	-12.016194	-214.461	522.1667	383999	-16.724464	6.0444913	1.2498631	-28.851362	16.72498	0.0037913767	49970.431717157364
129	-93.76901	70.5953	-22.01146	-185.093	679.0	386999	-16.683765	6.0628357	1.5915289	-28.950846	16.68425	0.0051947744	50366.12830877304
130	-173.80232	25.411451	-140.149	-201.547	1000.0	389999	-16.681568	6.0750465	1.265532	-28.954443	16.6822	0.004440729	50733.26362633705
131	-69.144165	76.90704	-10.890203	-215.922	561.0	392999	-16.646832	6.125754	1.2043431	-28.855442	16.647356	0.004627585	52119.08973240852
132	-146.3011	79.12153	-11.43041	-204.391	798.0	395999	-16.65337	6.125181	0.9866996	-28.872015	16.654024	0.004500604	52231.924271821976
133	-179.425	23.901365	-146.424	-202.259	1000.0	398999	-16.701542	6.111073	0.9715303	-28.80148	16.702114	0.0037310212	53473.392753362656
134	-153.33856	78.02754	-23.739288	-216.828	851.5	401999	-16.704906	6.124022	0.90110874	-28.816286	16.705479	0.0064993296	53756.01925969124
135	-161.44167	19.08077	-142.872	-187.682	1000.0	404999	-16.725288	6.1133037	0.7628118	-28.891312	16.72581	0.0048364513	53817.24981546402
136	-140.22966	13.351958	-122.97	-155.492	1000.0	407999	-16.679996	6.103165	0.7372341	-28.826899	16.680588	0.00522614	55438.489123106
137	-101.878006	94.16767	-7.268142	-217.567	588.0	410999	-16.67611	6.0982795	0.7818993	-28.824951	16.676472	0.004451518	55684.38571810722
138	-188.57832	8.126107	-180.557	-199.716	1000.0	413999	-16.706316	6.076484	0.80937195	-28.881802	16.7066	0.0058198124	55746.31110882759
139	-172.32666	15.79733	-154.447	-192.867	1000.0	416999	-16.704468	6.0878634	0.7496265	-28.843332	16.70483	0.004548675	55808.00814008713
140	-171.453	31.034542	-149.332	-215.342	1000.0	419999	-16.714216	6.073034	0.8717941	-28.919981	16.71461	0.004994165	55868.88953280449
141	-209.96667	26.002918	-173.899	-234.211	1000.0	422999	-16.758305	6.068172	0.95757776	-28.856316	16.758701	0.005038628	55928.32214522362
142	-179.15999	24.532843	-156.441	-213.228	1000.0	425999	-16.788303	6.0563927	0.76160073	-28.992771	16.788677	0.0043299347	56694.76945567131
143	-180.95233	27.332623	-142.825	-205.524	1000.0	428999	-16.780695	6.07251	0.8224694	-28.864553	16.781054	0.004299439	57197.4582927227
144	-105.22743	80.65537	-6.961408	-204.691	665.0	431999	-16.809433	6.046195	0.88462746	-28.896435	16.80996	0.0047224597	58521.726512908936
145	-92.67296	67.13407	-23.744555	-160.497	685.75	434999	-16.778448	6.0587077	0.77875733	-28.91628	16.779018	0.003638447	58955.67752790451
146	-78.34026	94.17414	-7.7385497	-222.95	457.83334	437999	-16.781813	6.084449	0.8080028	-28.893078	16.782164	0.004220123	59210.597199201584
147	-92.83466	64.35412	-14.221612	-159.853	689.6	440999	-16.780922	6.069716	1.0045683	-28.91109	16.781382	0.0047736214	60762.471116781235
148	-129.849	75.4659	-38.130993	-222.968	847.0	443999	-16.759119	6.0696273	0.8620608	-28.93859	16.759687	0.0040815184	61016.19523143768
149	-82.7948	77.02637	-16.34816	-180.431	598.6	446999	-16.75933	6.0890236	0.87623346	-28.92373	16.759882	0.0048056766	61581.148899793625
150	-102.273964	88.329124	-8.694633	-207.501	615.0	449999	-16.75105	6.0954995	0.99503887	-28.931137	16.751526	0.006331852	61978.46058487892
151	-185.795	19.118721	-159.598	-204.688	1000.0	452999	-16.744032	6.100168	1.0551434	-28.947239	16.744576	0.0054267314	62040.41944050789
152	-217.52998	11.16663	-205.409	-232.357	1000.0	455999	-16.778614	6.1036096	0.952641	-28.947086	16.778948	0.004228187	62100.12887883186
153	-81.371124	88.51263	-10.287768	-228.968	502.2	458999	-16.805809	6.114621	0.92886305	-28.98231	16.806322	0.005072881	62313.63957905769
154	-170.29668	33.437584	-142.229	-217.289	1000.0	461999	-16.807945	6.1118217	1.1834859	-28.970997	16.80831	0.0045955447	62373.288836956024
155	-137.1278	78.47646	-17.290218	-219.767	819.25	464999	-16.805227	6.130715	0.85856104	-29.078674	16.805628	0.0042327456	62886.48711967468
156	-139.33963	78.4043	-12.900484	-226.626	799.0	467999	-16.79654	6.1279087	0.84127647	-28.979046	16.79698	0.004453866	62981.213658332825
157	-106.86271	58.05447	-27.641129	-165.14	799.0	470999	-16.804688	6.113592	1.052047	-28.98552	16.805414	0.004710233	63643.41738033295
158	-155.92076	69.271355	-60.58327	-223.105	985.6667	473999	-16.813536	6.1240363	0.86377716	-28.937592	16.813932	0.003234506	64690.553968667984
159	-99.40029	88.62233	-9.258391	-215.359	613.1667	476999	-16.818754	6.129366	0.9004038	-28.99325	16.818857	0.005063574	65275.50566029549
160	-86.04936	77.91391	-10.301632	-200.091	608.6	479999	-16.779701	6.144543	1.2256334	-28.958532	16.78018	0.004442757	66139.61628079414
161	-151.15767	66.96832	-63.525	-226.079	1000.0	482999	-16.78023	6.1811366	1.2714493	-29.066784	16.780474	0.005783155	67239.85155081749
162	-125.09332	84.169044	-11.587944	-212.895	728.6667	485999	-16.758463	6.189984	1.0210123	-28.90894	16.758905	0.004025745	68468.46162176132
163	-111.27737	59.709927	-10.510457	-166.571	793.75	488999	-16.756733	6.157479	1.1355175	-28.881186	16.75722	0.0048856507	68583.05736541748
164	-153.74168	74.95006	-26.14475	-210.539	850.5	491999	-16.77695	6.1665134	1.071452	-29.012308	16.777449	0.0046606422	68833.80611801147
165	-64.47112	74.5944	-9.306993	-183.831	452.0	494999	-16.750435	6.181676	1.0936047	-28.824862	16.75102	0.0033576083	69124.31034183502
166	-132.64053	98.64673	-11.287374	-235.35	706.8	497999	-16.765148	6.1960564	1.0999756	-28.906176	16.765427	0.006251115	69402.35314202309
167	-68.885994	69.1178	-10.200438	-157.674	506.2	500999	-16.782328	6.189362	1.0269006	-28.885792	16.782742	0.003627873	70146.19593262672
168	-68.0053	85.2571	-6.1254478	-220.077	431.83334	503999	-16.766964	6.210662	1.155988	-28.847492	16.767277	0.0045283916	70999.26620721817
169	-128.18266	75.265144	-11.898638	-220.425	795.5	506999	-16.78358	6.1846647	0.97082984	-28.89354	16.783949	0.0044127475	71334.5818555355
170	-116.830536	64.572296	-5.982148	-167.575	782.5	509999	-16.77157	6.173519	1.1159298	-28.839975	16.772005	0.004757391	73804.12001466751
171	-150.32167	14.483361	-131.176	-166.198	1000.0	512999	-16.743086	6.1739326	1.0456357	-28.872719	16.743462	0.005316859	73864.57155275345
172	-174.12965	16.81199	-155.487	-196.23	1000.0	515999	-16.748363	6.170866	1.2063713	-28.897564	16.748741	0.005218178	73925.81904006004
173	-138.24559	76.70294	-7.5153465	-200.417	782.25	518999	-16.762308	6.149647	1.3927743	-28.896938	16.762684	0.004884823	74016.95580601692
174	-117.09943	84.84025	-8.116414	-201.266	682.4	521999	-16.783524	6.1631904	1.0302289	-28.85039	16.783583	0.0038434686	74151.0592443943
175	-153.17267	30.678894	-128.501	-196.416	1000.0	524999	-16.786234	6.161841	1.0820738	-29.027863	16.78639	0.0050602527	74212.53098607063
176	-126.00363	82.16983	-18.552877	-218.051	753.0	527999	-16.7834	6.1443243	1.110358	-28.871637	16.783693	0.0057867654	74307.5454044342
177	-129.36504	65.232315	-18.512123	-178.409	822.5	530999	-16.776606	6.134073	1.2300637	-28.868944	16.776812	0.0042242757	75607.01949048042
178	-81.31736	70.34059	-10.941169	-160.459	589.1667	533999	-16.78555	6.139758	1.1207142	-28.879913	16.785656	0.004623304	76940.59580850601
179	-101.54253	88.87071	-12.716811	-206.778	607.75	536999	-16.760887	6.131755	1.1827967	-28.85255	16.761047	0.0041729896	77085.3473098278
180	-152.77501	12.229889	-142.381	-169.944	1000.0	539999	-16.768774	6.1156855	1.0542564	-28.968552	16.768955	0.0048038997	77145.81281256676
181	-188.91899	8.28275	-177.275	-195.845	1000.0	542999	-16.768875	6.108726	1.3056114	-28.810871	16.769152	0.0032772904	77206.01761198044
182	-115.705154	84.1878	-6.729356	-230.903	718.8	545999	-16.777643	6.1186748	1.3922572	-28.832714	16.777931	0.004161011	78835.707010746
183	-105.80815	94.28634	-9.360355	-219.944	604.5	548999	-16.773634	6.129206	1.2685742	-28.824133	16.77286	0.004566397	79026.02085709572
184	-121.36133	36.401104	-93.0	-172.748	1000.0	551999	-16.68025	6.105413	1.172421	-28.760368	16.668762	0.0044151153	79090.59999489784
185	-66.646866	30.914494	-14.06947	-92.403	800.25	554999	-16.504032	6.0898337	1.2641771	-28.718452	16.493145	0.0051323604	80431.35606813431
186	-52.322426	35.224796	-16.75768	-99.051	613.0	557999	-16.336733	6.058332	1.1483727	-28.406387	16.321098	0.006163745	80808.63067936897
187	-79.127045	48.651894	-9.625164	-146.409	789.0	560999	-16.167994	6.048054	1.0821595	-28.174019	16.155771	0.004154704	83025.0508172512
188	-91.066124	45.64129	-28.62136	-136.437	829.6667	563999	-16.041538	6.061254	1.0874021	-28.129784	16.029133	0.003918119	83360.44203209877
189	-100.57903	76.06686	-18.269167	-182.52	701.0	566999	-15.930341	6.0724916	1.1683941	-28.073	15.914966	0.0036852614	84071.13467431068
190	-59.449665	30.331293	-14.142077	-97.989	769.75	569999	-15.748296	6.047768	0.986018	-28.090117	15.724166	0.0039312555	86276.92813277245
191	-60.493103	40.52454	-11.252879	-110.283	688.4	572999	-15.513628	5.9450717	1.2687341	-28.238852	15.487878	0.005515415	87902.90336251259
192	-48.20861	31.638926	-10.871223	-86.922	641.2	575999	-15.279281	5.8784432	0.78109205	-27.969257	15.255441	0.004847218	89704.16646623611
193	-42.67997	41.823303	-3.855252	-99.497	495.4	578999	-15.118747	5.825847	0.950956	-27.812763	15.093932	0.006313969	90640.34304976463
194	-57.555622	36.014133	-13.164858	-98.484	694.0	581999	-14.94337	5.794891	0.91712457	-27.65672	14.920291	0.005053291	91310.55957961082
195	-31.3127	32.13074	-6.2685494	-98.012	439.14285	584999	-14.785313	5.766972	0.7731106	-27.416178	14.759454	0.005945582	93938.41774749756
196	-31.436716	32.557903	-4.8104386	-99.254	434.85715	587999	-14.645172	5.7573276	0.8852304	-27.167923	14.619326	0.0067158993	96626.97188925743
197	-60.513184	33.190273	-14.9345455	-93.015	746.0	590999	-14.458579	5.744456	1.097482	-26.94452	14.432491	0.0063232672	99967.71116447449
198	-30.832327	25.16723	-6.478048	-74.779	474.85715	593999	-14.349267	5.715774	0.9815309	-26.8304	14.323522	0.0065540224	102376.24861955643
199	-55.858833	38.624306	-11.59096	-114.404	681.6	596999	-14.2212715	5.680579	0.7808201	-26.625544	14.19255	0.0046254	104152.58885645866
200	-19.496214	11.339481	-5.2173433	-40.006	375.125	599999	-14.106022	5.671102	0.9638591	-26.298153	14.081549	0.0047263256	106268.34273552895
201	-30.189121	29.29887	-10.848587	-100.113	388.42856	602999	-14.010778	5.685247	0.86282986	-26.213923	13.98459	0.0054774373	108537.90458393097
202	-56.967514	19.653671	-25.466364	-78.36	840.25	605999	-13.912011	5.7027693	0.99913406	-26.127686	13.884921	0.0056460877	110478.35025000572
203	-33.610905	16.135523	-20.396708	-61.097	546.75	608999	-13.811704	5.702676	0.9662498	-25.806566	13.784516	0.0053574224	113067.81128144264
204	-35.724384	34.26317	-9.964925	-98.5	444.2857	611999	-13.721862	5.7375517	1.1220586	-25.735332	13.692882	0.004869841	115728.5070681572
205	-43.603912	30.686852	-10.662654	-75.599	595.0	614999	-13.598088	5.7334886	1.1731117	-25.65513	13.570018	0.0050075566	118499.2068977356
206	-33.357418	30.66645	-7.6980414	-91.075	444.4	617999	-13.488672	5.7350206	1.2508268	-25.574593	13.457801	0.0056840847	121092.5291390419
207	-52.40391	39.77095	-11.283904	-103.515	617.1667	620999	-13.354515	5.711133	1.2400964	-25.453997	13.323206	0.006456014	122587.46819925308
208	-24.74459	22.70303	-6.796604	-72.964	378.0	623999	-13.25653	5.6927586	0.8032867	-25.375816	13.224002	0.0066169715	124372.3765361309
209	-59.405876	30.83067	-23.633606	-104.191	749.75	626999	-13.134273	5.663489	0.6379561	-25.323042	13.103528	0.006803169	125151.54780697823
210	-49.11292	22.962471	-19.15254	-77.734	749.8	629999	-13.057572	5.6703153	0.5556132	-25.207537	13.026364	0.0057733883	127361.95261955261
211	-46.411205	31.779333	-9.909802	-88.451	634.75	632999	-12.984509	5.674496	0.5592334	-25.201021	12.95472	0.0069460087	128657.11991381645
212	-46.525017	16.335896	-21.513489	-66.135	779.25	635999	-12.916282	5.684002	0.60857224	-25.206894	12.887537	0.006162309	130874.92969369888
213	-45.80619	26.021698	-16.137293	-76.28	702.6	638999	-12.871091	5.6971865	0.5703995	-24.973679	12.840193	0.0076386835	132863.85291957855
214	-35.65034	20.793955	-13.501423	-64.759	577.2	641999	-12.7457285	5.6536736	0.71919113	-24.639751	12.711992	0.00702905	135447.4169409275
215	-19.57437	18.93804	-7.071392	-65.253	317.2857	644999	-12.636138	5.6073318	0.53161764	-24.145206	12.600656	0.0050289338	138094.1436469555
216	-29.748575	22.70571	-7.082352	-65.328	468.14285	647999	-12.489285	5.541026	0.4941051	-23.884937	12.452973	0.006627762	140479.49185156822
217	-47.12913	27.265541	-11.240096	-79.0	695.6	650999	-12.393388	5.477105	0.5714069	-23.585558	12.357414	0.005226253	143064.83020210266
218	-31.79483	23.629593	-13.179147	-67.07	505.83334	653999	-12.274653	5.4273973	0.41399467	-23.407618	12.239944	0.006309947	145758.45545744896
219	-16.172287	8.508677	-5.937055	-35.209	251.0	656999	-12.197897	5.417333	0.53693944	-23.355291	12.162909	0.005697977	147385.22583913803
220	-18.653929	16.385727	-4.694079	-61.976	325.9	659999	-12.109133	5.400554	0.49650663	-23.371164	12.072498	0.00606463	149528.94978117943
221	-35.40322	22.762276	-11.977207	-63.637	584.2	662999	-12.00928	5.3606567	0.50815827	-23.388765	11.973055	0.0060111796	152678.0355603695
222	-28.326303	22.357483	-8.487205	-68.763	431.5	665999	-11.933663	5.3312783	0.49443728	-23.393536	11.897994	0.0060292706	155154.85232448578
223	-22.261822	13.613209	-7.188194	-46.019	418.0	668999	-11.8169155	5.32341	0.55214125	-23.207155	11.780654	0.006177721	157819.50777244568
224	-19.964918	12.75916	-4.99573	-48.194	366.55554	671999	-11.744655	5.327298	0.5372371	-23.244081	11.70857	0.005949045	159835.55069875717
225	-64.50568	31.413082	-24.793556	-101.438	774.0	674999	-11.680635	5.310746	0.7140235	-23.184334	11.644158	0.0070798076	161369.24542689323
226	-43.452183	23.063341	-12.858672	-65.498	683.2	677999	-11.59665	5.311361	0.67941946	-23.236124	11.558893	0.0057892604	163010.30972385406
227	-38.621597	22.545786	-12.007598	-67.167	600.2	680999	-11.535932	5.291313	0.689874	-23.216137	11.499428	0.004658893	164716.71629619598
228	-35.595512	20.282616	-13.527691	-62.475	585.2	683999	-11.457508	5.272847	0.6318265	-23.23293	11.419955	0.0057112165	167203.08284378052
229	-54.212746	28.190384	-12.406546	-90.455	773.0	686999	-11.407053	5.2593207	0.4387564	-23.19187	11.371459	0.0057698255	169159.03455281258
230	-24.73228	21.148937	-8.4294195	-59.737	419.85715	689999	-11.388605	5.2717605	0.85553545	-23.230879	11.354639	0.006842694	171556.23872208595
231	-19.59708	4.283518	-14.3135195	-27.809746	333.625	692999	-11.329539	5.2749767	0.93717045	-23.198296	11.294665	0.006587213	173488.76108384132
232	-38.77421	22.348972	-13.958567	-73.28	613.0	695999	-11.314058	5.2919846	0.69131136	-23.341578	11.280559	0.0059844186	176238.66473984718
233	-47.322918	20.63402	-13.195672	-63.899	802.75	698999	-11.296024	5.311756	0.5725665	-23.44993	11.262757	0.006992772	179100.25754594803
234	-24.309841	22.881996	-6.676982	-68.213	388.625	701999	-11.281502	5.348978	0.5483619	-23.471115	11.247643	0.006201575	181621.03123521805
235	-24.611776	21.192503	-9.657056	-71.515	377.83334	704999	-11.26119	5.3830295	0.6609682	-23.578154	11.227869	0.0069548218	182278.6623892784
236	-28.21617	28.09086	-5.3362064	-81.782	400.22223	707999	-11.251643	5.4136357	0.7553349	-23.718592	11.219376	0.0050516813	182844.8810725212
237	-28.129725	24.126556	-6.4714875	-67.819	451.0	710999	-11.247423	5.442052	0.7688977	-23.839678	11.215052	0.005481405	185001.800481081
238	-19.549555	15.466514	-8.745837	-60.842	327.55554	713999	-11.23917	5.5000854	0.8574041	-24.039843	11.210242	0.0057428423	187075.9559698105
239	-32.570415	26.702383	-9.4702015	-75.782	495.66666	716999	-11.259299	5.5482507	0.95898545	-24.19985	11.229733	0.005514681	189706.87565231323
240	-34.208412	19.864168	-13.6904955	-62.114	583.6	719999	-11.248059	5.5740795	0.7653264	-24.276602	11.216546	0.0057332604	192338.77926516533
241	-22.22941	16.155863	-9.647902	-65.924	350.44446	722999	-11.217447	5.5838046	0.93420005	-24.248407	11.185672	0.005836431	194183.44201302528
242	-13.389936	5.3445344	-4.578188	-21.777718	215.64285	725999	-11.228272	5.60575	0.8193019	-24.281797	11.197616	0.005713291	195195.7261068821
243	-18.016695	10.656862	-6.5397425	-41.97725	279.5	728999	-11.183291	5.6361	0.89442927	-24.341026	11.149995	0.005906253	196606.5664293766
244	-19.126467	7.4610553	-4.87567	-31.00871	296.27274	731999	-11.123521	5.648353	0.9398305	-24.301296	11.089315	0.0054236343	197862.6982061863
245	-17.826061	14.986992	-6.1540775	-60.83487	293.0	734999	-11.044899	5.6873474	1.1452566	-24.145655	11.010804	0.0068826047	199930.89971637726
246	-13.951962	5.9284773	-5.991318	-22.438074	211.85715	737999	-11.0041485	5.7311444	1.0856192	-24.22849	10.971886	0.0062413462	200613.1152150631
247	-16.737986	5.9479218	-8.234637	-28.14823	258.75	740999	-10.930719	5.7750306	1.0203626	-24.209297	10.89518	0.006046117	201611.564412117
248	-14.6478	5.99617	-6.01025	-24.641954	244.08333	743999	-10.857307	5.809593	0.95943326	-24.128038	10.821419	0.006381554	202891.07206702232
249	-18.400518	16.981567	-5.6154394	-66.244	280.9091	746999	-10.771763	5.8435574	1.0438739	-24.00937	10.735302	0.0053504356	204658.33903121948
250	-15.773655	6.8506417	-6.1410713	-32.806316	224.0	749999	-10.731191	5.8718505	1.1900731	-23.989222	10.6955385	0.0053920215	205461.27885580063
251	-14.442636	6.287336	-6.7372766	-26.052223	227.92308	752999	-10.653287	5.8870234	1.1131632	-23.938503	10.617566	0.005101835	206518.27910017967
252	-11.679169	5.748814	-5.089183	-24.96353	206.4	755999	-10.59282	5.901483	1.1746105	-23.899004	10.557147	0.0065834275	208046.8449833393
253	-13.340541	6.565001	-5.078808	-26.915842	216.35715	758999	-10.532875	5.9390817	1.0908442	-23.84885	10.496638	0.0044743745	209160.10027241707
254	-17.739933	8.048027	-4.873911	-31.749233	274.1	761999	-10.465592	5.9620347	1.1256735	-23.753147	10.428612	0.0051373322	210393.93449544907
255	-17.288958	3.9628704	-8.897548	-25.90201	260.66666	764999	-10.395737	5.9643807	1.1847203	-23.701378	10.360086	0.004448983	211349.1200814247
256	-35.982586	23.009912	-10.166699	-69.696	578.8	767999	-10.370612	5.9763594	1.2119069	-23.614397	10.336046	0.005673058	214079.37445259094
257	-16.942833	6.5638456	-5.648759	-27.872164	262.33334	770999	-10.330223	5.9908137	1.2185534	-23.5462	10.294352	0.004480656	215306.32193660736
258	-17.201843	6.220697	-5.823267	-25.450815	280.54544	773999	-10.268877	5.997815	1.2137349	-23.55793	10.232255	0.005151073	216771.67147660255
259	-14.693058	4.6921854	-6.122131	-21.348362	228.66667	776999	-10.232054	5.9754047	1.2111766	-23.50674	10.19415	0.004732619	218435.40063357353
260	-15.575892	12.572365	-6.6126747	-58.922	253.86667	779999	-10.122944	5.9475803	1.1495357	-23.453724	10.085862	0.0044268	219514.7614479065
261	-13.294189	4.3506002	-7.4184465	-21.534595	221.21428	782999	-10.068617	5.9494314	1.1688747	-23.432375	10.032235	0.0048690517	220635.3362350464
262	-14.067046	3.7940192	-5.892043	-22.058996	227.53847	785999	-10.043023	5.940701	1.2032325	-23.494316	10.005944	0.004228746	221690.09076952934
263	-13.151042	4.7460637	-5.280765	-24.024996	217.85715	788999	-9.990829	5.953618	1.1466048	-23.624992	9.953284	0.0048782486	222815.15890789032
264	-13.057832	6.0657344	-5.840962	-24.685566	214.85715	791999	-9.931423	5.954168	1.0182073	-23.861618	9.894733	0.0050310176	223895.9560816288
265	-13.025175	4.197517	-6.838117	-20.10979	213.35715	794999	-9.904514	5.9670286	0.9322798	-23.901329	9.869156	0.0046199146	224870.2696866989
266	-16.348492	7.4934406	-7.047223	-32.672302	269.54544	797999	-9.872544	6.004848	1.0132239	-24.067234	9.837052	0.004843293	226174.1065030098
267	-19.084435	8.711168	-9.983541	-41.613	330.0	800999	-9.849529	5.9966807	1.0275309	-24.123549	9.813077	0.0046989834	227862.50491166115
268	-14.3623705	3.3563385	-8.082216	-21.177534	219.0	803999	-9.769513	5.9686246	0.9747388	-24.101433	9.732477	0.005006702	228828.88146471977
269	-16.36983	11.862909	-5.247839	-49.624	289.2	806999	-9.7475395	5.949699	1.0512164	-24.180906	9.710805	0.0053406563	230478.3541405201
270	-14.283427	5.955518	-6.086871	-25.160212	227.61539	809999	-9.691912	5.930435	1.0153377	-24.085588	9.654475	0.005054388	231486.65363311768
271	-12.612069	4.453324	-6.404213	-20.516785	212.86667	812999	-9.657166	5.8999915	1.0429255	-24.066345	9.620164	0.004466736	232551.55442094803
272	-14.811383	5.3339815	-8.558547	-25.734438	246.45454	815999	-9.624966	5.877242	1.113863	-23.997097	9.586597	0.0044475556	233599.32350420952
273	-17.898169	8.076362	-8.672708	-33.50082	290.4	818999	-9.55154	5.8584805	0.93920594	-23.851603	9.512598	0.0038744982	234987.65465021133
274	-15.550587	6.6571226	-5.164055	-26.70917	244.92308	821999	-9.467548	5.8694735	1.0228131	-23.820879	9.429951	0.004495988	235972.70172572136
275	-15.0602045	7.7420125	-5.7100425	-36.302948	236.07692	824999	-9.450876	5.853181	0.94487303	-23.80405	9.4133	0.004311794	237197.4828157425
276	-19.60295	14.783363	-4.8462186	-54.438	340.14285	827999	-9.409287	5.8530903	1.2729243	-23.70623	9.372534	0.0049623167	239656.74738407135
277	-42.958427	66.6154	-11.518931	-249.03441	335.54544	830999	-9.372832	5.843184	1.1000507	-23.67979	9.336108	0.005248294	240775.99838113785
278	-15.67435	7.0816374	-4.555917	-28.631025	250.27272	833999	-9.332134	5.831708	0.90289026	-23.582977	9.293915	0.004838825	242171.8504691124
279	-20.191662	25.469187	-4.301621	-102.9	271.08334	836999	-9.290899	5.807633	1.1122351	-23.384865	9.254864	0.003889453	243675.97149133682
280	-13.344137	5.092613	-7.680845	-23.147476	219.0	839999	-9.296348	5.786236	1.0152005	-23.538958	9.259523	0.004860856	244865.9437675476
281	-436.8724	1097.1078	-12.242851	-3339.4023	396.25	842999	-9.245262	5.785032	1.0796757	-23.53055	9.2080765	0.005615189	246944.37264084816
282	-22.967415	16.467516	-5.8114886	-62.984	350.375	845999	-9.216406	5.764245	1.010932	-23.475798	9.177683	0.0049768128	248715.97126555443
283	-69.81128	54.890217	-14.683085	-141.153	626.75	848999	-9.33504	5.628455	1.1454911	-23.704992	9.294093	72.33609	248885.9640762806
284	-103.56329	90.33352	-12.633201	-217.112	609.5	851999	-9.285899	5.6304684	0.822517	-23.61757	9.249851	0.008875702	249124.71386361122
285	-85.5768	79.01888	-10.4762945	-201.141	589.25	854999	-9.287955	5.6832705	1.1002209	-23.545568	9.248015	0.18571945	249397.66855549812
286	-32.012287	37.966568	-8.479104	-122.075	366.5	857999	-9.183651	5.61923	0.95719033	-23.213224	9.148056	0.006959655	250176.68209004402
287	-35.896706	40.76402	-7.7351885	-133.522	408.7143	860999	-9.302851	5.622443	1.3070586	-23.478828	9.270857	36.068844	251087.9612915516
288	-25.861258	37.48385	-7.876757	-136.898	307.7	863999	-9.400788	5.6765428	1.1915947	-23.756573	9.367425	0.008761833	252069.77318000793
289	-38.17472	39.169838	-4.799689	-117.281	452.66666	866999	-9.4596815	5.6669	1.2062739	-23.911188	9.424559	36.044987	253320.8671991825
290	-79.56433	4.257027	-73.721	-83.741	1000.0	869999	-9.543823	5.617556	0.7956716	-24.440367	9.499943	36.99684	253670.42256975174
291	-16.062937	6.357106	-4.808447	-32.324276	258.84616	872999	-9.469077	5.5604267	1.1069322	-24.720512	9.427735	36.19678	254927.45426416397
292	-15.394536	5.7325335	-5.4397035	-25.969753	240.66667	875999	-9.4017315	5.495702	1.0790962	-23.822403	9.360189	0.016420977	255986.18926739693
293	-20.530064	10.840668	-8.001423	-46.351	387.25	878999	-9.222325	5.4088254	1.3449917	-24.564962	9.175668	0.1906455	258064.76610708237
294	-21.835052	13.423655	-9.161979	-54.678	356.75	881999	-9.006273	5.303069	1.3579252	-23.314753	8.961601	0.19359814	259826.44730901718
295	-14.89408	6.0302935	-5.9186654	-24.879194	229.76923	884999	-8.989551	5.2919493	1.204804	-23.535376	8.951626	36.044865	260861.06227135658
296	-14.512498	6.1097727	-4.1614523	-25.415077	237.61539	887999	-9.027971	5.317682	0.4951862	-22.797691	8.985601	0.19624862	262038.29156851768
297	-15.137195	9.771774	-6.2403436	-41.82081	249.0	890999	-8.899061	5.3056746	0.47220874	-22.604044	8.861422	0.0120960185	263489.4069993496
298	-15.09118	8.307184	-4.6613946	-35.71441	247.41667	893999	-8.873957	5.3359365	0.4520015	-22.510834	8.837319	0.011731308	264779.93487501144
299	-16.344324	6.108686	-8.886308	-28.713438	251.09091	896999	-8.826868	5.374628	0.47456157	-22.478598	8.789276	0.009195848	266294.48165655136
300	-2882.7805	9510.057	-6.8175325	-34424.05	280.58334	899999	-8.796413	5.3830123	0.52835584	-22.877485	8.758546	0.0069160433	267617.22401690483
301	-17.0118	6.601403	-10.166733	-33.97415	265.91666	902999	-8.6748085	5.347978	0.8197478	-23.04598	8.631374	0.18301998	268838.1212255955
302	-16.539848	6.3611746	-8.638082	-30.244001	249.91667	905999	-8.734038	5.3693852	0.9699181	-24.225313	8.6949835	3997.7036	269993.9187514782
303	-25.396538	23.57318	-4.309463	-76.295425	342.22223	908999	-8.853718	5.4103804	0.56958926	-23.940802	8.814919	0.009537699	272278.15651345253
304	-22.717264	9.352858	-11.750246	-42.019	387.2857	911999	-9.022683	5.394006	0.9605834	-24.847155	8.978475	37.036076	274352.48769164085
305	-37.659885	38.40674	-7.7687006	-119.938	454.7143	914999	-8.906326	5.495285	0.5141143	-24.400064	8.868777	0.010084448	276677.37980151176
306	-18.758648	12.983908	-8.197066	-53.97	318.44446	917999	-8.836067	5.517785	0.7326597	-25.18622	8.791083	0.37076408	278399.0823838711
307	-15.610246	8.844305	-5.974482	-42.436745	238.84616	920999	-8.857838	5.4176273	0.8795916	-24.742973	8.806514	72.11691	279532.0200328827
308	-16.334679	7.2540817	-4.637683	-33.987247	251.75	923999	-8.856125	5.301718	0.7501821	-24.353287	8.808409	0.01641313	280632.28674054146
309	-33.901363	40.883884	-8.412162	-140.142	375.5	926999	-9.010941	5.317688	1.4663568	-28.714977	8.962078	3892.0366	281733.2142114639
310	-78.52755	48.501823	-14.205638	-131.32	738.3333	929999	-9.042816	5.2292414	0.72399193	-23.588049	8.989808	0.21482898	282862.2823767662
311	-73.75801	50.7251	-17.155113	-142.824	711.0	932999	-8.928872	5.153909	0.97708124	-30.155054	8.879943	3891.4443	283135.2683763504
312	-95.00179	52.94545	-14.659185	-161.734	804.75	935999	-9.5061655	5.2274303	1.6370306	-26.022947	9.458245	36.942352	283259.04476213455
313	-18.836031	15.4486685	-7.3926334	-53.56024	303.5	938999	-9.262995	5.1115723	1.1653699	-24.085535	9.21314	0.20431367	284773.8803200722
314	-27.802544	33.1384	-7.9842505	-114.322	331.375	941999	-8.9847145	5.013262	1.3747077	-24.171516	8.938021	0.2039073	286631.99334549904
315	-74.304344	26.117678	-41.83304	-105.785	893.0	944999	-8.760962	4.949078	1.980809	-24.605616	8.718779	0.19000329	289153.6995167732
316	-29.828962	30.268892	-8.158866	-104.001	390.77777	947999	-8.717696	4.9811816	2.2818146	-24.193033	8.68228	37.04067	291179.3455860615
317	-29.909807	32.22296	-7.8091087	-108.486	399.125	950999	-8.789536	4.868284	2.0024676	-24.10447	8.736159	0.021113744	293571.9031982422
