Epoch	AverageEpRet	StdEpRet	MaxEpRet	MinEpRet	EpLen	AverageVVals	StdVVals	MaxVVals	MinVVals	TotalEnvInteracts	LossPi	LossV	DeltaLossPi	DeltaLossV	Entropy	KL	ClipFrac	StopIter	Time
0	-92.21	0.0	-92.21	-92.21	1000.0	0.36424103	0.0025012072	0.3657145	0.29337314	1000	1.07765196e-07	77.5038	-0.0051477994	-73.538025	0.918938	0.022996046	0.329	3.0	775.3939917087555
1	-91.79	0.0	-91.79	-91.79	1000.0	-6.7986555	0.017683811	-6.796766	-7.357458	2000	2.6941299e-08	5.1894917	-0.007602051	-4.949193	0.91908735	0.004508443	0.062	79.0	789.4603464603424
2	-111.16	0.0	-111.16	-111.16	1000.0	-8.986191	0.00023898785	-8.986149	-8.993714	3000	-3.4809112e-08	4.7254376	-0.0046934313	-4.256254	0.9002826	0.0061650057	0.03	79.0	806.7007830142975
3	-67.79	0.0	-67.79	-67.79	1000.0	-11.035602	0.0006063231	-11.035498	-11.054705	4000	6.194115e-07	16.906654	-0.0071830763	-15.801263	0.89836335	0.0022713111	0.076	79.0	985.5126931667328
4	-85.05	0.0	-85.05	-85.05	1000.0	-8.062788	0.030746454	-7.0909996	-8.064331	5000	2.0742416e-08	0.26821056	-0.008021444	-0.15897474	0.8964088	0.004208563	0.068	79.0	999.6699500083923
5	-95.44	0.0	-95.44	-95.44	1000.0	-8.310731	0.00537764	-8.308889	-8.47027	6000	1.6880036e-07	1.4627635	-0.0042041843	-1.3111589	0.89978004	0.005354793	0.025	79.0	1014.5531091690063
6	-69.02	0.0	-69.02	-69.02	1000.0	-8.660496	0.025873497	-8.657406	-9.476171	7000	-1.1587143e-07	3.2905414	-0.0060068867	-2.6759226	0.89804095	0.002235561	0.039	79.0	1188.4253277778625
7	-47.64	0.0	-47.64	-47.64	987.0	-7.108258	0.16753533	-7.037775	-8.628291	8000	-4.1127205e-08	8.592862	-0.006320722	-7.9832773	0.887726	0.026514271	0.293	3.0	1921.3387007713318
8	-93.62	0.0	-93.62	-93.62	1000.0	-4.274661	0.09942783	-4.271461	-7.4172716	9000	-4.0626526e-07	21.978561	-0.0050879316	-21.188942	0.88721323	0.018869072	0.185	4.0	1935.1797516345978
9	-17.09	0.0	-17.09	-17.09	267.0	-9.3166275	0.02059498	-8.855521	-9.343066	10000	1.0281801e-08	7.7777057	-0.0016752759	-4.739356	0.8866096	0.015875768	0.228	4.0	2023.8355371952057
10	-17.31	0.0	-17.31	-17.31	289.0	-6.8028536	0.070780985	-6.730334	-8.554225	11000	1.2300909e-08	3.2293506	-0.008251727	-2.6677957	0.8859948	0.010505674	0.106	79.0	2178.2578599452972
11	-66.8	0.0	-66.8	-66.8	1000.0	-7.736181	0.0012883749	-7.7351065	-7.7709546	12000	-3.4570693e-08	1.090856	-0.006793345	-0.9865712	0.89787275	0.0037177564	0.069	79.0	2195.6409153938293
12	-17.4	2.7000003	-14.7	-20.1	289.0	-5.255891	1.3841522	-3.6386442	-6.7756963	13000	-1.4305114e-08	1.8112105	-0.0056552626	-0.7696494	0.89330804	0.016128968	0.106	9.0	2448.724602460861
13	-13.56	0.0	-13.56	-13.56	257.0	-4.5458107	0.5203246	-4.2373304	-7.861641	14000	4.10676e-08	21.818958	-0.0099663455	-19.810244	0.8925254	0.0025440995	0.071	79.0	2525.0457656383514
14	-17.57	0.0	-17.57	-17.57	347.0	-3.6457822	0.17103025	-3.5799642	-8.930958	15000	4.2676927e-08	28.878942	-0.0055706683	-25.15818	0.87624055	0.0022912158	0.053	79.0	2676.580463409424
15	-20.61	0.0	-20.61	-20.61	380.0	-8.077951	2.5045395	-4.873919	-10.044487	16000	-4.2289496e-08	2.5468125	-0.009048988	-1.2222883	0.86565334	0.0022984268	0.12	79.0	2842.42942070961
16	-85.66	0.0	-85.66	-85.66	1000.0	-7.8237786	0.053000458	-7.782843	-9.015996	17000	8.815527e-08	1.0926453	-0.0051954645	-0.7068106	0.85191274	0.005128382	0.043	79.0	2863.4179701805115
17	-84.36	0.0	-84.36	-84.36	1000.0	-8.836131	0.0062787873	-8.654923	-8.841772	18000	-2.4020672e-08	0.43270943	-0.006097337	-0.06572628	0.8580895	0.0068879537	0.043	79.0	2879.2964522838593
18	-88.16	0.0	-88.16	-88.16	1000.0	-8.705074	0.0044561243	-8.578895	-8.709226	19000	-3.2544136e-08	0.15385416	-0.002548108	-0.0053525865	0.8439161	0.01500773	0.181	4.0	2901.7627346515656
19	-144.95	0.0	-144.95	-144.95	1000.0	-8.7270775	0.0013241305	-8.724904	-8.756787	20000	-2.7656554e-08	35.95099	-0.0019650564	-31.616085	0.843624	0.021503033	0.217	3.0	2916.661561727524
20	-99.38	0.0	-99.38	-99.38	1000.0	-14.029231	0.009907049	-14.026833	-14.333705	21000	2.1648407e-07	14.004925	-0.00545783	-12.413335	0.84341806	0.007736955	0.046	79.0	2931.211146593094
21	-115.28	0.0	-115.28	-115.28	1000.0	-11.572842	0.03630598	-10.479334	-11.588852	22000	6.555021e-08	0.20814908	-0.0074323895	-0.016731411	0.85470444	0.0043748654	0.061	79.0	2945.149327993393
22	-20.2	0.0	-20.2	-20.2	394.0	-10.092641	0.2483398	-9.783723	-11.5787735	23000	-6.395578e-08	16.618895	-0.008156728	-15.685915	0.8431687	0.012859161	0.139	79.0	3110.2511501312256
23	-99.02	0.0	-99.02	-99.02	1000.0	-6.1304846	0.119974345	-5.9312077	-9.314349	24000	1.1825561e-07	13.495696	-0.010922972	-12.6028385	0.8332341	0.005833928	0.061	79.0	3124.5140397548676
24	-85.49	0.0	-85.49	-85.49	1000.0	-9.861876	0.0066837613	-9.665501	-9.864135	25000	1.37090685e-08	1.7308962	-0.0010989871	-1.081353	0.83452874	0.017807217	0.216	3.0	3978.6666147708893
25	-22.55	0.0	-22.55	-22.55	388.0	-9.1890545	0.7489232	-8.228457	-9.793163	26000	1.1742115e-08	8.157104	-0.0027109266	-7.034326	0.8343809	0.0027886478	0.041	79.0	4087.6893916130066
26	-98.74	0.0	-98.74	-98.74	1000.0	-11.197178	0.0192586	-10.629605	-11.210325	27000	-6.6757204e-09	1.7831361	-0.003988843	-1.1152954	0.82149184	0.00058307435	0.019	79.0	4101.9364132881165
27	-100.41	0.0	-100.41	-100.41	1000.0	-5.444228	0.14945064	-5.383147	-10.132721	28000	-4.196167e-07	17.700905	-0.0034740993	-16.902294	0.80418026	0.016392175	0.233	4.0	4115.9107122421265
28	-99.74	0.0	-99.74	-99.74	1000.0	-9.5777	0.00014665774	-9.573545	-9.577762	29000	3.0755995e-08	0.5797908	-0.0052556708	-0.20286292	0.80370694	0.003136018	0.04	79.0	4130.26155090332
29	-14.16	0.0	-14.16	-14.16	213.0	-11.041571	0.5945129	-9.89558	-11.353886	30000	-1.0818243e-08	11.860533	-0.004488462	-9.314582	0.80906576	0.017617058	0.19	3.0	4217.461595773697
30	-123.53	0.0	-123.53	-123.53	1000.0	-4.0069194	0.2774534	-3.9901803	-12.775744	31000	-2.6512146e-07	62.810314	-0.008779739	-59.77469	0.80924994	0.00024231327	0.057	79.0	4231.872606039047
31	-119.05	0.0	-119.05	-119.05	1000.0	-14.083697	0.07569903	-11.691131	-14.0875025	32000	-9.1195105e-08	4.135304	-0.001905277	-2.8886085	0.81293035	0.01543271	0.142	3.0	4245.872770309448
32	-103.43	0.0	-103.43	-103.43	1000.0	-11.792674	0.018620707	-11.780708	-12.369077	33000	1.2993812e-08	4.4991503	-0.00848483	-1.0019343	0.812962	0.002107759	0.044	79.0	4259.9610295295715
33	-147.58	0.0	-147.58	-147.58	1000.0	-12.100123	0.041022643	-10.803569	-12.1018505	34000	5.5551528e-08	8.7182045	-0.0064972094	-7.3774962	0.808858	0.0001471482	0.038	79.0	4274.152007818222
34	-104.07	0.0	-104.07	-104.07	1000.0	-15.02841	0.0069432925	-14.809058	-15.02898	35000	8.2015994e-08	17.65613	-0.0056396383	-16.318716	0.7968912	0.020046134	0.186	2.0	4288.452463388443
35	-122.17	0.0	-122.17	-122.17	1000.0	-9.749819	0.040516485	-9.746165	-11.030107	36000	7.355213e-08	6.9911537	-0.009319252	-5.8798656	0.7967627	0.002952644	0.068	79.0	4302.968625545502
36	-52.41	0.0	-52.41	-52.41	691.0	-12.096715	0.03188836	-12.05962	-12.147035	37000	-1.1825561e-07	23.606684	-0.006818784	-21.74296	0.788774	0.0074430546	0.047	79.0	4834.639962911606
37	-11.54	0.0	-11.54	-11.54	185.0	-9.090203	0.0025440883	-9.084359	-9.091505	38000	3.1024218e-08	7.7126064	-0.0021951518	-1.5321956	0.7670125	0.016322425	0.337	3.0	4899.307065963745
38	-89.52	0.0	-89.52	-89.52	1000.0	-8.545486	0.013679592	-8.522909	-8.89185	39000	-3.5196543e-08	0.8914435	-0.0033061423	-0.33237916	0.76656085	0.016179558	0.245	3.0	4915.6750864982605
39	-74.52	0.0	-74.52	-74.52	910.0	-7.27819	0.7557949	-7.036372	-9.688587	40000	1.0356307e-09	2.095275	-0.0062693693	-0.064254045	0.766222	0.0006187958	0.059	79.0	5335.439960479736
40	-58.02	0.0	-58.02	-58.02	768.0	-7.2986946	0.07530182	-7.266821	-9.630704	41000	7.852912e-09	1.91	-0.001673076	-0.22560632	0.7739225	0.016621249	0.191	4.0	5669.560909986496
41	-68.48	0.0	-68.48	-68.48	1000.0	-8.371382	0.050205197	-6.7846613	-8.374184	42000	-1.18970874e-07	2.87778	-0.0058646407	-2.369412	0.7743786	0.0024127336	0.026	79.0	5684.093664884567
42	-76.5	0.0	-76.5	-76.5	1000.0	-6.810073	0.0014083415	-6.80823	-6.8180795	43000	-3.7789345e-08	0.7378315	-0.0062719584	-0.41765845	0.77853256	0.0077485754	0.044	79.0	5698.509340763092
43	-87.69	0.0	-87.69	-87.69	1000.0	-7.3810215	0.020735994	-7.327757	-7.4549446	44000	7.1525574e-10	3.719089	-0.0023287456	-2.1809092	0.7792962	0.0151927015	0.228	3.0	5713.242347478867
44	-80.12	0.0	-80.12	-80.12	1000.0	-8.9084425	0.01277098	-8.855709	-8.928111	45000	-2.8729438e-08	1.4691981	-0.005665409	-0.52687556	0.779267	-0.0021814457	0.037	79.0	5728.990689992905
45	-118.92	0.0	-118.92	-118.92	1000.0	-7.7024875	0.011892119	-7.7008796	-8.077951	46000	-1.963377e-07	19.538282	-0.0064289663	-16.86325	0.7688089	0.006729191	0.058	79.0	5743.302925348282
46	-124.94	0.0	-124.94	-124.94	1000.0	-11.156496	0.019137878	-11.149681	-11.757256	47000	-4.899502e-08	5.512138	-0.009562784	-2.315283	0.76008326	0.0013368059	0.083	79.0	5757.559872627258
47	-115.45	0.0	-115.45	-115.45	1000.0	-12.659297	0.00010624137	-12.659138	-12.661205	48000	-2.5749207e-08	6.053217	-0.0061231544	-0.4464116	0.7463645	0.0039641224	0.057	79.0	5771.673974752426
48	-70.66	0.0	-70.66	-70.66	1000.0	-12.321456	0.010120229	-12.002218	-12.322902	49000	-1.2683869e-07	24.994104	0.005105833	-23.8133	0.7442881	0.020024776	0.324	2.0	5786.055099725723
49	-132.21	0.0	-132.21	-132.21	1000.0	-7.6784525	0.0064156507	-7.4805884	-7.6800113	50000	-1.2755395e-07	30.848566	-0.0060894564	-28.542372	0.7443122	-0.0003277172	0.031	79.0	5800.473491430283
50	-95.21	0.0	-95.21	-95.21	1000.0	-13.02692	0.00025442182	-13.0215225	-13.027231	51000	-6.7949294e-08	11.027185	-0.010893271	-8.741961	0.7366295	0.009205785	0.066	79.0	5815.736882686615
51	-75.47	0.0	-75.47	-75.47	1000.0	-9.748405	0.01000392	-9.745908	-10.061581	52000	-2.0432472e-07	5.014197	0.0002429564	-4.4738355	0.7050383	0.020232217	0.243	2.0	6459.759781837463
52	-73.8	0.0	-73.8	-73.8	1000.0	-7.655679	0.00017617065	-7.6556234	-7.661196	53000	4.6670436e-08	0.22895062	0.0024942372	-0.101895705	0.7046705	0.021030044	0.261	2.0	6477.105776786804
53	-155.36	0.0	-155.36	-155.36	1000.0	-8.515505	0.037202463	-7.339687	-8.517165	54000	-1.0299683e-07	46.83115	-0.004951374	-44.243904	0.70424414	0.006625059	0.045	79.0	6491.322962284088
54	-112.61	0.0	-112.61	-112.61	1000.0	-13.285146	0.06276312	-13.279183	-15.268336	55000	-1.7106533e-08	7.355595	-0.006725906	-2.746667	0.7115826	-0.0025042577	0.038	79.0	6505.573063611984
55	-94.25	0.0	-94.25	-94.25	1000.0	-13.852143	0.080162935	-11.592959	-13.900958	56000	-6.0606004e-07	16.938784	-0.006478277	-15.881934	0.7011872	0.0020409168	0.032	79.0	6520.832492828369
56	-110.86	0.0	-110.86	-110.86	1000.0	-9.900209	0.0022940545	-9.870338	-9.903558	57000	8.440018e-08	1.8821602	-0.0065459665	-1.5158607	0.70706064	4.207957e-05	0.039	79.0	6534.978647232056
57	-59.45	0.0	-59.45	-59.45	1000.0	-11.223385	0.0045289868	-11.104942	-11.23066	58000	-1.6355514e-07	25.537178	0.0010656671	-24.228043	0.7052904	0.018244596	0.326	2.0	6963.0580904483795
58	-90.36	0.0	-90.36	-90.36	1000.0	-6.5377307	0.008107062	-6.2879615	-6.540548	59000	-3.4570693e-08	7.531171	0.0034281975	-5.965002	0.7053236	0.0152513655	0.273	2.0	6977.383554458618
59	-145.35	0.0	-145.35	-145.35	1000.0	-9.755078	0.0699091	-8.959657	-9.849414	60000	-2.59161e-07	24.611717	-0.013610468	-22.104282	0.7053287	0.00043843823	0.071	79.0	6991.993933916092
60	-106.81	0.0	-106.81	-106.81	1000.0	-10.693744	0.12087322	-10.67071	-14.4856615	61000	-2.5816262e-09	5.9844613	-0.010220777	-0.38459206	0.6807402	0.009040306	0.104	79.0	7573.963241577148
61	-105.46	0.0	-105.46	-105.46	1000.0	-10.974333	0.010421552	-10.746672	-10.984643	62000	5.4091216e-09	5.757293	-0.005627114	-1.1543903	0.69809926	0.0022747936	0.03	79.0	7588.785550117493
62	-114.23	0.0	-114.23	-114.23	1000.0	-11.138114	0.1628604	-10.173926	-11.335005	63000	1.3493001e-08	4.716371	-0.0063794367	-3.3711534	0.70403314	0.0031616383	0.058	79.0	7602.789503574371
63	-119.71	0.0	-119.71	-119.71	1000.0	-10.581983	0.87419266	-8.992037	-11.820268	64000	-6.604195e-08	3.4761434	-0.010255906	-3.3272276	0.7080738	-0.00028690702	0.032	79.0	7616.8106055259705
64	-82.66	0.0	-82.66	-82.66	1000.0	-13.568812	0.1308625	-9.438649	-13.584711	65000	2.1266938e-07	24.118402	-0.003513865	-22.564568	0.69499665	0.019233836	0.299	3.0	7630.680301904678
65	-125.94	0.0	-125.94	-125.94	1000.0	-14.408633	0.1936331	-8.803607	-14.561307	66000	1.4066696e-08	4.9541416	-0.0009850253	-2.2124999	0.6944261	0.024653504	0.237	2.0	7644.5841562747955
66	-110.77	0.0	-110.77	-110.77	1000.0	-7.606406	0.28541765	-7.0486493	-12.735548	67000	-6.341934e-08	14.419436	-0.009742328	-11.395223	0.6941757	0.002085525	0.038	79.0	7658.893671751022
67	-14.51	0.0	-14.51	-14.51	204.0	-11.719794	0.070183255	-11.009749	-11.798802	68000	3.8206576e-08	18.973633	-0.005551083	-13.280526	0.6846563	0.015030671	0.116	74.0	7699.725781917572
68	-14.94	0.0	-14.94	-14.94	266.0	-10.266274	1.3478895	-8.033006	-11.152082	69000	-6.2584875e-09	10.284453	-0.003927703	-8.749757	0.6971699	0.019301182	0.258	4.0	7815.801913738251
69	-130.42	0.0	-130.42	-130.42	1000.0	-4.6383514	0.27232563	-4.4981785	-13.034817	70000	-2.9993058e-07	66.36794	-0.0075294673	-62.683147	0.6977323	0.0053949174	0.036	79.0	7829.8396644592285
70	-24.460001	12.802073	-12.96	-42.32	322.0	-12.584791	0.5252161	-12.452416	-15.425373	71000	-1.0406971e-07	49.980217	-0.011009278	-46.410957	0.7094209	0.01292617	0.094	79.0	8121.656794309616
71	-104.23	0.0	-104.23	-104.23	1000.0	-5.77737	0.15963383	-5.7394876	-10.805785	72000	-3.027916e-07	18.647514	-0.0061691557	-17.892477	0.7014746	0.0046441727	0.026	79.0	8136.848208427429
72	-81.61	0.0	-81.61	-81.61	1000.0	-10.051171	0.00030782327	-10.0508375	-10.052412	73000	1.5354156e-07	3.521534	-0.00887881	-3.276795	0.6994641	0.005623662	0.078	79.0	8151.870426654816
73	-91.17	0.0	-91.17	-91.17	1000.0	-8.2083645	0.00013108627	-8.20535	-8.20858	74000	-7.009506e-08	0.63494337	-0.008663979	-0.58009166	0.71532	0.011434703	0.067	79.0	8167.241998910904
74	-67.05	0.0	-67.05	-67.05	1000.0	-8.974975	0.0013548066	-8.973785	-8.984828	75000	8.940697e-08	5.792684	-0.0066824364	-5.119164	0.689754	0.0063599735	0.049	79.0	8328.326622247696
75	-120.54	0.0	-120.54	-120.54	1000.0	-6.943708	0.0066117565	-6.736039	-6.9446545	76000	-1.5354156e-07	26.130947	-0.0027917754	-24.021257	0.6757787	0.019222481	0.207	2.0	8342.281700849533
76	-141.53	0.0	-141.53	-141.53	1000.0	-14.628285	0.08749182	-11.869193	-14.6389675	77000	-2.0563602e-08	1.8491142	5.7979196e-05	-0.047012568	0.67573607	0.02128522	0.317	2.0	8356.294632673264
77	-150.07	0.0	-150.07	-150.07	1000.0	-14.796496	0.008627672	-14.524069	-14.797961	78000	-2.3111701e-08	2.3373857	0.0028588648	-0.3031044	0.6757556	0.019406807	0.161	2.0	8370.217689990997
78	-54.73	0.0	-54.73	-54.73	627.0	-11.986069	0.1834305	-11.788274	-15.353411	79000	4.2557716e-08	18.486677	-0.0023979025	-16.43054	0.67579174	0.017427191	0.32	2.0	8587.668236970901
79	-59.23	0.0	-59.23	-59.23	1000.0	-8.727414	0.0026020599	-8.718796	-8.732603	80000	-6.2942505e-08	8.66638	-0.00038886094	-7.742629	0.6758184	0.018258719	0.119	2.0	9127.38384962082
80	-62.51	0.0	-62.51	-62.51	1000.0	-5.962529	0.023967762	-5.9272146	-6.008111	81000	-4.5776368e-08	0.100582644	-0.0013413909	-0.030513443	0.6759301	0.016370995	0.209	3.0	9835.29520869255
81	-126.78	0.0	-126.78	-126.78	1000.0	-12.028641	0.18516418	-6.176194	-12.035349	82000	1.7881394e-10	3.84541	-0.0078010354	-0.91636634	0.6762145	0.00505225	0.03	79.0	9849.13572382927
82	-126.69	0.0	-126.69	-126.69	1000.0	-12.990756	0.000830334	-12.988491	-12.991708	83000	1.8388032e-08	2.9972837	-0.004518207	-0.087709665	0.6640391	0.017497377	0.169	2.0	9863.041877746582
83	-101.82	0.0	-101.82	-101.82	1000.0	-7.1474476	0.1846625	-7.11929	-12.976372	84000	-4.5776368e-08	9.117898	-0.0055579394	-8.380232	0.6638965	0.019512476	0.113	3.0	9876.752892017365
84	-17.86	0.0	-17.86	-17.86	222.0	-8.914029	0.4101461	-8.155987	-10.029146	85000	8.702278e-09	4.2878265	-0.009310356	-3.2307415	0.663913	0.00458572	0.102	79.0	10013.644540548325
85	-134.81	0.0	-134.81	-134.81	1000.0	-14.108848	0.1985518	-7.833243	-14.1165285	86000	-1.078844e-08	2.0834394	-0.0023197806	-0.10512304	0.6585032	0.016799232	0.133	4.0	10027.63561797142
86	-68.79	0.0	-68.79	-68.79	1000.0	-8.186125	0.19458601	-8.054051	-13.821301	87000	8.523464e-08	2.281521	-0.0102326665	-1.7969186	0.6582265	0.0037695267	0.045	79.0	10573.51558470726
87	-15.226666	3.713582	-10.78	-19.87	220.66667	-4.9461484	0.26721877	-4.654443	-6.926091	88000	-1.1190772e-08	3.591756	-0.007958936	-1.5137701	0.65581775	0.015063224	0.149	65.0	10776.76464343071
88	-112.2	0.0	-112.2	-112.2	1000.0	-9.713062	0.08892281	-6.9073434	-9.720517	89000	-7.152557e-09	3.4030988	-0.0022108357	-2.5007124	0.6596042	0.017619194	0.262	2.0	10790.560713291168
89	-5.75	0.0	-5.75	-5.75	105.0	-10.359586	1.7173052	-5.357445	-11.302914	90000	-7.879734e-08	4.55068	0.0019967847	-4.1826797	0.6594736	0.027452067	0.237	2.0	11158.581447601318
90	-100.78	0.0	-100.78	-100.78	1000.0	-11.857922	0.17940186	-8.789027	-11.977928	91000	6.884336e-08	6.183939	-0.0014424098	-6.036106	0.65924436	0.015027804	0.162	12.0	11530.282465457916
91	-34.885	21.554998	-13.33	-56.44	408.0	-4.6098614	2.3444676	-2.6243377	-9.585917	92000	-9.775162e-09	12.271538	-0.00938673	-9.867745	0.655657	0.006370981	0.084	79.0	11692.289281606674
92	-77.98	0.0	-77.98	-77.98	1000.0	-9.632219	0.0243648	-8.985782	-9.652822	93000	7.009506e-08	2.7156289	-0.005249661	-2.5186021	0.65315396	0.004322151	0.035	79.0	11709.208600759506
93	-74.68	0.0	-74.68	-74.68	1000.0	-8.106542	0.0057613105	-8.028315	-8.115911	94000	-3.7550926e-08	0.8804703	-0.007175361	-0.508258	0.65989625	0.008222785	0.057	79.0	11727.26733803749
94	-125.44	0.0	-125.44	-125.44	1000.0	-14.654674	0.23630564	-7.409475	-14.74626	95000	-1.2040139e-08	5.388629	-0.00645084	-5.154206	0.6552097	0.0006339629	0.023	79.0	11741.958103895187
95	-132.09	0.0	-132.09	-132.09	1000.0	-11.74658	0.39233297	-9.42097	-12.051494	96000	-3.242493e-08	2.963314	-0.002304386	-2.7326035	0.6480745	0.0241037	0.265	2.0	11755.96564245224
96	-93.75	0.0	-93.75	-93.75	1000.0	-7.4012384	0.12716442	-7.38627	-11.418186	97000	1.9788741e-08	3.4675086	-0.006061408	-3.302376	0.6480189	0.017519524	0.275	3.0	11777.29205417633
97	-30.03	0.0	-30.03	-30.03	723.0	-9.580648	2.0711472	-8.221321	-13.246224	98000	7.033348e-08	19.643478	0.0008527675	-18.188667	0.6480527	0.02196163	0.273	2.0	12247.014650583267
98	-56.97	0.0	-56.97	-56.97	1000.0	-3.581571	0.25417048	-3.4540389	-11.257773	99000	-3.159046e-08	3.6108508	0.0015003852	-3.1063952	0.64807135	0.01792683	0.291	2.0	12449.049668073654
99	-36.629997	0.8999996	-35.73	-37.53	457.0	-5.5509834	1.4961108	-4.2231154	-10.19507	100000	-1.34706495e-08	5.3481054	-0.0067905206	-3.0910447	0.64806056	0.001978397	0.045	79.0	12841.023074865341
100	-67.98	0.0	-67.98	-67.98	1000.0	-4.995971	0.13767718	-4.9516606	-9.204303	101000	-6.7472456e-08	2.7975419	-0.010965135	-2.5452797	0.6533842	0.0061739916	0.096	79.0	13292.806811094284
101	-119.94	0.0	-119.94	-119.94	1000.0	-15.030948	0.2822312	-6.89129	-15.191782	102000	-1.0311604e-07	7.7811265	-0.00021014798	-5.562683	0.6384779	0.015928632	0.321	2.0	13307.050089359283
102	-66.7	0.0	-66.7	-66.7	1000.0	-6.610537	0.18541478	-6.543977	-12.296605	103000	-1.5938655e-08	0.2250267	-0.0032658782	-0.06219025	0.6382224	0.016721763	0.229	5.0	13325.32890367508
103	-123.05	0.0	-123.05	-123.05	1000.0	-8.505763	0.47264963	-6.823772	-9.129543	104000	-1.2588501e-07	14.581166	-0.011837965	-13.717209	0.6371941	0.0013761261	0.068	79.0	13339.364678382874
104	-90.38	0.0	-90.38	-90.38	1000.0	-9.398539	0.15139776	-9.218333	-12.245046	105000	3.6537646e-08	0.15995103	-0.0056629907	-0.116055965	0.60621387	0.020769116	0.256	3.0	13361.881759405136
105	-16.47	0.0	-16.47	-16.47	254.0	-12.60866	0.6810466	-9.187398	-13.176786	106000	-2.9623509e-08	16.179848	-0.0063626915	-14.110055	0.6057005	0.020539207	0.202	7.0	13491.726420879364
106	-70.35	0.0	-70.35	-70.35	1000.0	-7.364787	0.19215505	-7.2708526	-13.201926	107000	-3.8355587e-08	0.5437499	-0.0029071518	-0.31792408	0.60461324	0.017328836	0.236	2.0	13643.105088710785
107	-114.32	0.0	-114.32	-114.32	1000.0	-13.101364	0.18650106	-7.263837	-13.159936	108000	-9.167194e-08	2.3165283	-0.0011442346	-1.7879742	0.6043367	0.01963964	0.303	2.0	13656.871199131012
108	-79.81	0.0	-79.81	-79.81	1000.0	-5.3469152	0.21240659	-5.196535	-11.803538	109000	-9.584427e-08	6.0391674	-0.00834905	-5.822297	0.6041516	0.00044550945	0.086	79.0	13676.881631612778
109	-49.32	0.0	-49.32	-49.32	570.0	-6.6020627	0.14764227	-6.2167983	-7.727853	110000	2.6077032e-08	2.7269394	-0.0026459442	-0.8946072	0.6072614	0.022814592	0.301	4.0	13879.618012666702
110	-117.81	0.0	-117.81	-117.81	1000.0	-10.218175	0.34970355	-7.4461846	-10.570946	111000	1.1968612e-07	3.4983428	-0.0035328288	-2.828577	0.60743034	0.015219869	0.129	2.0	13893.3295378685
111	-68.68	0.0	-68.68	-68.68	1000.0	-9.358671	0.29361865	-8.884554	-11.360714	112000	1.0871887e-07	6.581334	-0.009024915	-5.921505	0.6073818	0.0035339785	0.047	79.0	14438.620901823044
112	-122.91	0.0	-122.91	-122.91	1000.0	-9.295155	0.33226988	-6.9672136	-9.815018	113000	-3.7670137e-08	10.886301	-0.002698725	-8.647888	0.61165875	0.016905257	0.225	3.0	14452.800989866257
113	-13.62	0.0	-13.62	-13.62	191.0	-7.6709805	0.69091225	-6.2056713	-12.35102	114000	6.8545343e-09	1.955987	-0.008310016	-1.3859124	0.6119628	0.015097505	0.141	5.0	14717.25290107727
114	-50.81	0.0	-50.81	-50.81	1000.0	-7.290838	0.009001979	-7.2789426	-7.3107266	115000	1.8954276e-08	5.60745	0.0030387337	-4.7782063	0.61201525	0.03010026	0.302	2.0	15274.728080511093
115	-32.48	0.0	-32.48	-32.48	585.0	-7.125864	2.4344628	-5.0759954	-10.163376	116000	-6.490946e-08	1.7596667	0.001447951	-0.60203373	0.61193097	0.017535578	0.311	3.0	15594.545643091202
116	-121.92	0.0	-121.92	-121.92	1000.0	-10.086061	0.084484644	-7.846271	-10.126869	117000	-3.862381e-08	5.741833	-0.0068971547	-5.328824	0.61174315	0.003787885	0.04	79.0	15608.61328792572
117	-34.64	14.400001	-20.24	-49.04	500.0	-6.2295136	2.1895406	-2.9320645	-10.831374	118000	3.9935113e-09	5.282476	-0.0042353976	-3.6043687	0.6021082	0.0075737364	0.07	79.0	16020.96767449379
118	-16.17	6.2380605	-5.41	-20.47	234.75	-5.3765917	0.36869276	-5.122111	-5.9916153	119000	-2.7537347e-08	4.888973	-0.0040435637	-1.5829592	0.5911446	0.016139463	0.175	4.0	16369.9981071949
119	-137.52	0.0	-137.52	-137.52	1000.0	-11.293654	0.3518034	-4.5261946	-11.539661	120000	7.8678134e-08	7.8274465	-0.010310252	-6.3266287	0.590654	0.0033444602	0.062	79.0	16384.31907057762
120	-61.47	0.0	-61.47	-61.47	1000.0	-10.319994	0.38707432	-9.934791	-13.9174385	121000	2.6106835e-07	18.859058	-0.003866441	-16.658371	0.5810804	0.016013855	0.18	8.0	16404.34502339363
121	-70.35	0.0	-70.35	-70.35	1000.0	-6.2665653	0.006187191	-6.2510858	-6.279604	122000	7.760525e-08	0.82485944	-0.009798423	-0.6075145	0.581557	-0.0011748241	0.121	79.0	16424.14488554001
122	-105.91	0.0	-105.91	-105.91	1000.0	-7.3770204	0.054407574	-7.0429835	-7.4461565	123000	-1.7547607e-07	11.00791	-0.005292617	-9.731444	0.56137013	0.0015547615	0.04	79.0	16443.943661928177
123	-27.664999	8.844999	-18.82	-36.51	466.0	-8.764711	0.27919698	-8.562654	-10.425355	124000	-2.1457673e-08	19.166143	-0.007692015	-16.220924	0.5510883	0.008945126	0.095	79.0	16817.852435350418
124	-13.125	1.7049999	-11.42	-14.83	227.5	-4.6479816	0.3123438	-4.4750915	-8.399147	125000	-3.838912e-09	2.7550905	-0.0112605905	-1.212016	0.539626	0.011938755	0.128	79.0	17145.514166355133
125	-124.48	0.0	-124.48	-124.48	1000.0	-11.680518	0.40506643	-4.9545755	-12.064336	126000	2.3663045e-08	1.8421942	-0.010317183	-1.7035263	0.5384641	0.0024230643	0.049	79.0	17161.50649380684
126	-117.96	0.0	-117.96	-117.96	1000.0	-11.939516	0.99479705	-10.000596	-13.202663	127000	9.0897085e-09	0.5240381	-0.009856382	-0.46290725	0.537538	0.0031249996	0.066	79.0	17175.840382814407
127	-105.71	0.0	-105.71	-105.71	1000.0	-3.6670084	0.17817092	-3.6324964	-9.282296	128000	-8.773804e-08	42.777184	-0.003933428	-40.949936	0.52539974	0.015549271	0.146	4.0	17193.36565899849
128	-110.06	0.0	-110.06	-110.06	1000.0	-10.064459	0.00092009816	-10.057835	-10.066376	129000	-3.0398368e-09	2.6053627	-0.00882983	-1.123652	0.5249906	0.010317117	0.085	79.0	17208.13293528557
129	-114.58	0.0	-114.58	-114.58	1000.0	-11.106126	0.00023194311	-11.104625	-11.106354	130000	-5.2943825e-08	1.9230634	-0.0074750925	-0.31659472	0.5376202	0.007433099	0.053	79.0	17223.484422445297
130	-105.89	0.0	-105.89	-105.89	1000.0	-13.315041	0.07804836	-11.659721	-13.378823	131000	-2.0051003e-07	6.234283	-0.009949125	-5.485369	0.549125	5.1685332e-05	0.087	79.0	17245.491918563843
131	-67.22	0.0	-67.22	-67.22	1000.0	-9.782974	0.026510065	-9.743138	-10.275007	132000	1.487732e-07	8.249195	-0.0068549938	-7.8767033	0.5537377	0.0005647023	0.048	79.0	17269.039677858353
132	-19.189999	5.62	-13.57	-24.81	311.5	-8.100976	1.4369447	-6.956628	-10.045176	133000	-2.914667e-08	15.290554	-0.011814752	-13.255399	0.52443755	0.009899043	0.12	79.0	17617.49603676796
133	-14.02	0.0	-14.02	-14.02	222.0	-4.653049	0.30526748	-4.4894266	-5.226061	134000	1.5601517e-08	2.2654479	-0.011416436	-0.49100757	0.53141797	0.0029037069	0.118	79.0	17778.351119041443
134	-15.84	0.0	-15.84	-15.84	192.0	-4.4429746	0.025137382	-4.392151	-4.70513	135000	4.5776368e-08	21.500053	-0.0003229009	-16.368427	0.51868755	0.016568363	0.226	3.0	17833.286909103394
135	-108.93	0.0	-108.93	-108.93	1000.0	-8.521938	0.072157	-8.480983	-8.752377	136000	-3.272295e-08	13.348402	-0.008065494	-11.606412	0.5185306	0.011326747	0.051	79.0	18612.262603759766
136	-31.97	0.0	-31.97	-31.97	500.0	-10.490617	1.9558746	-8.557721	-12.924035	137000	-8.702278e-09	11.289242	-0.007086807	-9.417925	0.5300553	0.006761221	0.111	79.0	18790.645930290222
137	-143.86	0.0	-143.86	-143.86	1000.0	-9.3993225	0.8107954	-8.022888	-10.568417	138000	2.7894973e-08	28.30136	-0.00897888	-23.457113	0.51943976	0.0010841748	0.101	79.0	18804.71816468239
138	-130.51	0.0	-130.51	-130.51	1000.0	-14.437155	0.00767617	-14.417687	-14.446231	139000	-2.1189452e-08	6.627498	-0.0043226588	-3.431384	0.53623456	0.008681347	0.048	79.0	18818.861910820007
139	-63.86	0.0	-63.86	-63.86	1000.0	-7.562036	0.3069037	-7.214268	-12.218866	140000	5.2809714e-08	2.1867716	-0.002687596	-1.803999	0.5296295	0.016224941	0.148	2.0	18838.006957292557
140	-142.66	0.0	-142.66	-142.66	1000.0	-12.565887	0.28054965	-7.195014	-12.811359	141000	-9.596348e-09	7.5431237	-0.004585798	-6.090683	0.5296801	0.00061568734	0.017	79.0	18851.87159705162
141	-125.26	0.0	-125.26	-125.26	1000.0	-14.085145	0.29930198	-12.775527	-14.484754	142000	2.4616718e-08	6.6820707	-0.007105147	-6.538977	0.53120303	0.0054790224	0.058	79.0	18865.63416814804
142	-110.01	0.0	-110.01	-110.01	1000.0	-6.147446	0.103712186	-6.026056	-9.0119705	143000	2.2172928e-08	21.867361	-0.0041097053	-20.53237	0.5455195	0.017359756	0.213	2.0	18879.925777435303
143	-13.58	0.0	-13.58	-13.58	162.0	-7.9267	1.222876	-7.376734	-10.697959	144000	-2.3245812e-09	7.801718	-0.003969465	-6.2929153	0.54556674	0.015798703	0.178	6.0	19014.513422489166
144	-42.08	0.0	-42.08	-42.08	813.0	-6.2186007	1.1733187	-5.5547442	-9.094987	145000	-1.2814999e-08	3.4947677	-0.0031531425	-2.8267717	0.54515916	0.015245643	0.247	2.0	19465.57169866562
145	-28.345001	11.055	-17.29	-39.4	459.5	-6.499015	2.0839865	-5.775256	-13.725217	146000	-1.8686055e-08	3.447149	0.0009064479	-1.3952289	0.54484534	0.03472977	0.371	2.0	19951.967603445053
146	-52.73	0.0	-52.73	-52.73	1000.0	-3.6324096	0.27045867	-3.496029	-11.305631	147000	5.042553e-08	2.1498992	-0.006620024	-1.8152592	0.54455006	0.0057254517	0.028	79.0	20089.91133904457
147	-118.99	0.0	-118.99	-118.99	1000.0	-4.511932	0.01589302	-4.5085974	-5.0132537	148000	9.346008e-08	50.08851	0.0025269915	-47.56766	0.5366959	0.035554323	0.413	2.0	20105.08603978157
148	-115.42	0.0	-115.42	-115.42	1000.0	-11.328156	0.00023239794	-11.327309	-11.3283	149000	5.1513315e-08	2.112433	-0.009168147	-0.20449781	0.5364928	0.005395822	0.093	79.0	20119.840264320374
149	-26.49	0.0	-26.49	-26.49	436.0	-10.055834	0.37221563	-9.782309	-11.775076	150000	3.0875206e-08	18.274286	-0.0037296314	-18.081888	0.54208905	0.025339779	0.331	2.0	20251.18496489525
150	-62.63	0.0	-62.63	-62.63	1000.0	-8.356227	0.08229488	-8.269913	-9.157739	151000	5.352497e-08	4.887979	-0.0003913839	-4.5879364	0.5422067	0.015457072	0.3	4.0	20273.256558656693
151	-42.52	0.0	-42.52	-42.52	637.0	-9.913373	1.0227109	-7.520832	-11.270024	152000	4.2915342e-09	8.317712	-0.002736287	-6.93919	0.542166	0.019849153	0.281	5.0	20666.96515393257
152	-122.09	0.0	-122.09	-122.09	1000.0	-13.088171	0.9513294	-10.321136	-14.708916	153000	5.4985286e-08	2.8945115	-0.001612375	-2.8446712	0.54178673	0.016410382	0.19	3.0	20680.74559020996
153	-12.31	0.0	-12.31	-12.31	171.0	-12.056154	2.2959795	-8.458017	-15.548982	154000	-5.7280065e-08	7.126576	-0.002173468	-6.4654117	0.54165524	0.019617844	0.258	5.0	20751.58492064476
154	-37.87	10.88	-26.99	-48.75	486.0	-7.8886194	3.3481557	-1.4591037	-10.9779005	155000	-3.1471252e-08	13.510406	-0.0014283702	-11.250786	0.54127866	0.019385567	0.2	4.0	21198.658592939377
155	-26.025002	3.5950003	-22.43	-29.62	448.0	-4.4473586	1.3769293	-2.226254	-6.0729723	156000	5.066395e-10	2.1280472	-0.0041112765	-0.48054612	0.5411596	0.017204408	0.298	3.0	21485.903033971786
156	-38.66	0.0	-38.66	-38.66	595.0	-3.7478225	2.4748626	0.48337442	-6.527217	157000	2.95043e-08	5.593588	-0.0009845085	-3.027882	0.54107606	0.018604683	0.232	2.0	21754.049845933914
157	-12.35	0.0	-12.35	-12.35	178.0	-6.11429	0.0656833	-4.5143757	-6.2041464	158000	1.9609928e-08	20.298338	-0.0040588425	-12.961211	0.54103065	0.015025912	0.179	16.0	21832.928961753845
158	-18.49	0.0	-18.49	-18.49	354.0	-8.130684	0.7801248	-6.453224	-9.492589	159000	2.1100044e-08	7.674677	-0.008304245	-7.076858	0.5421881	0.0040138545	0.129	79.0	22242.449048757553
159	-17.663332	4.2549133	-14.07	-23.64	309.33334	-5.264747	2.8247006	0.6245673	-7.2691307	160000	4.738569e-09	10.794462	-0.0042683994	-8.259626	0.5454271	0.019262213	0.19	4.0	22432.62661910057
160	-140.88	0.0	-140.88	-140.88	1000.0	-5.467872	0.031867757	-4.4606414	-5.4691257	161000	-4.982948e-07	68.50609	-0.0029600062	-64.79776	0.54522055	0.01677088	0.203	2.0	22447.757978200912
161	-107.56	0.0	-107.56	-107.56	1000.0	-13.511111	0.019404681	-13.437671	-13.525825	162000	-5.8174134e-08	6.2321367	-0.0018522032	-5.147093	0.54519564	0.021623455	0.186	7.0	22463.973293542862
162	-24.4	0.0	-24.4	-24.4	385.0	-11.239754	0.058776826	-11.116703	-11.353676	163000	-1.6450882e-08	25.206245	-0.00575766	-22.997753	0.5443861	0.015646407	0.169	7.0	22938.764750480652
163	-16.223333	3.4960203	-11.74	-20.27	268.0	-3.9521694	1.228168	-0.9391471	-8.233366	164000	2.1636486e-08	2.7600553	-0.013521151	-1.6550039	0.5434287	0.0011664393	0.109	79.0	23100.712634563446
164	-18.886667	8.845132	-11.64	-31.34	313.33334	-4.7022157	1.6325032	-2.7903614	-7.7424498	165000	-5.52088e-09	4.761616	-0.009228878	-3.7926495	0.5195895	0.016008453	0.179	8.0	23464.371638774872
165	-57.43	0.0	-57.43	-57.43	1000.0	-2.9811966	1.5328151	-1.0207759	-7.574013	166000	-1.308918e-07	6.007055	0.0015698628	-5.558741	0.5186259	0.01847087	0.197	2.0	24177.326171398163
166	-19.303333	3.1948738	-16.27	-23.72	298.33334	-3.6554346	0.5329915	-3.1272824	-6.417903	167000	-4.3481588e-08	2.7562654	0.00021482242	-0.9709641	0.5182925	0.017134424	0.31	2.0	24467.092131614685
167	-136.52	0.0	-136.52	-136.52	1000.0	-4.716699	0.059635647	-4.6140203	-5.999769	168000	2.4342538e-07	74.783516	-0.0019576235	-70.60308	0.5178848	0.015941469	0.106	4.0	24481.52268743515
168	-119.6	0.0	-119.6	-119.6	1000.0	-13.115781	0.0013388791	-13.109837	-13.116894	169000	3.4749508e-08	1.6934007	-0.0056675533	-0.6077895	0.5171263	0.0075396304	0.048	79.0	24498.01186990738
169	-25.12	0.0	-25.12	-25.12	363.0	-9.189407	5.0511527	-0.58218825	-13.049948	170000	-1.7017125e-08	12.08222	-0.004168905	-9.746496	0.51319474	0.017342426	0.239	4.0	24763.420499801636
170	-17.460001	3.5024657	-14.83	-22.41	273.66666	-8.481188	0.32009318	-7.6261764	-9.257006	171000	4.9471853e-09	19.373667	-0.0124597885	-17.435244	0.51305974	0.0060098707	0.129	79.0	24930.88270187378
171	-20.02	0.0	-20.02	-20.02	303.0	-7.0282264	2.0836327	-3.54644	-8.429965	172000	-5.209446e-08	11.717293	-0.011815307	-10.317775	0.50273436	0.007538068	0.115	79.0	25006.096749305725
172	-130.81	0.0	-130.81	-130.81	1000.0	-12.163379	0.004025316	-12.156107	-12.192721	173000	-4.6432017e-08	4.09197	-0.013230764	-1.4466314	0.49050194	0.016528208	0.134	79.0	25021.105143547058
173	-18.396666	10.141009	-10.05	-32.67	277.66666	-6.0279636	4.016578	-1.3655164	-13.370786	174000	-2.861023e-09	12.148566	-0.008938408	-11.420673	0.50082225	0.008546578	0.087	79.0	25378.464963674545
174	-18.57	0.0	-18.57	-18.57	297.0	-7.0781703	2.909937	-2.381914	-9.856826	175000	-2.9206275e-09	5.741456	-0.004667444	-5.085593	0.49748495	0.015584217	0.169	3.0	25544.453378677368
175	-38.86	27.94	-10.92	-66.8	470.5	-8.512835	1.9614425	-3.8460572	-10.21474	176000	1.579523e-08	5.702008	-0.0009779227	-3.332935	0.49732333	0.018127294	0.411	3.0	26131.52886557579
176	-102.64	0.0	-102.64	-102.64	1000.0	-8.034458	0.15253554	-4.927574	-8.267497	177000	5.3167344e-08	11.794894	0.0028711604	-10.847135	0.4974361	0.02112363	0.284	2.0	26935.14768218994
177	-134.35	0.0	-134.35	-134.35	1000.0	-9.250785	0.18050078	-7.5719447	-9.516345	178000	-1.206398e-07	21.806515	-0.010409474	-17.436646	0.4974801	0.01014924	0.064	79.0	26949.826625347137
178	-127.06	0.0	-127.06	-127.06	1000.0	-13.396428	0.0003651568	-13.395012	-13.39744	179000	3.159046e-08	4.158816	0.002273669	-0.05229664	0.4788936	0.01690498	0.22	2.0	26964.905826091766
179	-51.19	0.0	-51.19	-51.19	807.0	-7.3118443	0.6050596	-6.937691	-13.16726	180000	-3.2156706e-08	3.3960803	-0.0054099155	-2.4695864	0.47871614	0.007072306	0.047	79.0	27615.09859418869
180	-14.616666	4.848095	-8.26	-20.02	220.0	-10.205012	3.5248158	-2.383394	-12.935218	181000	1.525879e-08	28.07851	-0.0048511	-25.916143	0.46342355	0.01795551	0.153	4.0	27760.059225559235
181	-16.08	1.5058718	-14.42	-17.77	226.5	-4.4515333	2.9271731	-1.1006236	-10.787067	182000	-2.5123358e-08	8.447106	-0.0034303444	-7.425599	0.4628181	0.01801423	0.264	4.0	27932.399074077606
182	-157.26	0.0	-157.26	-157.26	1000.0	-5.189387	0.02433179	-5.118507	-5.5705996	183000	-6.365776e-08	107.51472	-0.008622254	-100.176704	0.46228254	0.0028232168	0.11	79.0	27947.08965444565
183	-13.65	4.8700004	-8.78	-18.52	223.5	-13.622215	1.7457644	-10.6484995	-15.163715	184000	5.698204e-08	38.199688	-0.0053752293	-35.313213	0.46014893	0.023483224	0.332	4.0	28571.671860694885
184	-36.13	0.0	-36.13	-36.13	679.0	-7.7409744	0.34921438	-7.195787	-11.652601	185000	-3.349781e-08	12.314403	-0.00430647	-9.331542	0.46031934	0.015306244	0.121	16.0	29168.455461263657
185	-12.9	0.11000013	-12.79	-13.01	229.5	-6.6331964	1.703862	-4.7033415	-8.317197	186000	1.3574958e-08	9.532579	-0.005876141	-7.4710903	0.45932633	0.0066160653	0.067	79.0	29320.22834086418
186	-11.115	0.6350002	-10.48	-11.75	177.0	-8.422549	4.0121098	-2.9616675	-11.558056	187000	3.576279e-08	11.674185	-0.014431156	-8.471826	0.46048987	0.0070948126	0.11	79.0	29430.035188674927
187	-12.845	0.83500004	-12.01	-13.68	199.5	-6.1353564	3.9230824	-2.5890615	-15.032106	188000	-3.966689e-08	20.86275	-0.0028483088	-17.638468	0.45378092	0.017545167	0.152	4.0	29975.388179779053
188	-142.88	0.0	-142.88	-142.88	1000.0	-7.8280244	0.039574128	-6.577655	-7.8315263	189000	1.34706495e-08	45.342667	-0.0051605743	-39.217575	0.4529147	0.007903644	0.034	79.0	29989.7314517498
189	-56.0	0.0	-56.0	-56.0	1000.0	-10.907152	0.17783491	-10.807601	-14.176725	190000	-3.2520293e-07	25.803215	-0.007654092	-24.61327	0.4500288	0.0044254106	0.049	79.0	30867.260527849197
190	-168.74	0.0	-168.74	-168.74	1000.0	-11.581521	0.20874007	-5.996444	-11.788537	191000	1.1086464e-08	41.945488	-0.013963444	-30.347761	0.46139273	0.0038385987	0.08	79.0	30881.85674715042
191	-18.720001	3.9051504	-14.49	-23.91	286.33334	-12.182474	2.4447253	-9.490595	-17.123875	192000	1.04010105e-07	70.20965	-0.0056681437	-63.108273	0.4330375	0.018114513	0.25	3.0	31134.353755950928
192	-9.16	0.0	-9.16	-9.16	169.0	-8.51764	1.0142431	-6.204978	-9.029462	193000	-3.8444995e-08	24.069141	-0.0110084545	-20.495075	0.43246746	0.0063822363	0.097	79.0	31185.66033887863
193	-17.54	2.87	-14.67	-20.41	277.0	-3.990063	0.94950885	-2.7710454	-13.467022	194000	-3.6358834e-09	3.5937424	-0.007898605	-2.2641752	0.41839513	0.0076680603	0.058	79.0	31613.89405107498
194	-11.759999	3.197572	-7.63	-15.42	202.66667	-7.7869167	4.094717	-4.207284	-12.898081	195000	2.515316e-08	3.077925	-0.009188874	-1.5079451	0.40291435	0.027416306	0.266	3.0	31787.56128358841
195	-13.515	3.665	-9.85	-17.18	212.0	-6.748063	3.3333519	-1.5740554	-11.9941845	196000	-7.390976e-09	5.096788	-0.010856881	-3.7081027	0.4024941	0.0038097803	0.07	79.0	31884.001472711563
196	-159.33	0.0	-159.33	-159.33	1000.0	-12.638078	0.031477064	-11.646276	-12.641788	197000	4.5239926e-08	18.345978	0.00232647	-12.067632	0.398354	0.020423168	0.318	2.0	31898.100937604904
197	-134.21	0.0	-134.21	-134.21	1000.0	-16.094164	0.024224788	-16.022024	-16.134995	198000	-3.2305717e-08	7.9281874	-0.0074032806	-4.343708	0.3984152	0.0052509983	0.056	79.0	31912.506498098373
198	-15.4	3.2994618	-11.83	-20.08	240.0	-6.787693	3.1862721	-3.8601456	-14.047169	199000	-1.3947487e-08	21.438465	-0.0071794996	-18.824474	0.39941606	0.011200945	0.089	79.0	32187.642154932022
199	-16.4925	6.7546186	-10.24	-26.86	243.75	-4.4655886	0.42882952	-3.7056842	-5.57389	200000	1.0449439e-09	2.6060522	-0.010565757	-2.2155244	0.41415465	0.010475923	0.088	79.0	32443.551879644394
200	-26.0	8.59	-17.41	-34.59	421.0	-5.616671	0.9596044	-2.192636	-6.6841874	201000	8.8512895e-09	3.5221486	-0.008829735	-2.5198002	0.40961865	0.010974011	0.123	79.0	32953.09905529022
201	-12.692499	3.1472952	-7.86	-16.49	202.75	-3.325892	0.96231216	-2.669767	-5.5066447	202000	-1.8447638e-08	4.033551	-0.012594004	-1.701416	0.3947503	0.008464853	0.106	79.0	33119.772003889084
202	-15.266666	5.3026114	-7.88	-20.08	258.0	-5.053002	0.9706301	-3.498494	-7.2158065	203000	1.6007572e-08	4.2738647	-0.010294121	-3.7971323	0.39909127	0.015134324	0.117	72.0	33301.53253555298
203	-14.264999	3.2410297	-9.63	-18.49	229.5	-3.3363564	1.3513676	-0.63720405	-8.968676	204000	1.8745661e-08	2.4588888	-0.011673112	-1.0576069	0.38909218	0.004795496	0.112	79.0	33504.12383699417
204	-18.033335	0.33479667	-17.62	-18.44	280.66666	-4.1824245	2.1188848	-2.0825396	-8.914037	205000	-2.30968e-08	2.1301968	-0.008298341	-1.1041167	0.37916702	0.018486422	0.198	2.0	33675.93077945709
205	-18.77	0.0	-18.77	-18.77	298.0	-6.726931	1.2347529	-3.1371102	-8.279863	206000	-1.6748904e-08	0.5894066	-0.013625797	-0.55303884	0.3790449	0.0095312195	0.132	79.0	33774.21433544159
206	-15.759999	5.2844367	-10.19	-22.86	250.33333	-2.6276798	1.6591065	0.7159041	-7.1593323	207000	2.3841857e-09	6.6004395	-0.014940215	-4.69495	0.37971	0.008600332	0.145	79.0	34028.72315263748
207	-11.59	0.0	-11.59	-11.59	170.0	-6.7501802	0.15776795	-4.7762785	-6.981578	208000	-2.7477741e-08	25.192368	-0.00692203	-20.395824	0.36402377	0.0048130797	0.064	79.0	34861.19986772537
208	-118.3	0.0	-118.3	-118.3	1000.0	-4.6223574	0.6763839	-3.8356261	-8.496224	209000	-1.0800362e-07	51.323364	-0.007891752	-48.484455	0.35999617	-0.00032735075	0.05	79.0	34875.11769914627
209	-10.684999	1.9550004	-8.73	-12.64	186.5	-9.995766	1.2421423	-8.216075	-12.145866	210000	-2.3186207e-08	12.510772	-0.007755158	-11.80936	0.3468787	0.019052649	0.247	2.0	35003.023272037506
210	-13.576667	1.6783786	-11.55	-15.66	217.66667	-3.0198426	0.9210487	-1.8954281	-8.362488	211000	-1.1414289e-08	3.3357537	-0.010119319	-2.326024	0.34662107	0.0042137555	0.053	79.0	35271.29592514038
211	-9.639999	0.21999979	-9.42	-9.86	173.0	-4.036473	0.6366968	-2.4392052	-5.0334964	212000	-3.4689904e-08	40.450935	-0.0056597865	-38.168064	0.3620427	0.015364118	0.16	9.0	35391.074263334274
212	-13.53	3.0299997	-10.5	-16.56	207.0	-9.420507	4.2423615	-2.2116022	-12.6983	213000	-6.115809e-08	12.108636	-0.0012468216	-9.213919	0.36261487	0.015322999	0.151	3.0	35457.37595796585
213	-28.32	0.0	-28.32	-28.32	475.0	-7.6743426	4.2418303	-2.5986526	-13.351678	214000	-3.7908553e-08	1.2627337	-0.013703278	-0.95371807	0.36290234	0.009352811	0.11	79.0	35659.48399686813
214	-6.705	0.4949999	-6.21	-7.2	237.5	-3.179702	1.2343941	-1.6491301	-9.021726	215000	-1.2310222e-08	9.166926	0.00053376914	-8.566771	0.3457391	0.018318688	0.267	3.0	36189.06197834015
215	-75.81	0.0	-75.81	-75.81	1000.0	-2.5169384	1.4268869	0.5205989	-6.7729063	216000	-5.3405763e-08	24.015812	-0.01059461	-22.524128	0.34527686	0.011789126	0.055	79.0	37015.819343328476
216	-124.31	0.0	-124.31	-124.31	1000.0	-12.354879	0.16895942	-7.123901	-12.494265	217000	-8.85874e-09	1.429376	-0.007871839	-0.5901924	0.3562467	0.0055221454	0.064	79.0	37031.157702207565
217	-15.82	0.0	-15.82	-15.82	243.0	-9.091688	0.8910303	-7.327477	-11.916027	218000	2.0664185e-08	10.517494	-0.004630709	-9.487787	0.35876462	0.018355723	0.131	2.0	37073.54023051262
218	-24.545	5.7749996	-18.77	-30.32	437.5	-4.2715793	1.1814369	-2.7777655	-8.262088	219000	2.6809051e-08	1.1397308	-0.013789415	-0.83071244	0.35887906	0.0108459545	0.112	79.0	37512.44414329529
219	-12.34	0.0	-12.34	-12.34	228.0	-13.269186	4.912653	-2.0031712	-16.036137	220000	1.090765e-08	4.4619613	-0.008518216	-3.648159	0.33566144	-0.0004993977	0.094	79.0	37589.31909656525
220	-17.609999	3.7844684	-12.98	-22.25	265.66666	-5.8127475	2.4430492	-2.5643	-11.131062	221000	2.387166e-08	5.908842	-0.004344143	-5.4003506	0.31471652	0.019814042	0.278	4.0	37770.556733846664
221	-32.120003	16.1	-16.02	-48.22	413.0	-3.4748247	1.455259	0.23782703	-7.94066	222000	-1.2516975e-08	9.651566	-0.011891641	-8.00745	0.31375036	0.0030290182	0.087	79.0	38035.87842321396
222	-116.18	0.0	-116.18	-116.18	1000.0	-7.2782593	0.31645557	-6.571039	-7.794939	223000	1.2218952e-07	20.92497	-0.0063806884	-19.590302	0.30631286	0.0065455027	0.048	79.0	38537.3425424099
223	-14.6275	5.4098673	-7.96	-21.14	237.5	-8.107074	2.386414	-3.0256546	-11.708339	224000	-1.038909e-07	20.786041	-0.0040042293	-18.57752	0.2885591	0.018035073	0.201	3.0	38901.03766965866
224	-123.65	0.0	-123.65	-123.65	1000.0	-5.0385957	0.31914485	-4.597701	-6.700031	225000	-9.727478e-08	56.86055	-0.006211098	-53.476852	0.2880241	-0.0024559957	0.035	79.0	38915.17844128609
225	-125.0	0.0	-125.0	-125.0	1000.0	-12.099054	1.1959429	-9.486106	-13.5455885	226000	-1.1914968e-07	1.407969	-0.009295663	-1.3398203	0.28339761	0.015105203	0.104	76.0	38929.39060616493
226	-14.023334	2.861076	-10.08	-16.78	239.66667	-7.265979	2.4046626	-3.9517248	-11.127758	227000	6.1392784e-09	6.840833	-0.0033554733	-6.567562	0.2819536	0.01998131	0.266	3.0	39103.62060594559
227	-124.28	0.0	-124.28	-124.28	1000.0	-9.893782	0.2716911	-8.832758	-10.233648	228000	6.866455e-08	7.717701	0.0011706525	-7.2457933	0.28198206	0.021290801	0.228	2.0	39118.78699541092
228	-120.43	0.0	-120.43	-120.43	1000.0	-12.05316	1.8901803	-8.917266	-14.223143	229000	-2.0384789e-08	1.4861042	-0.005643435	-1.3938097	0.28192955	0.005895394	0.074	79.0	39132.9053208828
229	-71.64	0.0	-71.64	-71.64	1000.0	-8.530859	0.2227097	-8.0420065	-9.152931	230000	4.1127205e-08	2.5383863	-0.010207201	-1.972133	0.2777786	0.006948778	0.057	79.0	39398.75136709213
230	-130.74	0.0	-130.74	-130.74	1000.0	-8.838584	0.45800927	-7.312525	-9.446614	231000	6.341934e-08	19.386192	0.0030912682	-16.776957	0.26730484	0.025060564	0.31	6.0	39413.481639146805
231	-15.6475	9.043961	-5.84	-30.43	249.5	-4.451411	1.8242587	-1.1237783	-12.127875	232000	1.1175871e-08	2.678916	-0.0119117275	-2.4780169	0.26741052	0.006447292	0.106	79.0	39829.96886706352
232	-101.84	0.0	-101.84	-101.84	1000.0	-8.687184	0.5027077	-6.1898165	-10.060501	233000	-9.596348e-09	4.2462077	-0.008575978	-3.4613886	0.2638804	0.00054095645	0.035	79.0	40227.05399465561
233	-26.470001	16.25	-10.22	-42.72	422.5	-6.117685	2.3978848	-3.5581338	-10.771817	234000	-1.3351441e-08	6.5651517	-0.014096215	-5.6718206	0.26391214	0.0046270504	0.106	79.0	40793.619158267975
234	-92.04	0.0	-92.04	-92.04	1000.0	-9.072806	0.05015768	-9.009867	-9.237844	235000	-2.6050955e-08	0.8275974	-0.009259646	-0.34485984	0.23107548	0.0093273735	0.071	79.0	41313.800114154816
235	-17.46	3.63	-13.83	-21.09	261.0	-7.414134	2.6347785	-2.1765728	-9.97875	236000	-2.2649764e-09	7.530984	-0.013454903	-6.965424	0.22675084	0.004453294	0.099	79.0	41554.05161714554
236	-24.535	7.6349993	-16.9	-32.17	348.5	-6.6063633	2.2427971	-2.6875157	-11.485832	237000	-3.2449606e-08	0.9172045	-0.0005333547	-0.85006446	0.2244585	0.015190262	0.158	2.0	41910.11688351631
237	-12.7699995	4.015327	-6.73	-16.98	208.25	-4.6603518	1.7101741	-0.6877647	-8.784591	238000	-7.152557e-09	3.3009164	-0.0028916588	-2.5132036	0.2244393	0.015000208	0.258	4.0	42127.094010829926
238	-106.61	0.0	-106.61	-106.61	1000.0	-5.7980924	4.227503	-1.226401	-13.727616	239000	1.2898445e-07	34.167576	0.0021116391	-34.0935	0.22439396	0.024030546	0.306	2.0	42931.86297774315
239	-23.06	0.0	-23.06	-23.06	371.0	-9.175583	6.0266523	2.7385554	-14.756324	240000	-2.1338463e-08	7.2643466	0.0007607115	-7.2163296	0.22428004	0.0237574	0.254	2.0	43101.67610168457
240	-40.69	25.8	-14.89	-66.49	478.5	-6.985878	1.0138665	-3.6638727	-8.809523	241000	2.783537e-08	3.0967193	-0.0035350064	-1.1945075	0.22411732	0.020183263	0.252	2.0	43615.838215351105
241	-111.13	0.0	-111.13	-111.13	1000.0	-10.353252	1.3337036	-7.660888	-11.838887	242000	1.679659e-07	1.0862702	-0.012364212	-0.9795019	0.22390758	0.0132482825	0.101	79.0	44479.47553014755
242	-37.46	2.040001	-35.42	-39.5	468.5	-7.8823876	0.4612593	-5.8558545	-8.972732	243000	2.1666288e-08	4.845687	-0.006292589	-2.5883543	0.24265574	0.0032454946	0.093	79.0	44875.49417734146
243	-20.056665	3.1560562	-17.82	-24.52	308.0	-5.8352265	1.5345098	-1.8200021	-7.1244373	244000	1.3947487e-08	4.8321266	-0.0036006875	-3.1164258	0.2352275	0.015514563	0.194	3.0	45201.98025250435
244	-122.69	0.0	-122.69	-122.69	1000.0	-7.6240907	1.204915	-5.49584	-9.239763	245000	9.3221665e-08	26.249031	0.0014171678	-25.045187	0.23493992	0.022799172	0.28	2.0	45215.83233857155
245	-28.35	2.6000004	-25.75	-30.95	393.5	-4.9859776	1.6134036	0.66390145	-7.953928	246000	2.6762486e-08	2.0004642	-0.0047516804	-1.6656092	0.23474064	0.0172933	0.209	3.0	45665.52599811554
246	-115.1	0.0	-115.1	-115.1	1000.0	-12.337011	2.6362362	-7.917613	-15.026631	247000	1.7315148e-08	0.28813013	2.0262927e-05	-0.20498341	0.23445848	0.01878916	0.247	2.0	46248.20470690727
247	-14.4	0.0	-14.4	-14.4	219.0	-6.919161	1.1283869	-2.85484	-8.895743	248000	-5.7309865e-08	4.202289	0.0015183273	-3.9391055	0.23427914	0.02828018	0.281	2.0	46890.87992954254
248	-13.85	0.0	-13.85	-13.85	188.0	-11.935757	2.837958	-7.5805526	-15.374944	249000	2.7477741e-08	5.780357	-0.0037940945	-5.254427	0.23424768	0.0100108525	0.054	79.0	47295.20887231827
249	-24.77	10.849999	-13.92	-35.62	303.5	-4.1646514	1.5629401	-1.6401539	-7.8498764	250000	-2.1785498e-08	5.5567956	0.0010627194	-3.4025443	0.23076563	0.017292095	0.16	6.0	47669.07147860527
250	-14.15	0.0	-14.15	-14.15	237.0	-5.9091415	1.7249881	-1.0126102	-7.1111765	251000	-2.449751e-08	0.9503792	-0.00016186036	-0.70045024	0.23106812	0.020161083	0.3	3.0	48060.47313761711
251	-69.83	0.0	-69.83	-69.83	767.0	-3.3452175	2.988341	0.1069009	-7.6701365	252000	-8.749962e-08	33.177174	0.0024307973	-31.271803	0.23109187	0.0174298	0.284	2.0	48684.43480825424
252	-18.25	1.9160542	-16.37	-20.88	284.33334	-9.345353	1.1378493	-7.8747396	-11.076679	253000	1.1146069e-08	26.872059	-0.0062512737	-24.98146	0.23109882	0.02860311	0.264	1.0	49023.67631316185
253	-14.543332	3.3546615	-11.2	-19.13	205.33333	-6.1071534	1.8455029	-4.1082478	-8.560067	254000	-5.7965517e-09	2.3093019	-0.00918716	-1.4323947	0.23108287	0.0065743118	0.06	79.0	49204.841933727264
254	-11.246	2.4436905	-7.53	-14.63	190.2	-3.055166	1.9755665	-0.18941423	-7.394617	255000	6.504357e-09	5.9663343	-0.0075657433	-5.567633	0.24483255	0.024128113	0.234	5.0	49492.83155417442
255	-84.91	0.0	-84.91	-84.91	1000.0	-6.0111475	1.3556771	-3.4206812	-7.6944203	256000	-2.5081636e-07	7.1398892	-0.007034569	-6.9412394	0.24527238	0.006254008	0.05	79.0	50440.887754917145
256	-12.195	5.4989386	-7.45	-21.42	195.25	-4.8808517	1.6334045	-2.3807988	-8.259585	257000	4.5001505e-09	3.4766448	-0.004707064	-2.6434095	0.22348534	0.028091239	0.289	2.0	50680.028915166855
257	-25.01	10.85	-14.16	-35.86	467.0	-5.380194	1.1927894	-3.5952826	-8.041054	258000	-3.3974648e-09	3.2695246	0.00018306768	-2.829739	0.22312884	0.015815672	0.239	2.0	51197.99576973915
258	-13.615	4.882748	-8.86	-21.79	218.25	-3.9474285	1.8378892	-0.17725545	-6.0616226	259000	3.376603e-08	4.1822457	0.0015052867	-2.9348757	0.2227748	0.016909739	0.169	2.0	51474.29466819763
259	-16.56	5.2220874	-9.29	-21.32	278.66666	-4.05803	1.8639795	-0.72020733	-7.384867	260000	5.863607e-09	1.0144565	-0.0012781209	-0.88680065	0.2224153	0.023807894	0.202	2.0	51742.66085934639
260	-8.08	0.0	-8.08	-8.08	162.0	-5.827505	1.0786281	-2.1997657	-6.6440654	261000	-8.809567e-08	57.585606	0.0010080313	-53.62931	0.222041	0.0150695555	0.256	3.0	51806.14948630333
261	-17.346666	4.871101	-10.72	-22.29	301.66666	-4.404172	3.3593407	-1.7105814	-13.881555	262000	-5.081296e-09	2.9882295	-0.008796789	-2.7505887	0.22164193	0.016110338	0.17	55.0	52042.62363958359
262	-30.19	0.0	-30.19	-30.19	525.0	-8.017111	4.2240257	-3.010345	-12.54348	263000	-3.0577183e-08	1.678213	-0.010867671	-1.1996874	0.21819611	0.0071251364	0.109	79.0	52370.71915721893
263	-63.53	0.0	-63.53	-63.53	1000.0	-2.61027	1.4687911	-0.38991636	-10.305382	264000	-8.8214875e-09	11.901418	0.0039636223	-10.878635	0.19306476	0.024117116	0.301	2.0	53195.17386031151
264	-80.91	0.0	-80.91	-80.91	1000.0	-5.866111	0.32901162	-5.618796	-7.0577545	265000	1.847744e-09	7.467812	-0.001207807	-4.4087553	0.19257177	0.018906992	0.229	2.0	53212.27681493759
265	-16.475	2.5049996	-13.97	-18.98	266.0	-9.888015	2.8622408	-5.673466	-12.950905	266000	-2.2530555e-08	8.788157	-0.00051964907	-8.245371	0.19222316	0.015187737	0.24	2.0	53344.81997871399
266	-10.48	1.0099998	-9.47	-11.49	188.0	-8.747431	3.1477282	-1.9027567	-11.765242	267000	3.3527614e-10	6.0296044	0.0012611749	-5.4268546	0.19192912	0.020326534	0.241	2.0	53424.1019423008
267	-12.41	3.6200004	-8.79	-16.03	195.0	-3.029881	1.043704	-0.24985398	-9.898835	268000	-3.33786e-08	4.7886004	-0.01156102	-3.8980582	0.19171672	0.015425676	0.234	7.0	53724.019703388214
268	-11.88	3.06164	-9.47	-17.78	195.4	-7.9194093	3.618172	-4.2788353	-14.380575	269000	8.267164e-08	34.918564	-0.011993873	-33.733215	0.19022332	0.0106728785	0.117	79.0	54003.03548288345
269	-11.07	2.1599998	-8.91	-13.23	173.5	-5.0892563	2.5709848	-0.62655187	-7.3966537	270000	-2.2768974e-08	3.1771004	-0.009862284	-2.17804	0.18011537	0.0053462526	0.052	79.0	54400.61285829544
270	-80.13	0.0	-80.13	-80.13	1000.0	-3.8711421	0.5863249	-3.1306512	-6.63169	271000	-4.172325e-09	16.910313	-0.0027410008	-14.63719	0.18637975	0.015048947	0.267	20.0	54417.76158308983
271	-10.495	0.7550001	-9.74	-11.25	175.0	-6.79208	0.8484349	-4.9493537	-7.551568	272000	-1.9490718e-08	17.942064	-0.0066407598	-16.27467	0.18660724	0.018386379	0.225	6.0	54506.30403089523
272	-12.487499	4.0375323	-6.97	-18.32	217.75	-5.6407638	3.116868	-2.9776611	-11.707371	273000	5.8203934e-08	14.906606	-0.008263752	-12.973225	0.18675894	0.026899677	0.362	2.0	54752.04023313522
273	-15.1	5.5577426	-9.49	-23.07	243.75	-3.6844997	0.7875038	-2.0079625	-4.914832	274000	1.9967556e-08	1.508574	0.0020204573	-0.60095775	0.18682918	0.02717711	0.361	2.0	55034.59692502022
274	-12.1525	4.8450513	-7.49	-19.95	195.75	-4.277746	1.1870708	-2.7485077	-6.673731	275000	1.2837351e-08	3.4342084	-0.012469526	-2.141015	0.18686782	0.013424076	0.165	79.0	55267.301622867584
275	-130.21	0.0	-130.21	-130.21	1000.0	-4.5166965	0.10640246	-4.2677026	-5.981105	276000	8.5830685e-09	70.048096	-0.006514799	-64.330666	0.17657487	0.0016200797	0.026	79.0	55283.93105363846
276	-16.03	9.070001	-6.96	-25.1	311.5	-10.09443	1.9173633	-8.379355	-12.5666895	277000	5.5909158e-08	21.134548	-0.013184553	-19.211477	0.15949143	0.0064318264	0.115	79.0	55864.55778002739
277	-14.964999	1.5485882	-13.55	-17.42	235.75	-4.4742794	2.2623568	-2.1155913	-9.321801	278000	-1.9349157e-08	6.73523	-0.0063646953	-4.4882417	0.15800051	0.019003892	0.27	4.0	56154.39321947098
278	-108.35	0.0	-108.35	-108.35	1000.0	-6.616314	0.069532104	-4.418799	-6.619274	279000	2.2649765e-08	17.210596	-0.006573234	-15.905183	0.15799928	0.009991446	0.048	79.0	56169.796320438385
279	-81.68	0.0	-81.68	-81.68	1000.0	-7.7674894	0.2063789	-7.3669953	-10.563796	280000	-2.4184585e-08	0.9797204	0.002247877	-0.5725292	0.1684011	0.026997633	0.345	2.0	56959.650571107864
280	-19.193335	10.104786	-11.77	-33.48	291.66666	-7.321583	0.67844987	-5.397643	-9.063178	281000	-1.835823e-08	9.984617	-0.002086144	-8.469922	0.1685814	0.020208517	0.242	6.0	57337.22289252281
281	-108.51	0.0	-108.51	-108.51	1000.0	-7.1953797	0.36083457	-5.635388	-7.6377974	282000	5.877018e-08	14.445995	-0.010072501	-13.352929	0.16850717	0.009587322	0.096	79.0	57825.344249010086
282	-100.97	0.0	-100.97	-100.97	1000.0	-9.702853	1.4503871	-8.149851	-12.346899	283000	-2.503395e-09	1.8041451	-0.0077912183	-1.6134578	0.17546158	0.015417308	0.079	54.0	58438.934278964996
283	-74.81	0.0	-74.81	-74.81	1000.0	-3.2032285	0.32870334	-2.8660216	-8.546063	284000	5.6385993e-08	19.198927	-0.007203881	-15.73012	0.171616	0.005193131	0.066	79.0	59224.084933042526
284	-61.39	0.0	-61.39	-61.39	1000.0	-7.0750194	0.0068647237	-7.0312285	-7.0945883	285000	1.7940998e-08	1.4790802	0.0005552282	-1.0243213	0.15960304	0.015511852	0.159	2.0	59976.3170902729
285	-75.44	0.0	-75.44	-75.44	1000.0	-9.906762	0.65892994	-6.0944977	-10.874076	286000	2.2292137e-07	4.655849	-0.0018734602	-4.1166534	0.159406	0.024620542	0.301	2.0	60813.21932005882
286	-28.670002	4.3900003	-24.28	-33.06	405.0	-6.621534	0.67540103	-5.1218243	-7.3255277	287000	-9.477138e-09	3.5671244	0.00015405135	-2.27252	0.15913802	0.019445198	0.191	5.0	61283.91797208786
287	-15.755	7.6567116	-7.43	-27.56	233.75	-6.32009	0.6851085	-4.4993997	-7.116853	288000	-4.0113925e-08	7.3862824	-0.00047834395	-6.839457	0.15856087	0.0199031	0.272	3.0	61557.12768793106
288	-99.01	0.0	-99.01	-99.01	1000.0	-5.886023	1.6106033	-3.3008115	-8.415294	289000	3.2806398e-07	16.941992	-0.0024452887	-16.522999	0.15831812	0.021086589	0.312	3.0	62217.982184410095
289	-30.215	9.535	-20.68	-39.75	419.5	-6.022734	0.8190876	-4.3579574	-8.431544	290000	-2.156198e-08	2.6985624	0.0010119902	-2.5886266	0.15819106	0.019531041	0.306	2.0	62757.45018553734
290	-22.073334	1.9323962	-19.76	-24.49	295.66666	-7.1558857	2.5225763	-1.7639558	-10.93063	291000	7.7456235e-08	10.125398	-0.0007541083	-9.184536	0.15812613	0.016209384	0.158	2.0	63121.12236905098
291	-20.67	8.45	-12.22	-29.12	293.0	-4.5659704	1.7118953	0.39687145	-8.289751	292000	-5.066395e-09	3.8702877	-0.015049331	-3.7047265	0.15805548	0.008696619	0.13	79.0	63703.94037485123
292	-16.166666	6.6737413	-8.75	-24.93	222.33333	-4.496715	1.7205417	-1.2649568	-7.4243326	293000	-1.8186867e-08	4.03309	-0.0070292153	-3.3786716	0.1527014	0.0047265016	0.062	79.0	63907.63950896263
293	-19.7	10.070001	-9.63	-29.77	308.0	-4.1412826	0.45121193	-3.5842385	-6.9205413	294000	3.1292437e-08	2.773592	-0.007315571	-1.083723	0.12819438	0.018939175	0.226	4.0	64251.649958372116
294	-32.355	16.845	-15.51	-49.2	450.0	-4.458605	1.0077025	-1.3213022	-6.281506	295000	1.7523766e-08	2.661354	0.0006251749	-1.5669622	0.12744734	0.01821164	0.295	2.0	64676.53544354439
295	-13.327501	3.7407112	-7.21	-17.26	219.5	-5.710795	1.6978321	-3.5936294	-9.080475	296000	4.0590763e-08	8.490795	-0.0064153876	-7.598516	0.12711403	0.016184194	0.126	2.0	65000.87120580673
296	-28.075	13.315	-14.76	-41.39	484.5	-4.033749	1.3457638	-2.6111815	-5.8853407	297000	-8.784235e-09	4.819653	0.00063333794	-3.9432254	0.12680809	0.019437457	0.134	4.0	65753.68850207329
297	-20.133333	6.092861	-11.61	-25.49	292.0	-4.4432983	0.46449676	-3.124001	-5.396928	298000	2.7775764e-08	3.2591767	-0.01289399	-1.3623868	0.12629673	0.010865102	0.129	79.0	66179.36778974533
298	-12.672501	1.6459095	-9.85	-13.96	220.75	-4.8870635	1.239433	-1.0670499	-6.924183	299000	1.5109778e-08	4.9483266	-0.0055476814	-3.7528276	0.13763164	0.019200146	0.273	6.0	66455.71282601357
299	-16.127499	7.3628707	-4.08	-23.56	247.0	-4.305786	1.5426216	-0.96546793	-6.354315	300000	-1.8253923e-08	1.985309	-0.0055209533	-0.8672885	0.13761213	0.021646949	0.271	3.0	66723.21489095688
300	-18.33	0.0	-18.33	-18.33	277.0	-4.6040587	1.0324289	-1.8201003	-7.19814	301000	1.3124942e-07	4.237052	-0.017923476	-3.5171676	0.13765089	-0.0004193524	0.103	79.0	66864.1397125721
301	-18.886667	5.295698	-12.83	-25.73	269.0	-4.624521	2.0294862	-0.76750565	-7.9121923	302000	-9.050593e-09	1.8947303	-0.009175627	-1.2530661	0.114634074	0.0105177695	0.115	79.0	67138.83912754059
302	-18.316668	12.367841	-6.0	-35.23	289.66666	-2.4569223	0.8781048	-1.3790578	-6.6231356	303000	-3.409386e-08	6.4155283	-0.0014383501	-5.2418594	0.10103882	0.02232228	0.322	3.0	67575.22041797638
303	-15.066667	4.4369984	-9.19	-19.91	221.0	-5.8381543	1.2592014	-3.4502704	-7.1701283	304000	1.8402934e-08	3.2606459	-0.0036578316	-1.9693004	0.1006862	0.016796924	0.182	3.0	67738.13832902908
304	-94.5	0.0	-94.5	-94.5	1000.0	-5.570443	0.16964403	-5.2139235	-7.9938173	305000	-5.9485437e-08	17.425488	-0.0016541111	-14.755357	0.10045899	0.021347804	0.245	2.0	68724.66859197617
305	-5.8	0.0	-5.8	-5.8	113.0	-9.2099285	1.4942565	-4.970527	-9.814454	306000	-1.1432171e-07	6.395744	-0.005763092	-5.95942	0.100299716	0.015955038	0.186	8.0	69379.18642115593
306	-22.48	12.299999	-10.18	-34.78	381.5	-4.2532587	1.8215833	-2.7630157	-7.3676825	307000	-1.013279e-09	1.9004096	-0.010231397	-1.1637199	0.099992484	0.012967229	0.106	79.0	69775.12899065018
307	-14.5025	2.4984736	-11.91	-18.28	210.5	-4.7476463	2.5524702	-0.6314546	-7.622218	308000	1.975149e-08	5.517504	-0.007028735	-4.5272856	0.109465726	0.009970195	0.109	79.0	70040.10234093666
308	-12.11	0.0	-12.11	-12.11	226.0	-5.658164	0.9474463	-2.581007	-6.198427	309000	8.612871e-09	1.2820314	-0.0014972638	-1.1417255	0.09796792	0.018792735	0.247	3.0	70662.17022585869
309	-10.7	0.0	-10.7	-10.7	176.0	-4.7167535	0.6628685	-1.4280237	-6.997059	310000	-2.7775764e-08	17.142292	-0.010947844	-14.259741	0.0979108	0.015295403	0.12	25.0	71426.01748156548
310	-13.7300005	3.4700003	-10.26	-17.2	223.5	-8.269524	1.1829262	-5.5242505	-9.312794	311000	3.248453e-09	9.242976	-0.0047895815	-7.9111147	0.10164034	0.01661667	0.255	3.0	71940.98754525185
311	-11.697499	1.2038351	-9.98	-13.25	172.25	-6.0179706	3.3521492	3.207399	-9.742685	312000	-1.5199184e-09	6.7411	-0.004263795	-2.4478197	0.10215534	0.022902222	0.274	2.0	72224.79125666618
312	-13.0425	4.4694657	-8.72	-20.28	205.5	-5.8977194	2.3226364	-0.6748986	-8.23806	313000	-2.4020672e-08	7.0016212	-0.0039624493	-5.1863785	0.10230489	0.031777285	0.357	2.0	72517.61361765862
313	-14.89	1.8126225	-12.67	-17.11	192.66667	-4.1074643	2.0760164	-0.4716787	-6.590473	314000	1.5318394e-08	5.1196494	-0.002209232	-3.7898197	0.10237094	0.018402047	0.266	3.0	72857.6794269085
314	-50.71	0.0	-50.71	-50.71	801.0	-4.0031204	0.82210743	-3.5259686	-5.7438884	315000	3.159046e-08	4.1958704	-0.0041965656	-3.112954	0.102378815	0.039610837	0.37	2.0	73479.30555772781
315	-11.12	2.0445213	-9.23	-13.96	185.33333	-5.372499	1.7314701	-0.91338587	-6.6433597	316000	-9.909272e-10	5.7258325	0.0016282911	-1.7869561	0.102291465	0.020700503	0.232	2.0	73962.36506438255
316	-88.43	0.0	-88.43	-88.43	1000.0	-3.0397222	1.6526524	-1.382313	-7.8365684	317000	1.9073487e-09	32.795265	0.008528687	-30.196167	0.10223176	0.017887384	0.301	2.0	73977.07113075256
317	-15.0824995	3.5667305	-10.81	-18.65	231.0	-7.91408	1.1304551	-6.0228686	-8.805447	318000	2.9027461e-08	20.499075	-0.002528955	-17.48729	0.10222746	0.019349251	0.267	2.0	74142.88076806068
318	-11.57	6.216663	-3.8	-20.98	201.25	-5.525677	1.0249108	-3.7218862	-6.2495456	319000	4.3809414e-09	4.780634	-0.0037626564	-3.7660575	0.10209406	0.025633741	0.323	3.0	74489.63327765465
319	-18.83	16.187717	-7.07	-41.72	284.33334	-2.5777888	0.16501868	-2.4856539	-5.431733	320000	6.824732e-08	8.913859	-0.0027604548	-6.11203	0.101821296	0.023454027	0.206	3.0	74958.34361290932
320	-15.2675	4.529908	-9.2	-21.98	243.75	-4.9402575	0.5793168	-3.6351676	-5.7165112	321000	1.02072955e-08	4.294623	-0.003237187	-1.693126	0.10153466	0.019314293	0.211	8.0	75292.85602712631
321	-99.63	0.0	-99.63	-99.63	1000.0	-4.7242517	0.03310422	-3.7056806	-4.7396626	322000	-1.4281272e-07	25.892925	0.016480831	-24.006664	0.10043485	0.026927238	0.42	14.0	76215.66774559021
322	-16.1425	2.7282627	-13.26	-20.63	225.5	-7.724125	1.7507782	-5.6191807	-9.616966	323000	3.5643577e-08	15.614309	-0.0022428094	-12.550388	0.09912407	0.016302694	0.226	4.0	76467.49066853523
323	-13.6779995	8.28352	-6.33	-29.77	199.6	-4.970955	0.6953516	-3.0888937	-6.3472805	324000	1.4424324e-08	5.756415	-0.009545709	-2.8284698	0.099008776	0.009594313	0.102	79.0	76812.62453365326
324	-13.063333	0.45094967	-12.57	-13.66	206.0	-3.939391	0.69214857	-2.6081944	-5.2309384	325000	1.8298627e-08	2.8329182	-0.0076466342	-1.4339318	0.08677882	0.017036742	0.112	2.0	77156.7441265583
325	-17.1225	7.335129	-8.72	-28.82	249.25	-4.897122	0.8993141	-3.4849806	-6.2185664	326000	2.2068619e-08	2.339804	-0.006333447	-0.93563986	0.086569786	0.01571762	0.169	53.0	77461.17720770836
326	-11.124	3.3001673	-6.81	-15.19	187.6	-2.690475	0.40239364	-1.9511287	-3.5242808	327000	2.0861626e-09	3.0050347	-0.013991915	-0.61539936	0.080441765	0.008462654	0.115	79.0	77691.70967435837
327	-13.985	6.8717923	-7.77	-25.62	193.0	-4.920042	1.1101336	-3.1243095	-6.168724	328000	2.4810434e-09	3.4953153	-0.0006589206	-0.6736028	0.07231568	0.032232054	0.328	2.0	77924.34815263748
328	-11.005	3.7075498	-5.93	-14.68	161.0	-4.899706	1.7099777	-2.674792	-7.079161	329000	-1.0669232e-08	4.0027943	-0.006630933	-2.5549111	0.07206595	0.015692832	0.213	4.0	78198.1789586544
329	-30.625	14.445	-16.18	-45.07	452.5	-4.3478556	1.4987096	-2.5707178	-7.3926826	330000	1.513958e-08	3.0098195	-0.0037527238	-0.9996264	0.07166544	0.016007686	0.169	8.0	78709.14552760124
330	-13.595	4.1998186	-7.24	-17.52	211.0	-4.276671	0.90955746	-2.7714047	-5.3389215	331000	-4.4107438e-08	2.4370642	-0.008033091	-0.23795319	0.070366085	0.01643019	0.219	11.0	79023.51991319656
331	-13.195	3.3549995	-9.84	-16.55	222.0	-4.8439755	0.7639425	-3.632958	-6.01538	332000	-1.9848347e-08	1.2294705	-0.0049056956	-0.5986561	0.068572775	0.031055195	0.356	3.0	79328.87847471237
332	-12.709999	2.48	-10.23	-15.19	185.5	-3.6464095	0.5230656	-2.723169	-6.675391	333000	1.1742115e-08	3.0680811	-0.01198467	-2.0378265	0.068204224	0.005328365	0.107	79.0	79961.497027874
333	-13.96	1.6000004	-12.36	-15.56	220.5	-6.317448	1.6035112	-3.1332464	-8.101382	334000	-4.991889e-08	4.147549	-0.0084871445	-3.41428	0.05841926	0.0043400065	0.064	79.0	80347.99163079262
334	-11.656	3.0122457	-7.81	-16.5	182.8	-3.664276	0.8147777	-2.6700625	-6.713124	335000	-3.4779312e-08	2.5556035	-0.0048443703	-0.99917126	0.053078964	0.015030669	0.2	4.0	80559.99997162819
335	-126.65	0.0	-126.65	-126.65	1000.0	-4.3315477	0.027520517	-4.2648387	-4.802003	336000	-2.3031235e-07	65.20353	-0.0057386626	-61.106213	0.053021282	0.0013796531	0.042	79.0	80574.32347655296
336	-23.695	8.375	-15.32	-32.07	345.0	-11.299279	1.2511476	-8.94195	-12.664889	337000	-7.891655e-08	31.717947	-0.005157567	-29.842161	0.06314629	0.017971642	0.232	5.0	80891.35957336426
337	-125.39	0.0	-125.39	-125.39	1000.0	-7.2827253	0.033252854	-7.228994	-8.045136	338000	2.0194054e-07	27.93619	-0.007892302	-25.235222	0.06306584	0.0007615977	0.036	79.0	80906.34535503387
338	-10.86	0.0	-10.86	-10.86	166.0	-12.263207	0.13644305	-11.935794	-12.3273945	339000	-4.4703483e-10	13.055068	0.00033469326	-11.730492	0.054735236	0.016601676	0.224	2.0	81004.59350347519
339	-13.403999	3.0410888	-10.89	-19.13	199.8	-5.764405	1.390583	-3.7861116	-10.28201	340000	2.4318695e-08	8.78675	0.001728616	-6.487788	0.054577235	0.021797616	0.351	2.0	81232.70651984215
340	-16.325	5.892845	-9.63	-24.46	231.25	-4.870515	0.91465455	-3.1849968	-6.575953	341000	-1.7266721e-08	4.263005	-6.934171e-05	-1.9694965	0.054353047	0.01602633	0.189	2.0	81501.15057134628
341	-72.26	0.0	-72.26	-72.26	1000.0	-1.297795	0.5909464	-0.66830146	-5.3784013	342000	-1.7690658e-07	30.56768	-0.00094976736	-29.256144	0.05419776	0.02356005	0.376	2.0	82410.80195045471
342	-19.58	0.0	-19.58	-19.58	299.0	-6.616784	0.034603275	-6.5373487	-6.6959543	343000	-2.7239322e-08	3.4511516	0.0041831275	-2.2398672	0.0539696	0.015329163	0.234	2.0	83046.76700592041
343	-55.64	0.0	-55.64	-55.64	1000.0	-5.178495	0.0018111463	-5.1723094	-5.1793785	344000	2.0354987e-08	0.2890334	0.0037280445	-0.049697533	0.053799942	0.018028587	0.232	2.0	83966.26680350304
344	-17.83	8.585907	-10.81	-29.92	267.0	-6.0150867	0.87797713	-5.0623336	-7.1083727	345000	-2.2858382e-08	4.4365425	-0.0041934643	-2.0682745	0.05369601	0.016232625	0.211	9.0	84438.61161446571
345	-18.62	3.6600003	-14.96	-22.28	277.5	-4.6916857	0.1337113	-4.545457	-5.5624647	346000	-4.8935412e-08	10.262976	-0.002572882	-7.9780426	0.05331722	0.01603693	0.313	3.0	84952.83088684082
346	-123.77	0.0	-123.77	-123.77	1000.0	-9.258815	0.47248587	-8.325885	-9.834052	347000	4.315376e-08	9.678571	-0.006011564	-8.435914	0.05327726	0.016481055	0.296	26.0	84972.65035486221
347	-12.51	1.2199998	-11.29	-13.73	199.5	-9.285924	1.4795597	-7.7593045	-12.256866	348000	-1.2516975e-09	19.127945	-0.012025262	-17.467178	0.051566035	0.007006826	0.056	79.0	85317.9638748169
348	-71.19	0.0	-71.19	-71.19	1000.0	-8.110695	0.0055899112	-8.102022	-8.12788	349000	8.3208086e-08	1.0339953	-0.0076679243	-0.9619472	0.027754296	0.0042508007	0.054	79.0	86137.93600463867
349	-12.555	4.6753097	-8.68	-20.55	203.75	-1.9133728	1.7366972	-0.7456334	-7.1484423	350000	-5.4895878e-08	7.5361533	-0.008244485	-5.7683105	0.019103212	0.016355446	0.145	4.0	86344.26723742485
350	-19.5	0.0	-19.5	-19.5	265.0	-4.530062	0.9127532	-2.8525732	-5.093634	351000	-4.673004e-08	19.96378	0.0015516642	-17.898058	0.018970724	0.025049174	0.358	2.0	87073.36930799484
351	-16.48	1.9645993	-14.11	-19.5	235.25	-6.4746	2.043108	-4.1518316	-9.767501	352000	-2.8938056e-08	11.45012	-0.0007324354	-9.44699	0.018921018	0.018017787	0.229	4.0	87240.87588357925
352	-15.56	4.7510915	-11.35	-22.2	238.0	-4.2498546	0.6476062	-3.1148415	-5.3642807	353000	4.2766333e-09	3.0010087	-0.004303798	-1.4676813	0.018838327	0.03729464	0.317	3.0	87514.3734498024
353	-48.15	0.0	-48.15	-48.15	981.0	-4.9816065	0.5452853	-3.1662805	-6.3036933	354000	2.9653311e-08	1.804387	-0.007230841	-1.2644233	0.0187724	0.015087532	0.099	40.0	88311.4458181858
354	-13.3775	4.2679057	-8.09	-18.48	202.25	-4.6447453	1.8789297	-2.775746	-8.270868	355000	2.463162e-08	4.5598083	-0.013747305	-3.3368192	0.01719622	0.015218999	0.218	15.0	88556.26093626022
355	-14.210001	4.8300004	-9.38	-19.04	199.5	-4.042522	0.31204233	-3.356003	-4.5826993	356000	5.4359436e-08	23.61299	-0.012862953	-20.018503	0.0153640425	0.011590494	0.177	79.0	89131.73970103264
356	-14.96	1.7300005	-13.23	-16.69	229.5	-5.0215473	1.2129681	-3.593205	-7.2994227	357000	-9.275973e-09	1.5752295	-0.0030085214	-0.93733865	0.028933937	0.016941715	0.193	2.0	89550.87561821938
357	-119.68	0.0	-119.68	-119.68	1000.0	-8.6266775	0.11771796	-6.682948	-8.775979	358000	1.4066696e-08	15.703351	-0.0058327527	-11.205466	0.029065104	0.0062307324	0.051	79.0	90549.00735998154
358	-13.105	5.25657	-5.07	-18.68	212.0	-7.7594395	1.2350217	-6.3101907	-11.993312	359000	-3.7252903e-08	14.175243	-0.00651713	-12.977568	0.02889672	0.017690638	0.129	11.0	90812.85169935226
359	-117.28	0.0	-117.28	-117.28	1000.0	-9.112983	0.5819193	-7.8877425	-9.570122	360000	-2.861023e-09	7.938145	0.0059239236	-7.5469203	0.0279929	0.016825972	0.261	3.0	91712.63709664345
360	-14.36	0.5	-13.86	-14.86	212.0	-6.286786	2.9036496	-3.5027757	-11.596296	361000	2.4318695e-08	9.845668	0.0058092074	-9.037065	0.027734142	0.03555192	0.339	2.0	91908.61326217651
361	-21.29	14.925873	-8.94	-42.29	329.66666	-4.825392	1.3172559	-2.8799052	-8.168395	362000	-2.9951334e-08	2.156003	-0.0014605882	-0.41864574	0.027622717	0.015108442	0.191	4.0	92487.24154853821
362	-13.346667	6.871974	-6.87	-22.86	202.0	-4.348965	1.5128874	-1.6105635	-5.4425693	363000	3.451109e-08	10.25128	-0.010495687	-7.839958	0.027588543	0.0023036653	0.054	79.0	92713.18035078049
363	-23.07	1.46	-21.61	-24.53	370.5	-4.5918975	2.8546817	-2.553862	-9.59944	364000	-1.00672246e-07	3.5077431	-0.012653075	-2.9352415	0.02166606	0.007285916	0.094	79.0	93128.41527318954
364	-12.355	2.0149999	-10.34	-14.37	201.5	-6.007266	2.439369	-2.4190202	-8.922062	365000	4.6677886e-08	1.7088697	-0.004732247	-1.3090425	0.02308702	0.016788876	0.155	2.0	93360.44282579422
365	-17.939999	0.64000034	-17.3	-18.58	258.0	-3.0986607	0.99820447	-1.6001744	-7.672273	366000	1.0371208e-08	7.8579984	0.0041198665	-7.4691463	0.02322774	0.023554703	0.231	4.0	93566.38349699974
366	-15.829999	1.4860238	-14.71	-17.93	245.33333	-6.5923533	1.2093023	-2.7474835	-7.8832145	367000	-3.3318997e-08	7.75372	-0.0011870136	-6.8200207	0.023578756	0.024706064	0.313	1.0	93764.04955863953
367	-80.41	0.0	-80.41	-80.41	1000.0	-7.457498	0.2867067	-6.780452	-8.425644	368000	1.0550022e-08	0.8403078	0.00886294	-0.5220904	0.023626516	0.020865126	0.245	14.0	94577.12608194351
