Epoch	AverageEpRet	StdEpRet	MaxEpRet	MinEpRet	EpLen	AverageVVals	StdVVals	MaxVVals	MinVVals	TotalEnvInteracts	LossPi	LossV	DeltaLossPi	DeltaLossV	Entropy	KL	ClipFrac	StopIter	Time
0	-127.63	0.0	-127.63	-127.63	1000.0	-0.4929189	0.0017332428	-0.48909235	-0.5018587	1000	2.0503998e-08	135.17072	-0.0044188844	-116.88443	0.918938	0.003849327	0.048	79.0	20.448825359344482
1	-52.47	0.0	-52.47	-52.47	1000.0	-7.2746925	0.040227458	-7.2445626	-8.489507	2000	-9.88245e-08	6.1037407	-0.0019574435	-4.664142	0.9109746	0.016193882	0.206	3.0	696.1924335956573
2	-142.56	0.0	-142.56	-142.56	1000.0	-8.400746	0.104603544	-5.094736	-8.40838	3000	2.579689e-07	36.165165	-0.0054670176	-31.194458	0.9110077	0.0017253116	0.041	79.0	713.8880791664124
3	-88.64	0.0	-88.64	-88.64	1000.0	-12.875879	0.0017913491	-12.875386	-12.932177	4000	-1.6832351e-07	13.574391	-0.0017150197	-12.933504	0.9234746	0.015370635	0.279	3.0	737.8685572147369
4	-79.7	0.0	-79.7	-79.7	1000.0	-7.511507	0.05727536	-7.507275	-9.312072	5000	-3.159046e-08	0.40778548	-0.001012777	-0.10978472	0.9236823	0.024384875	0.214	3.0	764.9765310287476
5	-93.9	0.0	-93.9	-93.9	1000.0	-9.426403	0.048912607	-7.8804884	-9.428614	6000	3.4384429e-09	0.07001597	-0.003937912	-0.0018457472	0.9239804	0.026829353	0.273	3.0	790.8331925868988
6	-109.25	0.0	-109.25	-109.25	1000.0	-6.952264	0.07770382	-6.9443197	-9.391023	7000	1.7690658e-07	13.755292	-0.002118733	-13.11968	0.92402506	0.02020953	0.228	3.0	808.5534977912903
7	-135.56	0.0	-135.56	-135.56	1000.0	-11.318045	0.024003692	-10.559542	-11.320104	8000	-6.651879e-08	6.2928896	-0.0042041047	-5.139086	0.9239095	0.0024020816	0.027	79.0	826.2167656421661
8	-115.54	0.0	-115.54	-115.54	1000.0	-12.456203	0.033387545	-12.453432	-13.510342	9000	-6.437302e-09	0.7888776	-0.004547281	-0.57563114	0.9286329	0.003980903	0.025	79.0	847.1319532394409
9	-86.76	0.0	-86.76	-86.76	1000.0	-12.521604	0.025868617	-11.703986	-12.522914	10000	7.6293944e-08	12.4499035	-0.002886655	-11.911685	0.92554045	0.020326521	0.293	3.0	864.6794054508209
10	-91.36	0.0	-91.36	-91.36	1000.0	-9.72124	0.022243727	-9.066245	-9.728277	11000	1.2242793e-07	0.3207514	-0.0075578867	-0.27826637	0.9255313	0.004877124	0.037	79.0	1387.2235589027405
11	-115.06	0.0	-115.06	-115.06	1000.0	-9.219193	0.0010922002	-9.188699	-9.219746	12000	6.890297e-08	4.4821014	-0.0015916533	-3.9528887	0.9166563	0.017948724	0.202	3.0	1411.048041343689
12	-84.63	0.0	-84.63	-84.63	1000.0	-10.7921715	0.013139226	-10.7915535	-11.20737	13000	1.07765196e-07	5.4483705	-0.0066579683	-4.997442	0.9164779	0.0062788147	0.063	79.0	1438.3224096298218
13	-143.71	0.0	-143.71	-143.71	1000.0	-10.100985	0.04909503	-8.580568	-10.124971	14000	6.723404e-08	22.602516	-0.0033017402	-18.721796	0.9089824	0.0022714739	0.011	79.0	1459.2654387950897
14	-149.89	0.0	-149.89	-149.89	1000.0	-13.994633	0.014999147	-13.9909315	-14.466922	15000	-4.1246413e-08	1.8877084	-0.0077719605	-1.2567341	0.9126544	0.0039209025	0.061	79.0	1477.2660710811615
15	-83.44	0.0	-83.44	-83.44	1000.0	-14.360928	0.024396656	-14.359361	-15.131919	16000	-1.6212464e-08	32.37112	-0.0029172953	-30.654762	0.90043324	0.018736146	0.343	3.0	1501.698587179184
16	-127.95	0.0	-127.95	-127.95	1000.0	-9.893435	0.03285113	-8.8555765	-9.895476	17000	-7.152557e-09	10.6583805	-0.005598987	-8.756492	0.9002639	0.0056154653	0.038	79.0	1521.3440821170807
17	-150.51	0.0	-150.51	-150.51	1000.0	-14.060286	0.037843663	-12.864185	-14.061806	18000	-4.440546e-08	6.061701	-0.0012883501	-1.8466702	0.8959231	0.01887849	0.266	3.0	1540.6858596801758
18	-127.22	0.0	-127.22	-127.22	1000.0	-14.592319	0.027116073	-14.58305	-15.446019	19000	3.0875206e-08	4.1465297	-0.004085071	-1.808399	0.8959096	-0.0006629535	0.042	79.0	1559.9825546741486
19	-71.75	0.0	-71.75	-71.75	928.0	-12.223587	0.047371518	-12.094511	-13.236893	20000	2.2530555e-08	30.701733	-0.005203569	-27.308022	0.88273346	0.016347572	0.136	16.0	2136.2785878181458
20	-149.35	0.0	-149.35	-149.35	1000.0	-9.40524	0.075627714	-7.0193353	-9.415178	21000	1.8620491e-07	32.14251	-0.005762134	-28.833733	0.88191545	0.002956973	0.06	79.0	2154.279415369034
21	-174.83	0.0	-174.83	-174.83	1000.0	-14.773475	0.00030501318	-14.773143	-14.782071	22000	3.8146974e-09	11.265749	-0.009355889	-8.121411	0.86712444	0.0070805745	0.069	79.0	2172.325078010559
22	-32.14	6.13	-26.01	-38.27	378.5	-16.13487	2.1143339	-12.392776	-17.683346	23000	2.3841857e-09	101.18155	-0.004382289	-95.276024	0.86431307	0.02496888	0.336	3.0	2347.480693101883
23	-145.77	0.0	-145.77	-145.77	1000.0	-13.110818	0.1243211	-9.209643	-13.1307335	24000	4.130602e-08	5.528355	-0.00019262744	-2.77804	0.86445254	0.019942729	0.234	2.0	2365.6562025547028
24	-104.66	0.0	-104.66	-104.66	1000.0	-9.408572	0.17106962	-9.392107	-14.809344	25000	-5.0365927e-08	1.2658458	-0.008580556	-0.7428669	0.86455184	0.005309413	0.073	79.0	2384.54567027092
25	-20.21	0.0	-20.21	-20.21	300.0	-13.109092	3.206333	-8.215094	-15.228817	26000	7.18236e-08	9.157511	-0.0057117743	-5.0531487	0.86141413	0.020557793	0.24	4.0	2492.630738258362
26	-196.37	0.0	-196.37	-196.37	1000.0	-15.321443	0.04138396	-14.037978	-15.329474	27000	-8.940697e-09	24.853941	-0.00097260973	-19.837444	0.861027	0.0028853528	0.019	79.0	2510.822613954544
27	-170.16	0.0	-170.16	-170.16	1000.0	-19.741787	0.011638095	-19.698702	-19.859049	28000	7.43866e-08	8.673017	-0.0018488698	-4.8096466	0.8571477	0.020723447	0.276	3.0	2529.8220858573914
28	-165.58	0.0	-165.58	-165.58	1000.0	-19.235292	0.07832897	-16.761248	-19.240538	29000	-7.432699e-08	9.368478	-0.0058169966	-3.8186188	0.8569906	0.0013749371	0.027	79.0	2548.3931641578674
29	-113.03	0.0	-113.03	-113.03	1000.0	-10.884244	0.19589408	-10.814318	-17.023825	30000	2.592802e-09	1.5666549	-0.0035887102	-0.20524573	0.85824275	0.017895227	0.222	3.0	2623.4695324897766
30	-45.66	0.0	-45.66	-45.66	1000.0	-6.456287	0.14993273	-6.4231267	-11.077102	31000	-2.2232532e-08	6.6116877	-0.0064802356	-4.45671	0.85787827	0.0030412986	0.04	79.0	3431.6133692264557
31	-128.1	0.0	-128.1	-128.1	1000.0	-17.229387	0.40990406	-4.323496	-17.273533	32000	-1.0561943e-07	16.354063	-0.011299673	-14.260505	0.8520768	0.00080106914	0.075	79.0	3450.072521209717
32	-194.39	0.0	-194.39	-194.39	1000.0	-15.6203785	0.10237148	-13.423404	-15.705703	33000	1.2040139e-08	20.26841	-0.0056865695	-15.581073	0.8276018	0.00300377	0.028	79.0	3467.9207108020782
33	-179.34	0.0	-179.34	-179.34	1000.0	-19.589159	0.0019722185	-19.584232	-19.601305	34000	1.5497207e-08	10.253679	-0.006008109	-0.6949177	0.82240266	0.01641631	0.272	2.0	3485.701350212097
34	-171.64	0.0	-171.64	-171.64	1000.0	-18.76673	0.003722999	-18.749063	-18.770464	35000	-4.23193e-09	7.6812153	-0.010550838	-1.0686855	0.82220477	-0.0021229282	0.073	79.0	3503.845712661743
35	-101.62	0.0	-101.62	-101.62	1000.0	-10.049989	0.24112947	-9.970561	-17.6078	36000	-1.423806e-08	0.729045	-0.010071624	-0.14849406	0.82975185	0.009155548	0.093	79.0	3521.982486009598
36	-45.95	0.0	-45.95	-45.95	1000.0	-4.6516943	0.17149565	-4.624105	-10.065355	37000	4.7311186e-09	3.2366152	-0.0018885472	-0.32832146	0.79935914	0.016588604	0.203	3.0	4240.551116466522
37	-65.49	0.0	-65.49	-65.49	957.0	-15.910357	2.4855356	-4.1480474	-16.449278	38000	-8.46386e-09	107.76625	-0.00683776	-104.90654	0.7988074	0.024252648	0.425	4.0	4818.537209033966
38	-22.29	0.0	-22.29	-22.29	356.0	-5.278857	0.95794356	-3.9927232	-5.9929566	39000	1.0490417e-08	4.376621	-0.00546422	-2.8845434	0.79804224	0.007927857	0.113	79.0	4929.3679831027985
39	-58.68	0.0	-58.68	-58.68	1000.0	-4.429821	0.11194374	-4.4257803	-7.968016	40000	2.8133393e-08	2.759448	-0.004593089	-0.76024497	0.7898623	0.0031144493	0.032	79.0	4952.820333957672
40	-155.56	0.0	-155.56	-155.56	1000.0	-7.7396607	0.10902451	-5.3074675	-7.8235373	41000	-4.720688e-08	60.260197	-0.0045389817	-55.706467	0.80271584	0.015088942	0.258	2.0	4972.6247799396515
41	-154.48	0.0	-154.48	-154.48	1000.0	-16.190878	0.030722415	-15.222529	-16.196075	42000	-2.5048852e-08	5.6630793	-0.0013439708	-0.08281469	0.8028968	0.018163063	0.211	6.0	4990.73944067955
42	-138.87	0.0	-138.87	-138.87	1000.0	-15.451183	0.022248704	-15.3939705	-15.984402	43000	-6.9737434e-09	4.018103	-0.0034700467	-1.0467205	0.8029337	0.015982972	0.193	2.0	5010.310813188553
43	-170.08	0.0	-170.08	-170.08	1000.0	-15.378128	0.03087672	-14.4161415	-15.384992	44000	-5.185604e-09	8.525222	0.0054712235	-3.9629812	0.8028604	0.015626403	0.287	2.0	5028.605718135834
44	-108.11	0.0	-108.11	-108.11	1000.0	-14.472354	0.12454853	-14.202406	-17.341097	45000	3.9339067e-08	10.646199	-0.007960211	-9.380734	0.80280596	-0.0011423926	0.041	79.0	5063.174739122391
45	-81.13	0.0	-81.13	-81.13	1000.0	-10.726663	0.008778046	-10.721862	-10.987849	46000	2.28405e-07	6.462601	-0.004926343	-5.9614778	0.79758376	0.021713173	0.314	2.0	5518.620078086853
46	-148.61	0.0	-148.61	-148.61	1000.0	-15.019555	0.22003694	-8.294175	-15.075302	47000	1.2649223e-08	2.2811751	-0.0075418744	-0.26009965	0.79743385	0.00598721	0.056	79.0	5537.148374557495
47	-131.83	0.0	-131.83	-131.83	1000.0	-11.49452	0.13158768	-11.23704	-14.848236	48000	2.1457673e-08	3.8321445	-0.0064205383	-3.0932012	0.78477615	0.0040583885	0.03	79.0	5555.212592840195
48	-130.27	0.0	-130.27	-130.27	1000.0	-12.975682	0.02972234	-12.868504	-13.240241	49000	-3.0353664e-08	1.8609349	-0.006410123	-0.24810803	0.77597785	0.0012143225	0.054	79.0	5573.190172672272
49	-85.11	0.0	-85.11	-85.11	1000.0	-7.3083105	0.18298456	-7.2349086	-13.057301	50000	-1.9311905e-08	7.4493794	-0.0011668274	-1.8410125	0.7600768	0.016380183	0.192	3.0	6519.875731468201
50	-121.5	0.0	-121.5	-121.5	1000.0	-16.073065	0.24259457	-8.460768	-16.120918	51000	-1.0418892e-07	12.887213	-0.007826051	-11.690539	0.75979614	0.0015792687	0.045	79.0	6546.769030332565
51	-67.65	0.0	-67.65	-67.65	1000.0	-7.939329	0.14981794	-7.9334803	-12.674538	52000	-8.392334e-08	2.2394614	-0.0061285547	-1.6328793	0.75754005	0.004101926	0.042	79.0	7053.970082759857
52	-113.15	0.0	-113.15	-113.15	1000.0	-11.977783	0.16802643	-6.667099	-11.985193	53000	2.503395e-09	0.42968976	-0.0035951666	-0.3289988	0.75783074	0.01583634	0.252	4.0	7347.000077486038
53	-61.39	0.0	-61.39	-61.39	1000.0	-6.5029855	0.1552292	-6.4790893	-11.403195	54000	-3.8266183e-08	0.5560771	-0.0053053563	-0.24356812	0.7581631	0.017085241	0.156	9.0	7368.819039344788
54	-131.52	0.0	-131.52	-131.52	1000.0	-10.234984	0.1386502	-5.9947333	-10.290324	55000	-3.7908553e-08	9.798313	-0.0071032033	-8.483888	0.75898933	0.006121953	0.059	79.0	7387.270865917206
55	-150.87	0.0	-150.87	-150.87	1000.0	-12.462949	0.06259515	-12.228736	-13.129256	56000	-1.6212464e-08	10.5462885	-1.900208e-05	-7.4992566	0.7510403	0.015936028	0.231	3.0	7408.755991458893
56	-79.61	0.0	-79.61	-79.61	1000.0	-9.062289	0.19406532	-9.054828	-15.19598	57000	6.7949295e-09	1.6213579	-0.0056032063	-1.2762375	0.75121087	0.020641746	0.241	2.0	7535.607737541199
57	-87.74	0.0	-87.74	-87.74	1000.0	-10.013262	0.07418305	-7.927389	-10.118929	58000	6.175041e-08	2.4125102	-0.0071530277	-1.7757607	0.7513396	0.0048542493	0.05	79.0	7556.911378145218
58	-97.63	0.0	-97.63	-97.63	1000.0	-14.512646	0.18386395	-8.701264	-14.5185795	59000	7.677078e-08	21.280745	-0.0031618925	-19.682425	0.76078516	0.019912276	0.198	3.0	7581.978048324585
59	-75.72	0.0	-75.72	-75.72	1000.0	-10.08826	7.567359e-05	-10.087885	-10.088626	60000	1.3875962e-07	7.356933	-0.002847178	-6.2116747	0.7609157	0.00432104	0.027	79.0	7655.9549243450165
60	-66.93	0.0	-66.93	-66.93	1000.0	-7.579448	0.000742524	-7.578447	-7.596036	61000	5.6564808e-08	1.391318	-0.0058202553	-0.8758221	0.75710976	0.0037066117	0.053	79.0	7906.067909240723
61	-77.22	0.0	-77.22	-77.22	1000.0	-3.197488	0.10906438	-3.1599803	-6.631502	62000	-4.1532516e-07	16.57009	-0.007073975	-15.781726	0.74133855	0.0032815605	0.025	79.0	8525.23186659813
62	-60.67	0.0	-60.67	-60.67	1000.0	-8.429476	0.0412882	-7.124844	-8.433877	63000	1.1920929e-08	7.0202456	-0.005842788	-5.7379737	0.75400496	0.001686379	0.039	79.0	9216.621230125427
63	-115.42	0.0	-115.42	-115.42	1000.0	-6.267554	0.007660981	-6.025874	-6.268872	64000	3.683567e-08	31.011211	-0.009305832	-25.447283	0.742404	0.005644654	0.079	79.0	9834.949023008347
64	-98.04	0.0	-98.04	-98.04	1000.0	-11.289462	0.0005024323	-11.281214	-11.290283	65000	6.6637995e-08	2.8853126	-0.007860687	-1.6583093	0.7164168	7.0838454e-05	0.073	79.0	10375.011171102524
65	-78.49	0.0	-78.49	-78.49	1000.0	-9.228217	0.027190622	-9.199831	-10.010545	66000	-1.4901161e-08	3.446312	-0.0007650923	-2.3003864	0.7029836	0.018611448	0.233	3.0	10396.858449459076
66	-37.59	0.0	-37.59	-37.59	481.0	-8.265031	0.014890612	-7.794928	-8.266416	67000	-1.6033649e-08	6.127931	-0.007218276	-1.8204618	0.70291156	0.0067910906	0.091	79.0	10678.19400715828
67	-28.3	0.0	-28.3	-28.3	416.0	-8.211532	1.0876204	-6.917414	-9.131506	68000	8.789822e-09	4.286052	-0.0075409985	-2.7235272	0.70399	0.01505431	0.117	78.0	10913.012244224548
68	-33.52	0.0	-33.52	-33.52	482.0	-6.0720577	1.0531054	-4.9846287	-10.61759	69000	6.1914323e-09	1.8427993	-0.004067011	-0.121373534	0.7196811	0.015936282	0.262	3.0	11204.596128940582
69	-26.32	0.52999973	-25.79	-26.85	433.5	-5.6679344	0.32452172	-5.276606	-6.730281	70000	-1.952052e-09	4.6990376	-0.011773051	-2.135999	0.720032	0.00852927	0.125	79.0	11525.954409599304
70	-70.21	0.0	-70.21	-70.21	1000.0	-6.7939725	0.0047751325	-6.786456	-6.8070183	71000	-2.4423004e-08	0.7991515	-0.007994868	-0.064055264	0.7096634	0.0036805584	0.037	79.0	11545.607061862946
71	-81.61	0.0	-81.61	-81.61	1000.0	-8.509303	0.071041316	-6.8032928	-8.634298	72000	-9.834767e-09	0.31523088	-0.001695314	-0.21604496	0.6858329	0.016317757	0.256	4.0	11849.04568696022
72	-146.74	0.0	-146.74	-146.74	1000.0	-6.9001017	0.05430569	-6.8590403	-8.297791	73000	-8.869171e-08	58.536087	0.00056165055	-54.816147	0.68515587	0.016128203	0.196	3.0	11868.832626104355
73	-113.0	0.0	-113.0	-113.0	1000.0	-13.18425	0.03446469	-13.181466	-14.2732525	74000	2.384186e-10	3.1638267	-0.0017389249	-2.2744389	0.6846351	0.01741229	0.243	2.0	11910.436525821686
74	-34.74	0.0	-34.74	-34.74	398.0	-12.024548	0.38766256	-11.695715	-12.534296	75000	1.1622905e-08	21.036814	-0.0071557336	-18.051403	0.68416315	0.018551698	0.172	8.0	12110.950573682785
75	-157.07	0.0	-157.07	-157.07	1000.0	-10.278039	0.024798848	-9.496422	-10.282323	76000	2.1553039e-07	30.988192	-0.004418042	-27.95264	0.6821555	0.005220662	0.04	79.0	12130.249256372452
76	-84.15	0.0	-84.15	-84.15	1000.0	-13.041341	0.07927275	-13.035546	-15.545243	77000	6.2227247e-07	18.545492	-0.009918316	-17.275553	0.6774423	0.0046404186	0.077	79.0	12148.804312229156
77	-129.77	0.0	-129.77	-129.77	1000.0	-11.091519	0.07043136	-8.86718	-11.099489	78000	-6.556511e-10	6.9521575	-0.008824039	-4.3886538	0.6737877	0.005977505	0.057	79.0	12166.7440097332
78	-73.57	0.0	-73.57	-73.57	1000.0	-9.350123	0.12038304	-9.340486	-13.153448	79000	-9.393692e-08	3.9676757	-0.008905843	-3.703165	0.65161484	0.005338096	0.073	79.0	12990.864841222763
79	-63.26	0.0	-63.26	-63.26	1000.0	-7.408468	0.0017058613	-7.4059362	-7.420338	80000	1.4317035e-07	1.4311739	-0.0057330043	-1.2548501	0.65753347	0.005624799	0.05	79.0	13812.620523691177
80	-93.2	0.0	-93.2	-93.2	1000.0	-11.996707	0.1796267	-6.3198442	-12.006788	81000	-1.9097328e-07	6.118306	-0.009309409	-5.379422	0.66668075	0.0014647468	0.031	79.0	13832.65142083168
81	-101.38	0.0	-101.38	-101.38	1000.0	-9.702177	0.0014516378	-9.700554	-9.706289	82000	3.4749508e-08	0.41124317	-0.002508903	-0.22918902	0.66292185	0.015372106	0.189	2.0	13851.785185098648
82	-30.57	0.0	-30.57	-30.57	471.0	-8.353877	2.3812485	-5.810178	-10.611779	83000	-8.8512895e-09	2.4493005	-0.005602933	-0.7550088	0.6627884	0.0017462313	0.054	79.0	14018.802226781845
83	-32.74	0.0	-32.74	-32.74	417.0	-5.985499	0.49391228	-5.5725756	-9.99615	84000	4.529953e-09	2.5697656	-0.005768354	-1.2710388	0.6596793	0.018039808	0.121	6.0	14727.70084476471
84	-82.92	0.0	-82.92	-82.92	1000.0	-10.091524	0.10723461	-6.7025523	-10.097468	85000	1.9812583e-07	2.8804123	-0.008786361	-2.7130556	0.6604284	0.010123198	0.079	79.0	14746.070708036423
85	-53.22	0.0	-53.22	-53.22	795.0	-9.080365	1.674274	-5.772481	-9.940922	86000	-1.7821788e-08	16.08717	-0.0030386574	-14.073051	0.65538454	0.022346284	0.302	3.0	15259.793023586273
86	-90.54	0.0	-90.54	-90.54	1000.0	-8.484368	0.06404905	-6.460081	-8.488222	87000	1.1432171e-07	0.25062054	-0.0054224064	-0.23014018	0.6551752	0.016358286	0.257	3.0	15278.210942029953
87	-25.273333	8.886958	-15.07	-36.73	331.66666	-5.4152775	0.4732905	-4.7580647	-8.966598	88000	-5.7518483e-09	4.3282633	-0.01258481	-0.41276193	0.6548105	0.008613983	0.095	79.0	15683.657065868378
88	-71.97	0.0	-71.97	-71.97	1000.0	-6.2989445	0.07837724	-6.296133	-8.77621	89000	-2.8371812e-08	1.0206935	-0.0070999553	-0.44122	0.66118914	0.0039486755	0.033	79.0	15977.953313350677
89	-9.91	0.0	-9.91	-9.91	147.0	-6.6918015	0.6720401	-5.012482	-6.970911	90000	-7.8976153e-10	2.8743486	-0.016261213	-0.5281668	0.6631185	0.0070063835	0.099	79.0	16031.887835502625
90	-18.99	0.0	-18.99	-18.99	264.0	-5.755919	1.3911301	-3.38634	-6.627057	91000	-1.7896294e-08	2.1221933	-0.0031065498	-0.9576955	0.6558134	0.018917881	0.129	3.0	16562.784854888916
91	-82.79	0.0	-82.79	-82.79	861.0	-5.909942	1.1206573	-5.308382	-8.703184	92000	1.9073486e-08	10.505382	-0.010174157	-8.064198	0.6556819	0.0019736069	0.04	79.0	16996.705932855606
92	-83.3	0.0	-83.3	-83.3	1000.0	-9.853894	0.015928695	-9.358424	-9.863042	93000	-3.3736228e-08	2.8991592	-0.0048738355	-2.2585804	0.65828425	0.018580845	0.085	2.0	17022.335424661636
93	-37.585	1.0450001	-36.54	-38.63	436.0	-5.9214373	0.86536705	-5.5013013	-8.350491	94000	-2.384186e-10	5.25511	-0.0036763311	-1.2971563	0.6584066	0.020130614	0.234	2.0	17490.744557857513
94	-84.62	0.0	-84.62	-84.62	1000.0	-6.917109	0.022986084	-6.903111	-7.635244	95000	-1.398325e-07	2.1040576	-0.005057199	-1.5142807	0.6585683	0.017230984	0.27	3.0	17510.04109454155
95	-87.19	0.0	-87.19	-87.19	1000.0	-8.999475	0.028047102	-8.153076	-9.032725	96000	3.4436585e-08	1.0442152	-0.004609098	-0.3251089	0.65865666	0.0021416515	0.033	79.0	17537.599614858627
96	-22.55	0.0	-22.55	-22.55	294.0	-8.578513	0.8395978	-7.151513	-9.126098	97000	-3.3378602e-09	6.3323064	-0.0073720124	-4.7012115	0.6528438	0.011701572	0.098	79.0	17835.91242980957
97	-24.596666	6.4813695	-15.46	-29.8	310.0	-5.3390727	0.48696443	-5.025944	-7.0186043	98000	1.6391277e-10	4.408988	-0.013787609	-2.1340668	0.6294713	0.009768119	0.096	79.0	18332.029897212982
98	-85.93	0.0	-85.93	-85.93	978.0	-7.896254	0.004411768	-7.8834944	-7.913454	99000	-4.0382147e-09	4.2374177	-0.003604202	-0.3874817	0.60734594	0.021431766	0.271	2.0	18710.7506814003
99	-99.81	0.0	-99.81	-99.81	1000.0	-7.8127675	0.021786109	-7.786828	-8.07875	100000	-1.2874604e-08	3.91014	2.8454304e-05	-3.5883355	0.6069128	0.01546221	0.355	2.0	18733.687332868576
100	-21.78	0.0	-21.78	-21.78	292.0	-8.682812	1.6136767	-5.722024	-9.720659	101000	-3.6001204e-08	2.064705	-0.0014842408	-1.3076369	0.60643554	0.02735178	0.297	3.0	18867.303876638412
101	-82.41	0.0	-82.41	-82.41	882.0	-7.0268564	0.64917094	-6.765411	-8.80123	102000	2.8848648e-08	4.724837	-0.0063472884	-2.1896656	0.6056205	0.0005539041	0.075	79.0	19438.948986053467
102	-95.23	0.0	-95.23	-95.23	1000.0	-9.704379	0.00023326994	-9.701357	-9.704768	103000	-1.0356307e-08	0.97539866	0.0008057232	-0.0018250942	0.59164166	0.015434815	0.279	2.0	19457.44084405899
103	-17.14	0.0	-17.14	-17.14	258.0	-9.1477995	0.99031734	-7.15906	-9.745649	104000	3.5226346e-08	10.335314	-0.0028283885	-9.295305	0.5913538	0.024950728	0.24	2.0	19612.909348249435
104	-47.04	0.0	-47.04	-47.04	550.0	-11.779826	0.8280254	-11.002893	-12.695231	105000	-2.9802322e-08	10.914683	-0.001854619	-9.189382	0.5910964	0.022866	0.244	2.0	19755.857533454895
105	-102.57	0.0	-102.57	-102.57	1000.0	-11.377865	5.6277542e-05	-11.377402	-11.378019	106000	-1.2040139e-08	1.2288371	-0.00070373033	-0.9146167	0.59093934	0.015839813	0.074	14.0	19774.14042687416
106	-77.26	0.0	-77.26	-77.26	1000.0	-6.7922626	0.11562616	-6.7793193	-10.416004	107000	-3.2305717e-08	1.1794549	-0.0023373659	-0.5056035	0.5897503	0.01624594	0.097	2.0	19799.498653888702
107	-68.25	0.0	-68.25	-68.25	932.0	-6.741075	0.91763324	-6.49267	-10.16957	108000	-8.393079e-09	1.5126786	-0.002563876	-0.026073217	0.5894349	0.016977867	0.305	3.0	20509.95902657509
108	-84.36	0.0	-84.36	-84.36	1000.0	-6.546134	0.11331889	-6.5385323	-10.12729	109000	3.6001204e-08	3.0393484	-0.0063822237	-2.8562336	0.5891117	0.0018031518	0.023	79.0	21163.97270679474
109	-41.11	0.0	-41.11	-41.11	662.0	-8.193773	0.041032013	-8.158291	-8.252166	110000	2.193451e-08	9.2177	-0.006190707	-8.099284	0.5994033	0.007963633	0.065	79.0	21529.58512043953
110	-113.35	0.0	-113.35	-113.35	1000.0	-6.218088	0.07270549	-6.179035	-8.262456	111000	-3.1328202e-07	22.773836	-0.0059842644	-21.776142	0.58410066	-0.0036872858	0.035	79.0	21548.310822725296
111	-16.48	0.0	-16.48	-16.48	202.0	-9.101231	0.9910437	-7.1501713	-10.900171	112000	-1.1372566e-07	18.599676	-0.0073239356	-16.22298	0.5971181	0.004430129	0.052	79.0	22096.827001333237
112	-27.305	11.805	-15.5	-39.11	456.0	-5.4506083	0.45003307	-5.2098913	-6.924149	113000	-4.842877e-09	3.8934848	-0.0064583723	-0.8521209	0.59632224	0.0056835976	0.083	79.0	22517.757319927216
113	-60.44	0.0	-60.44	-60.44	1000.0	-12.061323	0.14043868	-7.6225004	-12.067183	114000	1.475811e-07	34.11242	-0.009344036	-32.207905	0.5961269	0.00286884	0.07	79.0	22960.54218196869
114	-135.7	0.0	-135.7	-135.7	1000.0	-5.6063504	0.025224557	-5.59674	-6.39156	115000	1.4781952e-08	58.62887	-0.006497481	-55.388138	0.572319	0.0048243706	0.063	79.0	22978.890821933746
115	-139.64	0.0	-139.64	-139.64	1000.0	-7.2457604	0.18620624	-7.2016582	-12.963683	116000	3.5762786e-09	41.52338	-0.0072099064	-39.612984	0.5690805	0.004649336	0.024	79.0	22998.019434690475
116	-95.26	0.0	-95.26	-95.26	1000.0	-13.80863	0.009882717	-13.501976	-13.811328	117000	-4.8065186e-07	15.685196	-0.0071437196	-14.62729	0.56393784	0.003341567	0.069	79.0	23023.565100431442
117	-107.88	0.0	-107.88	-107.88	1000.0	-9.965283	1.3227225e-05	-9.965252	-9.9653015	118000	-1.3136864e-07	0.62646896	-0.005096724	-0.5887639	0.55614054	0.0048956843	0.036	79.0	23050.39976334572
118	-55.78	0.0	-55.78	-55.78	1000.0	-9.911496	0.026041225	-9.9076605	-10.733595	119000	-1.335144e-07	16.867477	-0.004216762	-15.816706	0.55278313	0.01623098	0.268	2.0	23785.183622598648
119	-121.05	0.0	-121.05	-121.05	1000.0	-7.9506106	0.06453078	-5.9147744	-7.959931	120000	1.2779236e-07	15.026923	-0.004063729	-14.493689	0.5527022	0.026208248	0.35	3.0	23806.27336215973
120	-134.32	0.0	-134.32	-134.32	1000.0	-11.671638	0.008583053	-11.651126	-11.758312	121000	1.6951562e-07	3.242475	-0.006478134	-2.9523158	0.55229527	0.0029880728	0.06	79.0	23825.59884572029
121	-22.49	0.0	-22.49	-22.49	345.0	-9.69017	0.11769239	-9.671145	-13.400552	122000	-9.179115e-08	11.889666	-0.0107426895	-8.665088	0.5433909	0.0074157743	0.095	79.0	24229.57069158554
122	-100.41	0.0	-100.41	-100.41	1000.0	-11.49885	0.15086344	-6.7305202	-11.503877	123000	2.849102e-08	2.1340005	-0.0021996696	-1.3368473	0.52263653	0.01837851	0.193	3.0	24249.867190122604
123	-121.04	0.0	-121.04	-121.04	1000.0	-10.355456	6.865003e-05	-10.353461	-10.355505	124000	6.2525274e-08	5.3292093	0.0004356397	-3.6089134	0.5220621	0.026192157	0.323	2.0	24269.441876649857
124	-20.59	0.0	-20.59	-20.59	269.0	-11.316876	2.1890273	-7.699967	-12.647556	125000	-5.1379203e-08	5.729124	-0.0050171223	-4.337623	0.52187514	0.0037688492	0.038	79.0	25004.548859357834
125	-15.355	1.6349996	-13.72	-16.99	253.5	-8.055779	2.9529018	-4.9056983	-11.060419	126000	2.6345253e-08	3.5665708	-0.012826638	-1.6079383	0.51971596	0.011819578	0.076	79.0	25173.10791039467
126	-59.2	0.0	-59.2	-59.2	1000.0	-3.7913883	0.24296232	-3.7835288	-11.470689	127000	-6.9141386e-09	3.51831	-0.007448159	-2.4847302	0.50980484	0.0040013697	0.03	79.0	25909.178656339645
127	-25.42	0.0	-25.42	-25.42	385.0	-9.133211	3.2836053	-4.9891033	-11.739618	128000	-6.7055224e-09	5.717799	-0.002374845	-3.9169679	0.5355584	0.019010434	0.148	3.0	26086.21371102333
128	-25.905	8.385	-17.52	-34.29	335.5	-8.300123	2.4516952	-4.553495	-10.458932	129000	-8.776784e-09	4.600525	-0.0044940244	-3.1097684	0.53618866	0.017803667	0.157	4.0	26517.07097506523
129	-14.24	0.0	-14.24	-14.24	184.0	-11.186986	0.8728178	-9.129555	-12.004401	130000	-7.1674586e-09	6.0890946	-0.0020572785	-5.1903157	0.53670055	0.017007496	0.197	4.0	26602.08491230011
130	-13.15	0.0	-13.15	-13.15	208.0	-4.8124228	0.26610845	-4.5535765	-12.202497	131000	-2.9206277e-08	4.8532	-0.0070032584	-4.2240133	0.53707033	0.016272016	0.192	61.0	27011.135246276855
131	-32.885	26.865	-6.02	-59.75	426.5	-4.5495896	1.8885733	-3.1855173	-9.086693	132000	-1.3649464e-08	8.77115	-0.012984881	-6.994367	0.54062635	0.003590326	0.072	79.0	27463.936235189438
132	-75.47	0.0	-75.47	-75.47	1000.0	-8.708204	0.011071276	-8.4765215	-8.722294	133000	3.272295e-08	2.3005803	-0.0032404799	-1.4337137	0.5379864	0.000826222	0.025	79.0	27488.23676300049
133	-21.03	0.0	-21.03	-21.03	364.0	-5.6546	2.1543686	-2.6807864	-7.505263	134000	-6.437302e-09	23.778963	-0.007527829	-21.146494	0.53137344	0.0040148986	0.08	79.0	27681.21110534668
134	-35.28	20.23	-15.05	-55.51	460.5	-6.673669	1.5721484	-4.4531326	-13.005603	135000	-1.3530254e-08	2.6796985	-0.010899482	-0.32148123	0.5316635	0.00186634	0.07	79.0	28185.144360542297
135	-76.74	0.0	-76.74	-76.74	1000.0	-3.0191734	0.2061142	-2.9973252	-9.521113	136000	-8.177757e-08	17.490034	-0.0073186466	-16.89924	0.52679205	0.0043555032	0.033	79.0	29102.29526901245
136	-19.9	0.0	-19.9	-19.9	331.0	-11.104788	2.7754889	-7.1411767	-13.06311	137000	1.2487173e-08	5.077976	-0.005926252	-3.4243028	0.5150046	0.0039681434	0.045	79.0	29301.79455924034
137	-26.9	0.0	-26.9	-26.9	464.0	-9.223935	4.4918094	-4.395847	-13.47518	138000	-6.7055224e-09	2.8444364	-0.0026637176	-0.43750072	0.52158374	0.015551105	0.14	4.0	29552.95289158821
138	-138.73	0.0	-138.73	-138.73	1000.0	-14.197215	0.0026450434	-14.192758	-14.214086	139000	-2.7120114e-08	0.27573672	-0.0080810115	-0.017789215	0.5218737	0.013170588	0.1	79.0	29571.544183015823
139	-98.82	0.0	-98.82	-98.82	1000.0	-13.2915535	0.030675171	-13.267565	-14.068011	140000	-1.1467934e-07	12.352038	-0.0064466572	-10.12731	0.5003324	0.0025300852	0.06	79.0	29594.13715338707
140	-42.87	0.0	-42.87	-42.87	488.0	-9.378496	2.466563	-6.850869	-11.805165	141000	-4.1127204e-09	2.36319	-0.006990745	-0.5555638	0.48307386	0.026259588	0.31	3.0	29670.805268526077
141	-18.833334	5.968809	-12.67	-26.91	266.33334	-8.604188	1.8394767	-6.7095118	-12.762937	142000	-4.917383e-08	11.30582	-0.0152618205	-10.077115	0.4827952	0.009940063	0.095	79.0	30123.151267766953
142	-81.25	0.0	-81.25	-81.25	1000.0	-9.667473	0.005780588	-9.508588	-9.672265	143000	-3.8504602e-08	2.9372532	-0.006237224	-2.3839808	0.46406642	0.0067936433	0.174	79.0	30144.694408893585
143	-93.75	0.0	-93.75	-93.75	1000.0	-8.068863	0.0022451594	-8.067482	-8.135948	144000	-6.6161157e-09	2.8888078	-0.0025166601	-1.7387888	0.44929475	0.015031955	0.176	2.0	30694.41421866417
144	-22.099998	11.159999	-10.94	-33.26	309.0	-5.4787273	3.0620196	-3.0582757	-9.373689	145000	1.1056661e-08	6.1204367	-0.0134637365	-2.6152682	0.44914114	0.007337016	0.116	79.0	30901.14857149124
145	-96.47	0.0	-96.47	-96.47	1000.0	-8.184979	0.0019002114	-8.182531	-8.203602	146000	1.07288365e-08	2.8954093	0.000115799485	-1.714091	0.43666208	0.024213156	0.187	3.0	31385.467868328094
146	-73.28	0.0	-73.28	-73.28	791.0	-4.9143596	0.29521853	-4.7253265	-9.478845	147000	-3.4809112e-08	10.862962	-0.003628652	-8.738842	0.4364124	0.016357852	0.231	2.0	31766.487011671066
147	-22.05667	4.7545233	-17.51	-28.62	309.33334	-8.662526	2.1014402	-5.7896204	-10.966901	148000	1.5556813e-08	22.047318	-0.0025185607	-18.71336	0.4362851	0.01901863	0.237	2.0	32066.38636302948
148	-28.705	8.705	-20.0	-37.41	418.5	-5.5658956	0.41560265	-4.8651094	-5.9667697	149000	1.5057623e-08	3.27304	-0.0027157343	-1.1669936	0.43615335	0.020934256	0.253	2.0	32503.25870513916
149	-15.139999	9.66	-5.48	-24.8	281.0	-5.225084	0.20021403	-4.7272286	-8.363784	150000	-1.1720229e-08	3.5505447	-0.00094683655	-2.1261296	0.4361366	0.01853997	0.246	2.0	32965.50092959404
150	-39.3	22.25	-17.05	-61.55	486.0	-3.7232163	0.846019	-2.7851927	-6.7254148	151000	7.152557e-09	18.15738	-0.0058291857	-15.126132	0.43626645	0.015697356	0.181	19.0	33518.32813286781
151	-31.189999	1.6999998	-29.49	-32.89	432.5	-6.163457	1.0847778	-4.4118943	-7.412761	152000	-1.911819e-08	5.796131	-0.003998125	-2.1135561	0.43604362	0.023186438	0.301	3.0	33824.22464299202
152	-143.53	0.0	-143.53	-143.53	1000.0	-6.173781	0.048696384	-5.435792	-6.199744	153000	-2.7751923e-07	62.26949	-0.0057773427	-59.278774	0.43571848	0.0060899802	0.059	79.0	33845.37633442879
153	-75.69	0.0	-75.69	-75.69	1000.0	-13.254806	0.031566802	-13.21768	-13.901413	154000	1.2660027e-07	30.71146	-1.1716365e-05	-27.840536	0.42505053	0.021389022	0.377	2.0	34662.05170917511
154	-152.1	0.0	-152.1	-152.1	1000.0	-11.843496	0.12324252	-7.949819	-11.851676	155000	1.5735626e-08	12.462995	-0.0034064327	-11.226091	0.42474213	0.023870444	0.247	2.0	34680.326417684555
155	-49.63	0.0	-49.63	-49.63	1000.0	-8.577848	0.208846	-8.540795	-15.16968	156000	5.4836273e-09	17.672295	0.0055722483	-14.332415	0.42442322	0.02780587	0.344	2.0	35386.31260108948
156	-16.495	2.105	-14.39	-18.6	249.5	-11.523188	2.8523054	-4.8217964	-14.365006	157000	-4.1723253e-10	13.054406	-0.005950869	-11.393444	0.4241058	0.015050245	0.171	6.0	35577.57953739166
157	-40.525	19.115	-21.41	-59.64	445.5	-4.562843	3.2193525	-3.436462	-13.7674	158000	3.349781e-08	18.41884	-0.0004533596	-12.32111	0.4228948	0.017598579	0.33	2.0	35845.79229092598
158	-9.87	0.0	-9.87	-9.87	179.0	-7.0751824	0.60081214	-5.820947	-13.920374	159000	1.527369e-09	3.3781219	-0.007825032	-2.522038	0.42234212	0.012813502	0.103	79.0	36631.8235373497
159	-14.48	0.0	-14.48	-14.48	244.0	-9.281267	3.8913202	-2.3873084	-11.596678	160000	1.5750528e-08	1.5810035	-0.010307786	-0.5528779	0.41815126	0.007879397	0.083	79.0	37433.9681930542
160	-110.62	0.0	-110.62	-110.62	1000.0	-11.844592	0.038243663	-11.399463	-11.868177	161000	-8.34465e-08	0.54642135	-0.00801812	-0.39508426	0.44079447	0.010583179	0.071	79.0	37454.33510684967
161	-15.216667	3.044616	-12.51	-19.47	226.0	-6.894708	3.741143	-2.8292196	-11.988488	162000	2.0645558e-08	4.473253	-0.0050109676	-2.4576373	0.43425018	0.017871307	0.161	3.0	37627.29024672508
162	-18.195	1.1949997	-17.0	-19.39	286.5	-3.8643625	1.0378475	-2.8533752	-13.4142885	163000	-5.8352946e-08	11.345118	-0.0058307033	-8.907055	0.4339567	0.016806753	0.129	3.0	37793.79732012749
163	-17.636667	6.274824	-10.41	-25.71	253.33333	-9.21137	1.3855815	-7.5787454	-12.395773	164000	-1.5616417e-08	23.572916	-0.006303307	-21.049606	0.43362072	0.016425168	0.231	3.0	38003.15319728851
164	-114.85	0.0	-114.85	-114.85	1000.0	-3.9611914	0.14037262	-3.9323206	-8.387279	165000	4.4870376e-07	50.0915	-0.0037157056	-47.02793	0.43329066	0.03326186	0.373	2.0	38023.402022600174
165	-22.03	0.0	-22.03	-22.03	314.0	-8.69681	1.8482729	-5.961404	-10.812722	166000	2.4557114e-08	7.368275	-0.0036085476	-5.5239544	0.43311617	0.015537527	0.198	8.0	38132.96616244316
166	-20.36	9.1765175	-10.3	-32.49	299.33334	-5.750934	1.0971836	-5.0171585	-12.509291	167000	2.2515655e-08	7.2020006	-0.0018515041	-4.3316264	0.43170348	0.016670765	0.23	4.0	38471.62304067612
167	-84.66	0.0	-84.66	-84.66	1000.0	-3.7287102	0.11382606	-3.7020879	-7.322908	168000	-6.5803526e-08	19.153963	-0.007203855	-17.626234	0.43110225	0.0058617243	0.054	79.0	39296.495740652084
168	-134.01	0.0	-134.01	-134.01	1000.0	-11.887389	0.12522475	-7.930096	-11.895768	169000	-4.23193e-09	5.467774	-0.0032562304	-2.678515	0.41451696	0.015034836	0.174	2.0	39315.07602763176
169	-141.44	0.0	-141.44	-141.44	1000.0	-11.83355	0.11751123	-11.726099	-13.511383	170000	-1.7881394e-08	7.349437	0.00073417753	-6.0930347	0.41427487	0.024203155	0.309	2.0	39334.30298662186
170	-130.65	0.0	-130.65	-130.65	1000.0	-13.636598	0.017058179	-13.630205	-14.151715	171000	3.6358834e-09	1.8288865	-0.0055157733	-0.028272748	0.4141045	0.0063629323	0.089	79.0	39353.5391433239
171	-18.725	0.14500046	-18.58	-18.87	253.0	-11.594175	2.3529892	-9.1820965	-13.991349	172000	7.230044e-08	17.169939	-0.0056074727	-13.947024	0.39849898	0.02006049	0.249	3.0	39858.357125759125
172	-119.01	0.0	-119.01	-119.01	1000.0	-12.578928	0.034283705	-12.276595	-12.605666	173000	3.2782554e-09	0.47547692	-0.0011190316	-0.21504784	0.39828488	0.016231162	0.349	2.0	39878.802384376526
173	-128.62	0.0	-128.62	-128.62	1000.0	-12.009543	0.11752772	-11.525148	-12.096121	174000	-2.4944544e-08	3.454067	-0.0067453664	-2.417059	0.3982105	0.0086038	0.099	79.0	40851.70292305946
174	-144.18	0.0	-144.18	-144.18	1000.0	-13.370336	0.25790632	-11.476105	-13.57506	175000	-9.894371e-09	1.5419366	-0.0022761112	-1.3978803	0.39619744	0.018074349	0.232	2.0	40870.586555719376
175	-13.3	3.7669349	-7.29	-17.56	194.0	-5.478184	1.9541701	-4.182355	-13.368515	176000	-1.5944243e-08	12.268345	-0.0055549922	-8.5401535	0.3961371	0.019991223	0.183	2.0	41077.06241583824
176	-10.29	0.0	-10.29	-10.29	170.0	-4.400749	0.4152507	-4.050373	-5.746894	177000	7.903576e-08	47.011677	-0.0016343055	-43.104652	0.39603338	0.01958552	0.281	4.0	41163.966248989105
177	-137.22	0.0	-137.22	-137.22	1000.0	-11.334765	2.33414e-05	-11.334738	-11.335039	178000	-4.541874e-08	9.430285	-0.006690337	-6.3859243	0.39589548	0.010041263	0.083	79.0	41183.91195607185
178	-65.27	0.0	-65.27	-65.27	1000.0	-6.664378	0.22702378	-6.6374655	-13.830129	179000	-1.8045306e-08	0.38887796	-0.006458141	-0.0720287	0.37904003	0.01628489	0.274	4.0	41510.381677150726
179	-117.76	0.0	-117.76	-117.76	1000.0	-13.716994	0.27798083	-6.414061	-13.86855	180000	3.2901763e-08	2.84601	-0.010664044	-2.4239645	0.3785742	0.014395026	0.093	79.0	41530.73749446869
180	-12.24	0.0	-12.24	-12.24	228.0	-11.9213	3.0378027	-6.3311014	-13.574127	181000	-2.8967857e-08	14.756722	-0.0036658533	-10.384598	0.3879281	0.021728871	0.27	3.0	42136.808514118195
181	-118.06	0.0	-118.06	-118.06	1000.0	-10.348067	0.00011607032	-10.344434	-10.348097	182000	4.9114227e-08	2.3680959	0.0069605927	-2.0919466	0.38827217	0.019911263	0.324	2.0	42403.85220980644
182	-134.96	0.0	-134.96	-134.96	1000.0	-11.028285	0.053960796	-10.909071	-11.773189	183000	8.845329e-08	6.4884686	0.0033240092	-5.639041	0.3885592	0.017058799	0.303	2.0	42422.581696510315
183	-144.28	0.0	-144.28	-144.28	1000.0	-14.154854	0.04464788	-13.395439	-14.229108	184000	3.8817525e-08	1.2972378	0.0029904132	-1.1264762	0.3888118	0.01682546	0.235	2.0	42441.24334001541
184	-126.55	0.0	-126.55	-126.55	1000.0	-12.110109	0.017673764	-12.10945	-12.668722	185000	2.5227665e-08	2.5900025	0.0026690343	-0.6080073	0.38908496	0.024319055	0.197	2.0	42459.67248940468
185	-145.77	0.0	-145.77	-145.77	1000.0	-13.903586	0.18515721	-12.874341	-14.083534	186000	1.2546778e-08	3.2106597	-0.010090414	-3.0033672	0.38939062	0.0054633426	0.088	79.0	42478.58890390396
186	-10.31	0.0	-10.31	-10.31	152.0	-12.002676	2.5273824	-6.023482	-13.075232	187000	-4.2438508e-08	3.4799564	-0.0070713935	-1.5245302	0.38008904	0.0069448994	0.042	79.0	42536.77010536194
187	-16.43	0.0	-16.43	-16.43	223.0	-10.37628	3.481842	-3.8683307	-12.301895	188000	4.196167e-08	30.112894	-0.006841296	-27.275257	0.37768063	-0.0012705355	0.054	79.0	42854.827590703964
188	-89.79	0.0	-89.79	-89.79	1000.0	-6.364211	2.6195617e-05	-6.364005	-6.364259	189000	1.2803078e-07	5.569545	-0.0039755697	-5.139406	0.37970737	0.0078064413	0.022	79.0	42873.431733608246
189	-14.03	0.0	-14.03	-14.03	187.0	-9.767132	1.9660817	-5.6555157	-10.871473	190000	-1.7285346e-09	12.514764	-0.0064819003	-10.743929	0.36968112	0.0057668486	0.045	79.0	42932.99951195717
190	-31.055	12.425	-18.63	-43.48	386.5	-8.12605	3.7920458	-4.5499244	-14.235749	191000	-5.8114527e-09	13.331258	-0.010569745	-11.742583	0.35515055	0.008418654	0.108	79.0	43364.635504722595
191	-117.65	0.0	-117.65	-117.65	1000.0	-7.5925117	0.15660535	-7.587551	-12.54233	192000	-9.965897e-08	16.922842	0.0018705537	-15.736476	0.35595688	0.024384135	0.361	2.0	43382.64750242233
192	-11.344999	2.9067724	-8.35	-14.72	185.0	-9.476137	1.9778877	-7.6682434	-12.9201975	193000	-4.386902e-08	41.191963	-0.0052038273	-37.741802	0.35592595	0.017415496	0.188	3.0	43706.110914468765
193	-140.72	0.0	-140.72	-140.72	1000.0	-12.0614195	0.21718657	-5.411296	-12.121961	194000	-5.4359436e-08	5.2098227	-0.0065980186	-4.569266	0.35583934	0.015504582	0.232	2.0	43725.11870074272
194	-16.8	0.0	-16.8	-16.8	271.0	-7.0737367	2.6318989	-2.7693908	-13.207222	195000	5.4478644e-08	5.644379	-0.00021469254	-4.2824216	0.35571626	0.01596432	0.141	7.0	43826.63016986847
195	-119.16	0.0	-119.16	-119.16	1000.0	-12.983633	0.13594216	-10.983951	-13.069558	196000	1.8537044e-08	1.2140162	0.0043145115	-1.1148174	0.35495633	0.018236918	0.257	2.0	44762.066568136215
196	-59.82	0.0	-59.82	-59.82	1000.0	-3.5039408	0.1786905	-3.4895766	-9.142387	197000	8.5353854e-08	4.8196535	-0.002654294	-4.1133137	0.35476533	0.015859496	0.346	2.0	45628.82008743286
197	-14.973334	4.908342	-10.56	-21.82	195.66667	-9.902908	3.5698233	-5.5148535	-14.353779	198000	-1.9282103e-08	8.090044	0.0018408204	-5.3865137	0.35466442	0.015732486	0.186	3.0	45736.499205350876
198	-14.195	4.875	-9.32	-19.07	199.5	-6.84687	2.3729103	-3.3260503	-11.642756	199000	2.2292138e-08	14.466385	-0.00071105507	-11.787804	0.3542671	0.021846293	0.251	3.0	45825.31294846535
199	-8.41	0.0	-8.41	-8.41	141.0	-3.1642246	0.40524986	-2.9788244	-13.150082	200000	-1.16944314e-07	94.773994	-0.01583867	-89.24556	0.3539746	-0.0018822148	0.084	79.0	45883.273283958435
200	-13.834999	4.8995743	-8.78	-20.03	200.25	-7.2312756	2.621161	-3.0025425	-13.20478	201000	-1.29044055e-08	12.779548	-0.012632738	-10.670811	0.33083788	0.010810139	0.16	79.0	46113.99333572388
201	-11.64	0.0	-11.64	-11.64	158.0	-10.571742	2.7705584	-4.121431	-11.868021	202000	1.0430813e-08	8.867194	-0.0036527023	-5.5160313	0.31586963	0.028240599	0.194	3.0	46146.25482583046
202	-161.67	0.0	-161.67	-161.67	1000.0	-11.440838	0.24549954	-11.137566	-14.373674	203000	8.46386e-09	32.809196	-0.009000188	-25.270142	0.31550613	0.010506076	0.087	79.0	46165.19615674019
203	-123.04	0.0	-123.04	-123.04	1000.0	-14.919113	0.048121214	-14.8539	-16.333584	204000	2.8610229e-08	5.3952565	-0.007913997	-4.5011725	0.32794186	0.0020992544	0.033	79.0	46185.02306866646
204	-118.57	0.0	-118.57	-118.57	1000.0	-12.750352	0.06518011	-12.541648	-12.801803	205000	-1.0371208e-08	0.88276076	-0.004435282	-0.6633092	0.3238926	0.0076068924	0.051	79.0	46204.83661818504
205	-134.47	0.0	-134.47	-134.47	1000.0	-16.09131	0.16668843	-10.823293	-16.099562	206000	6.2465666e-08	7.5719967	-0.0021682766	-4.267912	0.3199878	0.019196589	0.182	18.0	46223.11028385162
206	-22.65	0.0	-22.65	-22.65	273.0	-9.890123	2.4245875	-5.9645934	-13.602675	207000	2.938509e-08	4.9311156	-0.011343628	-2.4103234	0.3181712	0.0110970065	0.107	79.0	46374.71327543259
207	-145.52	0.0	-145.52	-145.52	1000.0	-13.033698	0.24438418	-11.63979	-13.222983	208000	7.31349e-08	6.645947	-0.00740412	-5.290597	0.30847985	0.0075345775	0.078	79.0	46393.69348716736
208	-139.05	0.0	-139.05	-139.05	1000.0	-14.509894	0.13100712	-11.772836	-14.60564	209000	1.1861324e-08	1.6866885	-0.011655232	-1.3717169	0.3050111	0.009580951	0.086	79.0	46412.744401454926
209	-136.11	0.0	-136.11	-136.11	1000.0	-13.46732	0.930784	-11.694685	-14.866595	210000	1.1533499e-08	0.53079563	0.0031170724	-0.41417894	0.2851937	0.02055016	0.373	2.0	46431.62671780586
210	-12.31	0.0	-12.31	-12.31	167.0	-10.418029	1.960784	-6.0329785	-11.692179	211000	-1.9371509e-09	2.1116834	-0.0009521155	-1.5348468	0.2848667	0.027897693	0.264	2.0	46490.47998762131
211	-128.22	0.0	-128.22	-128.22	1000.0	-15.175128	0.17183225	-10.308688	-15.24	212000	1.3494491e-07	5.1850815	0.004651542	-2.8550756	0.28462094	0.02269042	0.337	2.0	46509.46055269241
212	-9.695	0.28499985	-9.41	-9.98	152.5	-8.629897	1.9799757	-5.482093	-13.342775	213000	-5.2154064e-10	4.4114785	-0.0026677784	-3.4153433	0.28452298	0.019006012	0.211	5.0	46608.97416591644
213	-129.11	0.0	-129.11	-129.11	1000.0	-13.739086	0.09600582	-10.705483	-13.743649	214000	-6.404519e-08	2.167757	-0.00018822413	-0.15462065	0.2844844	0.015321873	0.2	13.0	46627.584857940674
214	-128.68	0.0	-128.68	-128.68	1000.0	-10.267093	0.6620067	-8.743329	-13.325728	215000	-1.8072129e-07	8.408524	-0.0064819623	-8.016857	0.2827539	-0.00039495484	0.01	79.0	46646.87273311615
215	-156.83	0.0	-156.83	-156.83	1000.0	-10.377383	0.066854894	-9.33358	-10.468812	216000	-5.7935715e-08	29.483736	0.004661031	-26.83112	0.2686042	0.01882809	0.293	2.0	46665.34053277969
216	-24.866669	10.516782	-10.46	-35.27	308.66666	-5.4869256	0.8926972	-4.026302	-15.546268	217000	-3.169477e-08	4.7686157	-0.00025934377	-2.0099392	0.26834795	0.020176759	0.317	2.0	47102.66152071953
217	-11.276668	3.8779492	-6.71	-16.19	181.0	-8.340278	3.6209185	-2.8541322	-13.10293	218000	1.1414289e-08	6.684405	0.00021106661	-5.7043014	0.26811114	0.019771645	0.229	3.0	47219.5166888237
218	-201.6	0.0	-201.6	-201.6	1000.0	-14.786142	0.17076315	-9.397879	-14.799457	219000	3.218651e-09	38.596973	0.00019153702	-30.135872	0.2676377	0.027490204	0.348	2.0	47237.85939455032
219	-129.55	0.0	-129.55	-129.55	1000.0	-13.261371	0.8626096	-11.474611	-20.216867	220000	4.656613e-10	4.5513177	-0.011283297	-3.911596	0.26735935	-0.00086187496	0.059	79.0	48181.055011987686
220	-14.525	3.3649998	-11.16	-17.89	316.0	-11.857468	6.4203677	-5.4026527	-20.105373	221000	-5.6624412e-08	32.275787	-0.008983197	-20.536255	0.2557548	0.0060089724	0.098	79.0	48407.768476486206
221	-137.95	0.0	-137.95	-137.95	1000.0	-14.240482	1.9042681	-7.6158643	-16.928032	222000	-1.2580306e-08	1.3109179	0.0018660959	-0.9356246	0.24459666	0.021107528	0.274	2.0	48426.844131708145
222	-133.58	0.0	-133.58	-133.58	1000.0	-12.377168	0.9384912	-9.622955	-13.701172	223000	8.404255e-08	5.2627196	-0.0013613442	-4.7974067	0.24444051	0.01793868	0.206	1.0	48445.62512969971
223	-129.87	0.0	-129.87	-129.87	1000.0	-13.022677	2.468541	-8.497899	-16.252045	224000	4.720688e-08	0.77584517	-0.0006966114	-0.6376552	0.24436638	0.016728131	0.317	2.0	48464.579959630966
224	-153.22	0.0	-153.22	-153.22	1000.0	-17.263094	0.2826481	-8.860646	-17.41288	225000	3.761053e-08	4.59368	-0.014084434	-4.5202346	0.24424593	0.008386701	0.083	79.0	48483.561678647995
225	-183.59	0.0	-183.59	-183.59	1000.0	-17.221172	0.18246181	-11.454148	-17.228256	226000	5.632639e-09	12.099286	-0.0027058609	-2.7965212	0.22756757	0.015217518	0.187	2.0	48501.595412015915
226	-132.42	0.0	-132.42	-132.42	1000.0	-10.830326	1.7026513	-6.290284	-18.882702	227000	5.9962275e-08	8.689755	-0.006877648	-8.250193	0.22729999	0.0017649167	0.015	79.0	48521.17887926102
227	-120.45	0.0	-120.45	-120.45	1000.0	-12.266393	1.6889253	-7.959611	-13.525078	228000	-1.630187e-08	0.42168903	-0.0077300183	-0.38165444	0.22607535	0.0116155	0.055	79.0	49471.11559033394
228	-150.16	0.0	-150.16	-150.16	1000.0	-20.584454	0.60201514	-8.780173	-21.004309	229000	8.440018e-08	31.37937	0.009963053	-29.418928	0.22190477	0.02294991	0.199	4.0	49490.33096551895
229	-175.81	0.0	-175.81	-175.81	1000.0	-18.718586	0.25690144	-10.614149	-18.76342	230000	-3.3706428e-08	8.856346	0.007445342	-0.22197819	0.22164841	0.024108429	0.331	2.0	49509.23928070068
230	-171.5	0.0	-171.5	-171.5	1000.0	-18.35518	2.9197265e-05	-18.355106	-18.35561	231000	1.7553567e-08	4.368623	0.0067934934	-0.36542463	0.22167121	0.028270416	0.405	1.0	49527.97682213783
231	-155.42	0.0	-155.42	-155.42	1000.0	-17.746891	0.0026469568	-17.743933	-17.753283	232000	-6.8545343e-09	7.8179955	0.018544469	-2.1607504	0.22166942	0.025639396	0.399	1.0	49547.04623413086
232	-23.810001	3.1999998	-20.61	-27.01	230.5	-9.801401	1.5022775	-6.6430683	-16.274242	233000	-6.3687565e-08	18.452473	-0.001393148	-15.319606	0.22167201	0.015837139	0.192	3.0	49647.73596096039
233	-23.18	0.0	-23.18	-23.18	231.0	-13.820861	4.07368	-6.3400187	-16.06448	234000	4.1902066e-08	20.631525	-0.00799638	-18.044134	0.221638	0.005115921	0.07	79.0	49723.79537820816
234	-13.32	0.0	-13.32	-13.32	160.0	-5.890047	0.17865762	-5.7942934	-11.346598	235000	5.7578088e-08	41.6446	-0.009587592	-32.231358	0.20837924	0.015066736	0.167	66.0	50566.880824804306
235	-213.45	0.0	-213.45	-213.45	1000.0	-11.708643	0.0007777786	-11.696766	-11.709508	236000	-1.4066696e-08	101.18478	-0.008333843	-89.003746	0.19481152	0.0034738143	0.043	79.0	50585.32372570038
236	-147.49	0.0	-147.49	-147.49	1000.0	-20.007711	0.047323313	-19.961708	-21.225971	237000	2.1457671e-09	25.35285	0.00337969	-18.541218	0.1865711	0.018638123	0.262	3.0	50605.11669039726
237	-185.98	0.0	-185.98	-185.98	1000.0	-19.648441	0.13636337	-15.607664	-19.684364	238000	-3.6358834e-09	7.5578985	-0.004469514	-1.4458218	0.18633765	0.023083229	0.204	2.0	50623.88397502899
238	-140.9	0.0	-140.9	-140.9	1000.0	-16.98307	1.867332	-12.864849	-19.47468	239000	1.1920929e-09	5.594636	-0.009907689	-5.5069146	0.18615025	0.002991963	0.072	79.0	50642.45425748825
239	-158.17	0.0	-158.17	-158.17	1000.0	-11.180386	0.57172877	-9.539212	-11.597193	240000	-4.053116e-08	22.911978	-0.007699342	-21.184835	0.1951868	0.0063526933	0.071	79.0	50661.050819158554
240	-189.71	0.0	-189.71	-189.71	1000.0	-19.97925	0.17817624	-14.622778	-20.033115	241000	1.6212464e-08	10.115607	-0.005159866	-6.1789923	0.17702734	0.016143693	0.19	33.0	50679.33026766777
241	-160.37	0.0	-160.37	-160.37	1000.0	-18.73044	1.1777745	-15.130963	-20.132742	242000	5.1498414e-08	7.165131	-0.0019163005	-7.1160865	0.1796763	0.015184892	0.169	3.0	50697.963537454605
242	-158.98	0.0	-158.98	-158.98	1000.0	-14.984461	0.20940553	-11.556396	-15.276228	243000	4.1037797e-08	7.5171804	-0.009567098	-5.7245464	0.1798374	0.0011899801	0.055	79.0	50717.64783787727
243	-169.39	0.0	-169.39	-169.39	1000.0	-20.194098	1.3037105	-13.189499	-21.623919	244000	1.5950204e-07	9.108908	-0.0010980937	-9.085367	0.18156977	0.015963966	0.221	2.0	50736.03424119949
244	-11.445	0.605	-10.84	-12.05	137.0	-13.017477	0.8571608	-11.825756	-15.114155	245000	-1.29342075e-08	27.556902	0.0011581293	-26.607119	0.18146053	0.02237027	0.281	3.0	50810.33895468712
245	-156.07	0.0	-156.07	-156.07	1000.0	-4.126845	0.18267968	-4.1021137	-9.886011	246000	-2.28405e-07	126.02695	-0.009483634	-117.944305	0.18119362	0.005504672	0.127	79.0	50830.1660861969
246	-157.28	0.0	-157.28	-157.28	1000.0	-14.896645	0.0002229399	-14.8960285	-14.896967	247000	2.8535723e-08	7.6702657	-0.008534846	-1.6012411	0.17952374	0.008991667	0.07	79.0	50850.68894600868
247	-162.67	0.0	-162.67	-162.67	1000.0	-19.132072	2.5055652	-13.707453	-22.201286	248000	2.2411346e-08	4.373898	0.0007989676	-4.351785	0.1898856	0.027761118	0.319	2.0	50869.42303085327
248	-167.77	0.0	-167.77	-167.77	1000.0	-16.77591	2.7580745	-11.694156	-20.965982	249000	-5.376339e-08	1.1096765	0.00097117806	-1.0339187	0.1901797	0.015217393	0.146	4.0	50888.61425590515
249	-181.33	0.0	-181.33	-181.33	1000.0	-16.619677	0.24748805	-11.78023	-16.792767	250000	3.963709e-09	11.67627	0.002631941	-7.405051	0.19065139	0.019229118	0.261	2.0	50907.65907883644
250	-7.86	0.0	-7.86	-7.86	127.0	-15.462794	2.2239175	-9.432402	-16.48212	251000	-4.851818e-08	12.605746	-0.011520789	-6.3592615	0.19078761	0.0029366899	0.059	79.0	50987.849395275116
251	-164.99	0.0	-164.99	-164.99	1000.0	-16.176737	0.026700994	-16.025867	-16.208979	252000	7.8722834e-08	11.031611	0.00270291	-5.805956	0.16478987	0.023030194	0.278	2.0	51007.85204267502
252	-142.52	0.0	-142.52	-142.52	1000.0	-17.315762	0.4371058	-14.114655	-17.84531	253000	1.01566314e-07	9.569796	-0.010221065	-9.1128845	0.16433787	0.002049727	0.042	79.0	51027.20769691467
253	-25.21	1.8599997	-23.35	-27.07	389.5	-4.3313894	3.4202206	-2.4001906	-11.096537	254000	-4.3094158e-08	5.731767	-0.014941442	-3.1503725	0.14408618	0.0036187964	0.1	79.0	51349.22120594978
254	-136.52	0.0	-136.52	-136.52	1000.0	-9.004864	0.9189532	-7.1758294	-10.518686	255000	7.319451e-08	25.690805	-0.00847783	-23.846762	0.14458585	0.006454076	0.044	79.0	51368.33719110489
255	-10.55	0.96000004	-9.59	-11.51	156.0	-10.097689	2.0689027	-5.754436	-12.280856	256000	3.5352073e-08	12.973748	-0.006974781	-11.878151	0.15383261	0.0037174574	0.05	79.0	51452.94531106949
256	-39.59	0.0	-39.59	-39.59	540.0	-4.398742	1.5362129	-2.9565377	-10.924184	257000	3.1113625e-08	9.116582	-0.0052446006	-7.5913315	0.14560065	0.007572037	0.068	79.0	51775.21415257454
257	-167.86	0.0	-167.86	-167.86	1000.0	-17.039482	0.5171049	-8.154587	-17.410116	258000	-1.0957941e-08	6.190736	-0.010360914	-5.8190055	0.14857912	-0.00090354827	0.042	79.0	51794.304535627365
258	-133.58	0.0	-133.58	-133.58	1000.0	-12.400061	0.26569423	-11.349801	-12.825781	259000	4.273653e-08	2.9461615	-0.0014521454	-2.6329052	0.1281344	0.019091323	0.25	2.0	51814.29300379753
259	-92.4	0.0	-92.4	-92.4	1000.0	-12.190664	0.16393754	-10.938517	-12.485737	260000	-2.8133393e-08	9.256659	0.0052032815	-8.091793	0.12782675	0.021903004	0.305	2.0	51833.802063941956
260	-147.13	0.0	-147.13	-147.13	1000.0	-12.787409	0.77249396	-9.332549	-13.7549095	261000	9.149313e-08	8.447112	-0.008757204	-7.6807384	0.12744457	0.00082290196	0.05	79.0	51853.18611717224
261	-151.41	0.0	-151.41	-151.41	1000.0	-11.4328375	1.1956891	-9.26463	-13.509791	262000	-5.722046e-09	19.62078	0.005429318	-18.79228	0.11490648	0.021292705	0.307	2.0	51872.00746893883
262	-137.23	0.0	-137.23	-137.23	1000.0	-15.650107	0.5418136	-9.935088	-16.461674	263000	-6.496906e-09	6.639192	-0.0032439283	-6.5252757	0.1145818	0.0004184218	0.015	79.0	51891.097558259964
263	-87.59	0.0	-87.59	-87.59	1000.0	-5.3005185	0.21029201	-5.115164	-10.0007715	264000	1.1634827e-07	13.5986595	-0.006933172	-11.211708	0.118893705	0.0008894644	0.047	79.0	52922.40339803696
264	-157.08	0.0	-157.08	-157.08	1000.0	-15.69244	2.242616	-8.498243	-18.298475	265000	7.7486035e-09	2.5784652	0.023209304	-2.304102	0.12238671	0.034516238	0.405	6.0	53891.58621120453
265	-165.83	0.0	-165.83	-165.83	1000.0	-9.99849	0.018875297	-9.968107	-10.205018	266000	4.9352646e-08	47.43642	0.0043317704	-41.91764	0.12256803	0.02658386	0.325	2.0	53910.028047561646
266	-164.44	0.0	-164.44	-164.44	1000.0	-16.477898	0.0016877844	-16.475746	-16.481428	267000	3.997609e-08	9.086833	0.004557997	-0.32557392	0.12273616	0.017656991	0.182	6.0	53928.250492572784
267	-179.22	0.0	-179.22	-179.22	1000.0	-17.949652	1.3310643	-14.819204	-19.455671	268000	-8.9854e-09	3.344814	0.0002579317	-3.0750897	0.12301749	0.019241117	0.11	2.0	53947.31592655182
268	-13.45	0.0	-13.45	-13.45	207.0	-10.171363	0.42827865	-9.616446	-12.560881	269000	-6.2286856e-09	15.852367	-0.014670503	-14.940135	0.12302605	0.010999241	0.151	79.0	54058.03462290764
269	-14.615	0.025000095	-14.59	-14.64	176.5	-13.3913555	4.9820776	-3.5334067	-18.358004	270000	-1.6838312e-08	34.890156	-0.01530136	-32.249992	0.13985813	0.0071032904	0.123	79.0	54144.07776546478
270	-129.12	0.0	-129.12	-129.12	1000.0	-5.170263	0.28571132	-5.094133	-14.1439085	271000	-9.965897e-08	52.018673	-0.008042201	-50.06435	0.12818895	0.0018119984	0.056	79.0	54165.35515332222
271	-13.599999	5.4193125	-8.87	-22.42	180.25	-10.058857	4.115856	-5.6273446	-16.3666	272000	2.5987624e-08	24.398724	-0.01178816	-20.059631	0.11396533	0.005181238	0.084	79.0	54344.61712431908
272	-238.61	0.0	-238.61	-238.61	1000.0	-15.255477	0.7581146	-9.803679	-15.968801	273000	-1.15633014e-07	84.52289	0.009354428	-71.38489	0.09384344	0.028004061	0.404	6.0	54362.74454188347
273	-163.65	0.0	-163.65	-163.65	1000.0	-16.386015	0.30348074	-15.598144	-23.833605	274000	1.3280311e-08	4.5757575	-0.008972381	-3.7541523	0.092286624	0.004519119	0.039	79.0	54382.14683556557
274	-141.55	0.0	-141.55	-141.55	1000.0	-13.18808	0.931213	-11.419419	-14.78099	275000	-1.11460686e-07	5.1224275	0.00288209	-4.717906	0.09038355	0.021390101	0.317	2.0	55353.289048194885
275	-197.98	0.0	-197.98	-197.98	1000.0	-24.143703	0.46910694	-9.316819	-24.161905	276000	7.2479246e-08	16.77775	0.0016818766	-10.883781	0.09039727	0.019566426	0.238	14.0	55371.82688975334
276	-164.88	0.0	-164.88	-164.88	1000.0	-20.69015	0.023335176	-20.595179	-20.883278	277000	-9.50098e-08	20.510395	0.017832674	-19.45895	0.089200616	0.02915582	0.49	10.0	55392.02401781082
277	-138.56	0.0	-138.56	-138.56	1000.0	-8.757959	0.5501699	-7.880053	-11.668444	278000	2.9802322e-08	32.02576	0.0033591033	-30.35193	0.08771485	0.027126858	0.249	2.0	55411.19121336937
278	-21.83	0.0	-21.83	-21.83	320.0	-17.85875	4.9779224	-8.880422	-21.29842	279000	1.6659499e-08	15.037406	0.0015061792	-12.293339	0.087434776	0.016642239	0.2	5.0	55590.20837330818
279	-130.99	0.0	-130.99	-130.99	1000.0	-14.094039	1.489607	-10.630587	-20.114248	280000	3.2484532e-08	2.7334254	-0.0030436341	-2.5003402	0.08670865	0.019306615	0.206	2.0	55609.134804964066
280	-10.905001	0.6550002	-10.25	-11.56	165.5	-11.23106	2.56167	-5.6060147	-13.1003475	281000	-4.755333e-09	28.845066	-0.0011385388	-26.938564	0.08655354	0.017100414	0.237	2.0	55708.494149684906
281	-10.14	0.0	-10.14	-10.14	179.0	-12.192102	4.4045205	-2.630828	-14.778757	282000	-9.688735e-08	5.42283	-0.012329641	-4.6499662	0.086507805	0.0054752575	0.128	79.0	55774.480789899826
282	-152.26	0.0	-152.26	-152.26	1000.0	-11.236176	2.5690005	-6.2121105	-15.357353	283000	1.3685226e-07	21.87681	0.0013723323	-21.165937	0.07633839	0.022049136	0.359	2.0	56735.74839138985
283	-161.24	0.0	-161.24	-161.24	1000.0	-13.725098	3.3921115	-7.6894035	-18.574091	284000	2.2172928e-07	10.77079	-0.005903355	-10.557108	0.076182984	0.0022860589	0.022	79.0	56755.25740671158
284	-213.06	0.0	-213.06	-213.06	1000.0	-20.071058	0.40507323	-9.828192	-20.279087	285000	-6.2584876e-10	11.0041895	0.0005598456	-10.4487915	0.06128853	0.017407151	0.345	13.0	56773.97993183136
285	-208.95	0.0	-208.95	-208.95	1000.0	-22.406837	2.3896677	-13.174521	-24.211966	286000	1.3911725e-07	0.37552136	0.0108677	-0.35826936	0.0611785	0.018729465	0.268	1.0	56792.38003873825
286	-195.11	0.0	-195.11	-195.11	1000.0	-20.74904	2.8997777	-13.066607	-23.549707	287000	9.098649e-08	0.23035057	0.010333369	-0.15980932	0.061251633	0.037657082	0.422	1.0	56810.70508790016
287	-188.63	0.0	-188.63	-188.63	1000.0	-15.085822	1.3814063	-12.59699	-17.463589	288000	2.4080277e-08	29.6239	0.008812812	-28.370323	0.06133048	0.023243984	0.324	1.0	56830.152393102646
288	-20.82	0.0	-20.82	-20.82	338.0	-10.168006	3.9418328	-4.652835	-14.106663	289000	-5.093217e-08	5.983928	-0.0028302225	-4.3268633	0.061406285	0.02181576	0.174	2.0	56922.795583724976
289	-9.81	0.0	-9.81	-9.81	141.0	-11.418088	2.636685	-7.531583	-16.191618	290000	5.9366226e-08	18.268785	5.2722993e-05	-17.482643	0.061452862	0.023691388	0.378	2.0	57789.19305205345
290	-126.45	0.0	-126.45	-126.45	1000.0	-8.73592	1.6175586	-5.240279	-10.589406	291000	-1.6474723e-07	18.630697	-0.0030999002	-17.666195	0.061481196	0.016184336	0.186	4.0	57808.563598394394
291	-123.19	0.0	-123.19	-123.19	1000.0	-9.142458	1.6652371	-6.0250487	-12.076527	292000	-6.9618224e-08	15.005816	0.0042974027	-14.541689	0.061347447	0.026681887	0.323	2.0	57828.3630862236
292	-6.9	0.0	-6.9	-6.9	108.0	-17.083437	4.871576	-3.025991	-19.895521	293000	-1.1146069e-08	12.049631	-0.008874936	-11.324712	0.06109448	0.0068165357	0.099	79.0	57871.59807634354
293	-13.13	0.0	-13.13	-13.13	247.0	-10.310348	5.36307	-1.4619719	-14.469189	294000	-2.9802322e-08	2.0197496	-0.012319302	-1.7485992	0.06432151	0.011216519	0.113	79.0	57964.74242520332
294	-152.24	0.0	-152.24	-152.24	1000.0	-13.496131	1.9071182	-9.20624	-15.632046	295000	1.0251999e-08	5.7899923	0.0016062558	-5.5084705	0.035288885	0.017103493	0.256	2.0	57983.080801963806
295	-177.89	0.0	-177.89	-177.89	1000.0	-20.955576	1.7439927	-9.631767	-22.07711	296000	-1.8239021e-08	7.1477046	-0.0003443502	-7.0609736	0.034876976	0.019907441	0.17	9.0	58001.80919909477
296	-140.41	0.0	-140.41	-140.41	1000.0	-13.971086	0.5599938	-11.909312	-14.682117	297000	1.665391e-08	4.3654437	-0.005039289	-3.348558	0.03379924	0.0050666793	0.056	79.0	58021.728712797165
297	-142.35	0.0	-142.35	-142.35	1000.0	-13.909281	1.2680522	-11.452838	-15.28851	298000	3.4317374e-08	4.6567683	-0.009259657	-4.1735954	0.038852498	0.0041721975	0.07	79.0	58935.203461647034
298	-169.26	0.0	-169.26	-169.26	1000.0	-17.875957	0.55698675	-8.986241	-18.394062	299000	2.0593404e-08	5.78025	-0.006668886	-5.5136104	0.037816238	0.0059863576	0.036	79.0	58953.58072185516
299	-164.25	0.0	-164.25	-164.25	1000.0	-24.287218	2.125888	-12.456548	-25.804466	300000	4.4584276e-08	47.822136	-0.006358727	-47.533325	0.034270428	0.006121612	0.054	79.0	58972.62711930275
300	-21.82	0.0	-21.82	-21.82	299.0	-2.2366958	0.27891362	-2.1612818	-10.963216	301000	-1.3244151e-07	9.926176	0.0015659602	-8.67283	0.03493722	0.020304749	0.314	2.0	59503.16021347046
301	-157.88	0.0	-157.88	-157.88	1000.0	-20.289667	1.7645211	-7.120457	-21.55611	302000	-1.1253357e-07	14.75224	-0.0028730805	-14.581535	0.034866847	0.015066863	0.217	6.0	59522.80009460449
302	-175.72	0.0	-175.72	-175.72	1000.0	-19.652586	3.6787164	-10.194647	-22.784485	303000	3.7908553e-08	1.5722874	0.0010855838	-1.5082688	0.034540262	0.022122651	0.173	1.0	59541.95645570755
303	-13.25	0.0	-13.25	-13.25	193.0	-10.255322	1.0537044	-7.9810286	-11.737091	304000	-1.706183e-08	12.668124	-0.0064533507	-11.790668	0.034514364	0.007338284	0.083	79.0	59596.93565750122
304	-143.16	0.0	-143.16	-143.16	1000.0	-13.038237	1.8097864	-9.688328	-16.636406	305000	-1.3744831e-07	5.3469634	0.0051296405	-5.190628	0.040908817	0.017450267	0.317	2.0	59615.79619431496
305	-169.81	0.0	-169.81	-169.81	1000.0	-19.278805	3.2489119	-9.299639	-22.575327	306000	-3.1530856e-08	2.3844414	0.003105514	-2.3423245	0.04101404	0.020021481	0.343	2.0	59634.51384162903
306	-11.24	1.98	-9.26	-13.22	172.0	-13.769386	7.7297606	-3.0090914	-21.14187	307000	-4.5716764e-08	12.749039	-0.0129115945	-11.589666	0.041033532	0.010023274	0.071	79.0	59708.083428144455
307	-11.135	1.165	-9.97	-12.3	169.5	-9.891089	5.6281805	-2.1132889	-14.987243	308000	6.1895697e-09	3.2709339	-0.005264404	-2.4118993	0.04293504	0.015792452	0.165	3.0	59813.708944797516
308	-183.59	0.0	-183.59	-183.59	1000.0	-18.987865	0.39411154	-10.902352	-19.350016	309000	-5.6907535e-08	7.374742	0.0039088647	-7.046644	0.042978562	0.018592972	0.292	2.0	59832.16040921211
309	-153.16	0.0	-153.16	-153.16	1000.0	-10.173813	1.5009112	-7.874172	-13.652523	310000	7.0810316e-08	33.424206	-0.011009997	-32.402355	0.042883012	0.0036978165	0.095	79.0	59851.20608043671
310	-20.39	0.0	-20.39	-20.39	307.0	-13.799158	6.3033924	-4.328972	-18.752977	311000	-7.510185e-09	7.697934	-0.0020416407	-6.3140454	0.034741372	0.015640026	0.145	3.0	59937.021428346634
311	-142.68	0.0	-142.68	-142.68	1000.0	-10.929293	0.19581044	-10.414591	-11.247061	312000	-9.679794e-08	14.824692	-0.009899048	-13.560915	0.034678143	0.010858429	0.114	79.0	59958.512545108795
312	-19.37	0.0	-19.37	-19.37	306.0	-3.638169	0.40951562	-3.3083813	-11.028975	313000	7.3730945e-08	4.22897	0.0013764919	-2.837249	0.015956368	0.019582057	0.262	2.0	60513.16245985031
313	-84.89	0.0	-84.89	-84.89	1000.0	-1.866218	0.19380637	-1.7799631	-6.8555317	314000	6.9141386e-09	39.2821	-0.0018815214	-35.94901	0.015780566	0.018198626	0.307	3.0	61392.33915734291
314	-162.26	0.0	-162.26	-162.26	1000.0	-19.072884	1.9309006	-7.8488026	-21.507034	315000	1.6212464e-08	5.4304686	-0.00063877256	-5.2883844	0.01578645	0.01797088	0.35	12.0	61412.165169000626
315	-139.33	0.0	-139.33	-139.33	1000.0	-9.932401	0.1522772	-9.705487	-10.298572	316000	3.6358834e-08	18.671354	-0.011626349	-17.540405	0.017911552	-0.00077474496	0.042	79.0	61432.07074046135
316	-144.07	0.0	-144.07	-144.07	1000.0	-13.437811	1.26713	-10.317408	-14.955052	317000	-3.9577483e-08	2.506504	0.00038185358	-2.4175673	0.007836896	0.02726538	0.354	2.0	61451.560237407684
317	-140.46	0.0	-140.46	-140.46	1000.0	-15.015146	1.914183	-10.047791	-16.74849	318000	-2.849102e-08	0.16342026	-0.006054718	-0.12906091	0.007656176	0.00080586685	0.024	79.0	61471.18871617317
318	-122.53	0.0	-122.53	-122.53	1000.0	-11.5020075	0.53935707	-9.554094	-11.884582	319000	-6.2942505e-08	0.8686769	-0.0007390225	-0.7943944	-0.0018220355	0.021148195	0.278	2.0	61494.942365407944
319	-60.63	0.0	-60.63	-60.63	1000.0	-7.817131	0.29916152	-7.270722	-10.089215	320000	-2.5868415e-08	3.9777887	-0.013140463	-3.6133635	-0.0019616687	0.0075462908	0.093	79.0	62322.615424871445
320	-150.89	0.0	-150.89	-150.89	1000.0	-12.584279	0.626658	-6.4197264	-13.342167	321000	-2.7298928e-08	8.4515915	-0.0026773605	-8.01193	-0.027679149	0.021824367	0.306	2.0	62341.63497257233
321	-15.795	4.474452	-10.13	-22.31	207.5	-10.798269	1.336989	-9.491557	-14.294899	322000	-8.028746e-08	41.26259	-0.010150111	-37.73024	-0.028113384	0.015081558	0.173	18.0	62527.90204548836
322	-15.605	2.955	-12.65	-18.56	253.5	-3.3374395	0.26270106	-2.8251297	-9.769773	323000	-3.0398368e-09	12.815879	-0.0026909662	-10.823434	-0.034054495	0.017309776	0.201	8.0	62864.68334078789
323	-23.03	0.0	-23.03	-23.03	349.0	-10.547817	5.5963407	-2.587649	-15.395216	324000	-2.8371812e-08	1.5466044	-0.013035418	-1.3735512	-0.035083495	0.006901214	0.085	79.0	63039.76141119003
324	-37.94	0.0	-37.94	-37.94	543.0	-5.219916	1.1756178	-4.2440176	-11.570577	325000	3.1381845e-08	3.2454875	0.0015901824	-2.8865647	-0.03104412	0.026259603	0.255	2.0	63603.27946281433
325	-151.81	0.0	-151.81	-151.81	1000.0	-7.283679	1.4525336	-4.6873274	-9.37514	326000	1.001358e-07	63.89107	0.002773667	-61.449947	-0.030890787	0.017669689	0.255	2.0	63622.74391126633
326	-37.26	0.0	-37.26	-37.26	516.0	-14.089605	0.9758284	-11.98296	-15.18811	327000	-4.9352646e-08	39.249126	-0.0055106548	-38.388477	-0.030776218	0.007464785	0.059	79.0	63782.381677150726
327	-10.58	0.3800001	-10.2	-10.96	150.5	-8.843883	1.395791	-6.089224	-11.244627	328000	7.5850636e-08	9.044958	-0.004184482	-8.046313	-0.039857198	0.017073167	0.224	3.0	63879.257125377655
328	-142.32	0.0	-142.32	-142.32	1000.0	-9.324086	2.175957	-3.4987333	-11.082505	329000	-1.3303757e-07	27.588615	-0.004957786	-25.70551	-0.040190447	0.019645981	0.349	3.0	63898.194462537766
329	-118.12	0.0	-118.12	-118.12	1000.0	-12.023734	0.6469908	-9.871411	-12.4353485	330000	-6.517396e-08	0.49383542	-0.0064089694	-0.46311986	-0.040505268	2.7445376e-05	0.012	79.0	64868.02960109711
330	-109.74	0.0	-109.74	-109.74	1000.0	-12.767943	0.17430498	-8.153562	-12.998872	331000	6.1631205e-08	3.3464603	-0.011646522	-2.7097754	-0.054283824	-0.0009603809	0.035	79.0	64886.94486451149
331	-81.77	0.0	-81.77	-81.77	938.0	-7.681395	2.3762155	-3.8577507	-11.348754	332000	-1.0102987e-08	0.68056154	-0.002210592	-0.2759748	-0.07056506	0.015515026	0.244	2.0	65365.87593412399
332	-32.025	26.045	-5.98	-58.07	486.5	-8.089422	2.4761724	-3.244705	-11.38813	333000	1.0097027e-07	7.4583607	-0.0019441062	-6.8251944	-0.07082002	0.01727363	0.293	2.0	65784.14447236061
333	-87.54	0.0	-87.54	-87.54	987.0	-3.9101238	2.2143092	-2.1057205	-9.717575	334000	1.3577939e-07	20.135262	-0.011363857	-18.370796	-0.071091056	0.0032823952	0.074	79.0	66571.7551381588
334	-154.49	0.0	-154.49	-154.49	1000.0	-8.735151	0.274902	-8.220568	-9.565317	335000	-2.8538705e-07	48.224007	-0.00060938945	-45.27742	-0.08526523	0.015218848	0.139	3.0	66590.45388412476
335	-139.6	0.0	-139.6	-139.6	1000.0	-13.555551	0.52344567	-12.431967	-14.380362	336000	-6.532669e-08	4.912531	-0.011476921	-4.4556537	-0.08565426	0.0036539177	0.072	79.0	66609.10700917244
336	-130.32	0.0	-130.32	-130.32	1000.0	-15.677224	0.9258945	-9.621622	-16.595112	337000	1.0251999e-08	4.33881	-0.008952359	-4.094951	-0.103445895	0.0060609584	0.115	79.0	66629.92702651024
337	-8.65	0.0	-8.65	-8.65	141.0	-2.6238155	0.8206013	-1.7208097	-10.431398	338000	1.7285346e-08	14.47138	-0.011667826	-12.191612	-0.10748601	0.0052124755	0.07	79.0	67374.60659217834
338	-37.75	25.970001	-11.78	-63.72	429.5	-9.062262	1.5857848	-5.195388	-10.747365	339000	2.5987624e-08	12.503249	-0.0023639367	-11.292655	-0.11769164	0.025996542	0.269	3.0	67912.82865023613
339	-86.74	0.0	-86.74	-86.74	1000.0	-5.7011485	0.00599065	-5.6713142	-5.754214	340000	4.684925e-08	9.189622	-0.008152938	-7.164758	-0.117851876	0.005985034	0.046	79.0	68801.88725161552
340	-139.87	0.0	-139.87	-139.87	1000.0	-13.400232	0.6877055	-8.3854065	-14.255827	341000	-1.2457371e-08	2.0242686	-0.005431938	-1.9310682	-0.09958106	0.009737311	0.063	79.0	68821.6623365879
341	-131.65	0.0	-131.65	-131.65	1000.0	-7.0789833	0.13946553	-6.8299212	-10.006672	342000	9.36985e-08	35.0169	0.00049196265	-33.509636	-0.11116601	0.024341848	0.389	2.0	68841.42506170273
342	-14.27	0.0	-14.27	-14.27	167.0	-11.454621	0.6576312	-10.233136	-14.374306	343000	3.531575e-08	17.76978	-0.0072217565	-16.631817	-0.11134065	0.0130724795	0.173	79.0	68922.02805995941
343	-10.72	0.0	-10.72	-10.72	167.0	-6.4137616	1.3055506	-4.8545055	-10.124185	344000	4.053116e-09	69.19166	-0.006386872	-65.010826	-0.11880076	0.011721702	0.094	79.0	69741.52793860435
344	-148.34	0.0	-148.34	-148.34	1000.0	-10.18244	1.6947757	-6.8422337	-12.727126	345000	3.7288666e-07	25.26237	-0.011942849	-24.656038	-0.1073984	0.007405182	0.049	79.0	69761.68236017227
