Epoch	AverageEpRet	StdEpRet	MaxEpRet	MinEpRet	EpLen	TotalEnvInteracts	AverageQVals	StdQVals	MaxQVals	MinQVals	LossPi	LossQ	Time
1	-73.92	50.59	-23.33	-124.51	1000.0	1999	-0.24122709	0.15551242	-0.054276228	-0.6789801	0.23644283	6.1400584e-05	54.88552761077881
2	-89.990005	0.920002	-89.07	-90.91	1000.0	3999	-0.7219781	0.40133002	-0.16237831	-1.7713587	0.71694016	3.6710753e-05	133.21652269363403
3	-91.195	30.394999	-60.8	-121.59	1000.0	5999	-1.2391405	0.6488071	0.44131073	-2.7338085	1.23361	8.83818e-05	209.08696913719177
4	-59.39	37.29	-22.1	-96.68	1000.0	7999	-1.4454082	1.0639007	0.36249918	-3.66325	1.4403228	6.333693e-05	286.7357246875763
5	-108.08	23.619999	-84.46	-131.7	1000.0	9999	-1.9978186	1.323814	-0.23934083	-4.5755477	1.9910052	8.5108775e-05	362.6141631603241
6	-165.825	40.475002	-125.35	-206.3	1000.0	11999	-2.6145477	1.5424736	-0.5012785	-5.8469005	2.606642	0.00014252293	438.6140556335449
7	-157.26	37.16	-120.1	-194.42	1000.0	13999	-3.327436	1.7880455	-0.5728538	-7.591477	3.3173866	0.00014726073	515.0193660259247
8	-201.54999	69.35	-132.2	-270.9	1000.0	15999	-4.0192723	2.113314	-0.6231263	-9.185796	4.006964	0.00019121892	591.7525777816772
9	-181.17	70.82	-110.35	-251.99	1000.0	17999	-4.7907395	2.495402	-0.6919844	-10.605563	4.7767453	0.0002048857	669.4810609817505
10	-175.305	64.415	-110.89	-239.72	1000.0	19999	-5.614737	2.9403005	-0.78343666	-12.069639	5.5996175	0.00022814095	747.1729640960693
11	-109.369995	2.5499992	-106.82	-111.92	1000.0	21999	-6.340027	3.3729312	-0.8310737	-13.601852	6.327461	0.00023150911	820.3700697422028
12	-127.045	62.765	-64.28	-189.81	1000.0	23999	-6.9164095	3.647235	-0.94506776	-15.013985	6.906147	0.00024317532	897.5271632671356
13	-200.725	48.475	-152.25	-249.2	1000.0	25999	-7.4506483	3.9570882	-1.086032	-16.33168	7.441086	0.00026347634	972.8218820095062
14	-80.65	42.839996	-37.81	-123.49	1000.0	27999	-7.9956117	4.383963	-1.1791052	-17.535925	7.9864492	0.00028903657	1047.8001396656036
15	-125.845	10.774998	-115.07	-136.62	1000.0	29999	-8.390061	4.590502	-1.2623525	-18.578781	8.380486	0.00033065112	1125.291303396225
16	-182.61499	44.644997	-137.97	-227.26	1000.0	31999	-8.823487	4.790551	-1.3324413	-19.55428	8.813556	0.0003425889	1202.0215995311737
17	-105.86	63.59	-42.27	-169.45	1000.0	33999	-9.38166	5.1035852	-1.3514066	-20.476433	9.37169	0.00036351357	1276.164371728897
18	-142.205	82.604996	-59.6	-224.81	1000.0	35999	-9.700096	5.3673377	-1.3913945	-21.308887	9.69073	0.00039624033	1353.8353774547577
19	-158.495	59.575005	-98.92	-218.07	1000.0	37999	-10.10109	5.636848	-1.4741086	-22.066359	10.092315	0.00042529101	1428.924327135086
20	-51.965	14.185001	-37.78	-66.15	1000.0	39999	-10.191885	5.8220725	-0.90646005	-22.83458	10.183911	0.00048618525	1505.606189250946
21	-53.795	22.904999	-30.89	-76.7	1000.0	41999	-10.109383	6.058884	-0.9264711	-23.473434	10.100977	0.00047275584	1580.5689585208893
22	-135.14	8.559998	-126.58	-143.7	1000.0	43999	-10.227436	6.156969	-1.0388503	-24.041897	10.2190695	0.0004702327	1657.746633529663
23	-73.515	22.805	-50.71	-96.32	1000.0	45999	-10.327261	6.2774177	-1.0862914	-24.534231	10.319152	0.00047417526	1733.3565530776978
24	-162.515	34.095	-128.42	-196.61	1000.0	47999	-10.4834585	6.3418574	-1.2810087	-24.97433	10.474826	0.00046013843	1811.2243230342865
25	-130.41	60.81	-69.6	-191.22	1000.0	49999	-10.78243	6.458629	-1.5523292	-25.34274	10.773828	0.0004627298	1886.1868319511414
26	-107.405	48.434998	-58.97	-155.84	1000.0	51999	-10.702961	6.6045895	-1.5794647	-25.585348	10.68318	0.00053288473	1962.8894701004028
27	-101.53	23.650002	-77.88	-125.18	1000.0	53999	-10.640762	6.6068344	-1.394079	-25.643543	10.615008	0.0005502263	2039.7269160747528
28	-55.545002	12.575001	-42.97	-68.12	1000.0	55999	-10.379704	6.6577177	-1.3575785	-25.814709	10.354758	0.0005400577	2115.0892989635468
29	-32.755	2.1349993	-30.62	-34.89	1000.0	57999	-10.111049	6.7522225	-1.3537068	-26.026241	10.087182	0.000600073	2190.3723497390747
30	-49.855003	3.3649998	-46.49	-53.22	1000.0	59999	-9.852194	6.892276	-1.2719231	-26.256884	9.827325	0.0005407258	2264.93723988533
31	-45.905	2.3950005	-43.51	-48.3	1000.0	61999	-9.644393	6.9619803	-1.3406184	-26.370382	9.612995	0.0005515807	2340.689751625061
32	-13.410001	18.698135	6.71	-38.33	566.6667	63999	-9.368397	7.0059023	-1.0746951	-26.641777	9.336831	0.007139368	2415.272752761841
33	-60.345	1.1750011	-59.17	-61.52	1000.0	65999	-9.12485	6.997073	-0.60633355	-26.827412	9.092348	0.0056253336	2490.5210223197937
34	-44.755	6.625	-38.13	-51.38	1000.0	67999	-8.837882	7.0011606	-0.55783117	-26.774132	8.806969	0.0039224173	2566.9085783958435
35	-61.235	5.6049976	-55.63	-66.84	1000.0	69999	-8.626458	7.0016823	-0.21805203	-26.888735	8.592058	0.004488331	2642.0350337028503
36	-55.025	21.885002	-33.14	-76.91	1000.0	71999	-8.458549	6.9350157	0.22033973	-26.99503	8.422945	0.0054772682	2719.3107767105103
37	-12.486668	16.217535	9.62	-28.83	609.3333	73999	-8.20351	6.935524	0.43332228	-26.83836	8.168966	0.0050409576	2795.7647256851196
38	-52.515	10.195	-42.32	-62.71	1000.0	75999	-7.969128	6.8707423	0.41901976	-26.790009	7.931996	0.0055683213	2870.0404982566833
39	-41.995	5.6049995	-36.39	-47.6	1000.0	77999	-7.694982	6.834552	0.38540757	-26.81693	7.6543508	0.0069502657	2942.688315629959
40	-45.089996	12.08	-33.01	-57.17	1000.0	79999	-7.4936337	6.7969804	0.384216	-26.83032	7.4555893	0.0052693165	3018.899900197983
41	-28.43	23.088444	2.69	-52.55	712.3333	81999	-7.274862	6.6958666	0.64195603	-26.86455	7.2338653	0.0057840585	3093.9089057445526
42	-27.525	29.135	1.61	-56.66	671.0	83999	-7.0114636	6.6509805	0.7690145	-26.914515	6.9668174	0.011695367	3169.499062538147
43	-38.3	4.869999	-33.43	-43.17	1000.0	85999	-6.753777	6.579583	0.89175117	-26.79192	6.706541	0.00905661	3244.3441212177277
44	-22.65	20.710524	5.89	-42.62	697.3333	87999	-6.494668	6.43578	1.1922895	-26.609444	6.4516697	0.008468701	3322.2089166641235
45	-66.92	14.52	-52.4	-81.44	1000.0	89999	-6.329631	6.34049	1.1789457	-26.524649	6.2876616	0.011058038	3396.1090421676636
46	-37.866665	28.72841	2.75	-59.01	721.0	91999	-6.1937413	6.2899437	1.3852191	-26.556057	6.154086	0.010125152	3472.84978055954
47	-51.04	2.1399994	-48.9	-53.18	1000.0	93999	-6.005726	6.2748475	1.8162987	-26.594595	5.96546	0.01267568	3547.6285989284515
48	-31.366667	25.467197	3.72	-55.95	718.6667	95999	-5.837816	6.238799	1.4685346	-26.63049	5.7948713	0.009162136	3624.026960849762
49	-43.27	7.25	-36.02	-50.52	1000.0	97999	-5.6790504	6.1685896	1.4239793	-26.575657	5.639224	0.007935947	3699.0171072483063
50	-38.315002	8.925001	-29.39	-47.24	1000.0	99999	-5.538725	6.0865865	1.4338918	-26.560614	5.5013595	0.009435124	3772.484035015106
51	-32.725	2.3049994	-30.42	-35.03	1000.0	101999	-5.3872876	6.0226016	1.5345954	-26.56746	5.348241	0.00809251	3847.9837493896484
52	-20.77	21.156656	8.63	-40.28	681.0	103999	-5.307459	6.019094	1.6172754	-26.553276	5.268951	0.010898478	3924.0108489990234
53	-19.13	15.575064	2.84	-31.48	735.0	105999	-5.190645	5.962922	1.7370167	-26.561073	5.1506233	0.013967543	4004.9163615703583
54	-45.215	1.3349991	-43.88	-46.55	1000.0	107999	-5.047986	5.9092355	1.8892723	-26.617222	5.0080166	0.0116989305	4082.7735340595245
55	-35.055	8.775001	-26.28	-43.83	1000.0	109999	-4.9543986	5.9372544	2.2763503	-26.604744	4.9152246	0.01320862	4161.144000053406
56	-18.68	15.821157	2.06	-36.32	710.3333	111999	-4.8881226	5.906098	2.2563262	-26.669176	4.85001	0.009586771	4236.346506357193
57	-36.35	15.309999	-21.04	-51.66	957.0	113999	-4.7409987	5.862394	2.2941465	-26.693283	4.697462	0.014729812	4310.683077573776
58	-20.28	17.4	-2.88	-37.68	663.5	115999	-4.61922	5.7832775	2.2261121	-26.4351	4.5834966	0.010697419	4383.132698297501
59	-26.276667	9.119855	-16.54	-38.47	887.6667	117999	-4.5719194	5.7218833	2.233071	-26.356232	4.5364585	0.011643565	4458.891752719879
60	-22.630001	20.27	-2.36	-42.9	676.5	119999	-4.4897156	5.698977	2.223252	-26.259645	4.4536467	0.01731165	4533.869324207306
61	-26.893333	20.515816	1.33	-46.83	783.3333	121999	-4.4239473	5.60749	2.2090275	-26.03515	4.387129	0.012559559	4610.3340928554535
62	-40.465	0.8650017	-39.6	-41.33	1000.0	123999	-4.354071	5.555346	1.9776765	-25.840366	4.319241	0.013545409	4684.604437828064
63	-26.170002	16.57	-9.6	-42.74	799.5	125999	-4.2674737	5.4860883	2.0428317	-25.765194	4.230216	0.018469123	4757.291172742844
64	-24.71	18.360151	1.23	-38.67	767.3333	127999	-4.22141	5.4969306	1.9794422	-25.604113	4.183495	0.014859089	4833.105472564697
65	-20.133333	20.94515	8.96	-39.5	683.0	129999	-4.129907	5.4390316	2.0414124	-25.56673	4.089951	0.01617253	4909.061657905579
66	-18.513334	11.343463	-2.51	-27.48	787.3333	131999	-4.045074	5.3994083	2.140673	-25.500223	4.0072355	0.013296255	4985.222115278244
67	-8.226666	15.149338	2.67	-29.65	469.33334	133999	-3.9604254	5.3566866	1.9814352	-25.307755	3.9207432	0.01323224	5059.531435966492
68	-14.586666	25.143673	7.08	-52.2	425.33334	135999	-3.8542566	5.3189993	2.2281682	-25.356398	3.8154674	0.015652403	5137.4085557460785
69	-22.485	8.825	-13.66	-31.31	897.0	137999	-3.7555	5.2820916	2.0658453	-25.203886	3.7145576	0.016043771	5214.461981534958
70	-9.998	16.08896	3.12	-36.2	502.8	139999	-3.6192818	5.253748	2.2927663	-25.113554	3.5773737	0.022117134	5289.594637155533
71	-2.1100001	11.547173	9.11	-24.52	332.5	141999	-3.4865203	5.2702656	2.5247355	-25.129164	3.4402125	0.027316945	5365.6678330898285
72	-8.283334	19.071033	9.2	-34.81	402.33334	143999	-3.31044	5.2844377	2.6075265	-24.900232	3.2650194	0.025158728	5444.082774400711
73	-22.073334	22.254583	8.94	-42.22	675.3333	145999	-3.133197	5.318694	2.9396365	-24.742975	3.0822349	0.03426222	5520.512020111084
74	-8.982499	10.815776	2.6	-21.71	574.0	147999	-2.9465487	5.449954	2.8699226	-24.970062	2.8978622	0.025585266	5595.349457979202
75	-9.53	14.540188	5.42	-26.77	554.5	149999	-2.803248	5.4883924	2.9487543	-25.015839	2.7581847	0.023114916	5671.372512102127
76	-9.5225	18.706434	9.32	-32.11	515.75	151999	-2.7021694	5.525825	2.8061767	-25.169487	2.6532178	0.022641493	5746.761120796204
77	-18.095	9.145	-8.95	-27.24	757.5	153999	-2.5770292	5.5471244	3.1021721	-25.204893	2.5281968	0.022160256	5819.826977729797
78	-15.185	18.23336	7.63	-38.4	639.25	155999	-2.455641	5.5609865	3.0953867	-25.205364	2.4110017	0.02171049	5897.875469684601
79	-0.07999997	6.8560343	7.63	-12.35	408.6	157999	-2.3093524	5.5682206	3.1739137	-25.256472	2.2582467	0.023886774	5975.935146808624
80	-9.586667	16.408175	2.23	-32.79	502.33334	159999	-2.1627493	5.5231175	3.356646	-25.061655	2.110995	0.024314757	6053.836728334427
81	-16.87	15.141143	-4.4	-38.18	783.3333	161999	-2.0366616	5.4977417	3.541429	-24.640764	1.9841778	0.022854557	6135.3096442222595
82	-1.855	7.529411	5.49	-11.74	411.5	163999	-1.8806199	5.485978	3.7798915	-24.428465	1.8260505	0.023099907	6213.117481470108
83	-9.626	14.187309	3.01	-28.66	500.0	165999	-1.7511202	5.4883757	4.0925508	-24.267416	1.6967015	0.02339814	6291.12792801857
84	-13.023334	13.414351	3.08	-29.76	667.0	167999	-1.6071645	5.447792	4.298136	-23.971375	1.5537541	0.024385659	6366.902267932892
85	-2.1325	12.376234	8.26	-23.24	394.5	169999	-1.4307631	5.4110427	4.3633776	-23.742844	1.3731875	0.026897829	6444.734962940216
86	-18.0	13.838875	0.47	-32.84	772.0	171999	-1.3250469	5.390465	4.424183	-23.619675	1.2695993	0.027120315	6521.121289014816
87	0.99000007	8.037446	8.65	-17.23	308.14285	173999	-1.1854396	5.303482	4.5439925	-23.331314	1.1261253	0.02233017	6600.981826782227
88	-11.615	15.245	3.63	-26.86	564.5	175999	-1.0284283	5.2232203	4.8595862	-22.642628	0.96827114	0.026640663	6675.8062517642975
89	-10.266001	13.337149	2.23	-27.6	563.0	177999	-0.88857466	5.240925	5.144574	-22.685045	0.82918686	0.027782543	6753.499902248383
90	-2.5540001	12.300371	8.13	-26.02	338.6	179999	-0.74747545	5.221631	5.2395473	-22.78066	0.68622106	0.023343237	6830.346410989761
91	-23.945	13.595	-10.35	-37.54	778.5	181999	-0.609356	5.2000623	5.3217745	-22.918749	0.54972816	0.024194835	6909.498459339142
92	-12.344999	15.464796	3.84	-28.07	588.5	183999	-0.48864532	5.215193	5.352978	-23.06126	0.429909	0.02700003	6985.963828325272
93	-4.9575	11.313862	7.85	-21.33	487.0	185999	-0.39581168	5.1817765	5.480935	-23.118107	0.34190592	0.022951974	7062.210705041885
94	-2.9333334	11.01184	6.79	-24.91	383.0	187999	-0.33219415	5.173942	5.6540875	-23.036407	0.27328625	0.025849042	7139.156959533691
95	-4.9950004	7.3402467	6.13	-14.14	528.25	189999	-0.24090482	5.167714	5.71403	-23.293434	0.18017791	0.025073234	7215.741835832596
96	1.4887497	7.2591043	7.56	-16.86	256.625	191999	-0.1091338	5.1341357	5.8782864	-23.279018	0.04786445	0.024454402	7291.810969114304
97	-0.6066666	4.595395	3.96	-9.28	311.5	193999	-0.039379	5.0959206	6.150549	-22.929184	-0.016756596	0.02822056	7370.475086688995
98	-3.3280003	10.370224	4.23	-23.7	413.6	195999	0.02890648	5.046304	6.3349056	-22.820301	-0.08599756	0.029402202	7446.1121735572815
99	-16.07	17.52	1.45	-33.59	693.0	197999	0.10197664	5.047832	6.511648	-22.813284	-0.16040371	0.026551517	7521.350276708603
100	-1.3099998	14.375688	8.63	-29.82	289.1111	199999	0.1669796	5.061158	6.576157	-22.88911	-0.22540067	0.028687347	7601.462947130203
101	-1.8799998	11.663087	8.24	-27.16	352.16666	201999	0.2632262	5.0343533	6.7441974	-22.836517	-0.31969213	0.02595671	7681.448878526688
102	-0.645	9.829739	9.18	-21.26	329.5	203999	0.28296128	5.047952	6.878428	-23.31902	-0.33853045	0.028356126	7757.884356498718
103	2.54	2.7189922	7.5	-2.06	197.1	205999	0.34763697	5.038665	6.8124633	-23.390984	-0.4018595	0.031627852	7837.3781452178955
104	-4.988	13.017547	4.3	-30.65	401.6	207999	0.39303577	5.0420732	7.0666146	-23.420246	-0.45152184	0.031282168	7913.717375040054
105	3.4919999	3.4665194	8.85	-2.82	170.3	209999	0.48780608	5.0205965	6.9998345	-23.561281	-0.54684824	0.030269397	7993.354905366898
106	-3.9499998	10.390629	4.38	-21.37	418.0	211999	0.53110224	5.0800815	6.9087977	-23.496645	-0.58626795	0.024444504	8069.101645708084
107	-2.614286	12.967238	6.57	-33.86	346.7143	213999	0.61229205	5.0412855	6.8670826	-23.550526	-0.67311174	0.03577669	8147.921553373337
108	-1.8116668	11.197002	8.57	-25.02	356.16666	215999	0.68062216	5.0233626	6.9852195	-23.379747	-0.73919797	0.030333119	8226.083521604538
109	0.4900002	8.160561	9.0	-14.94	371.4	217999	0.72091854	5.004882	7.1392107	-23.11201	-0.7781067	0.030652678	8305.105903625488
110	4.118	3.7080555	9.62	-1.04	157.6	219999	0.7959165	4.988774	7.062672	-23.393747	-0.85681474	0.03475364	8386.987919330597
111	-26.5	0.27000046	-26.23	-26.77	1000.0	221999	0.87381	5.0180173	7.0022383	-23.446487	-0.9333573	0.038636394	8463.83311867714
112	-4.967143	14.414594	7.51	-29.85	385.42856	223999	0.977531	5.009845	7.042465	-23.6171	-1.0372715	0.025811367	8543.263717889786
113	-2.0683334	13.6717005	7.95	-31.61	330.0	225999	0.9693779	5.020493	6.794604	-24.036491	-1.0239154	0.0343257	8622.439922571182
114	1.3979998	10.962918	8.63	-30.94	199.5	227999	1.021529	5.017202	6.791227	-24.075417	-1.0761518	0.03281496	8702.60721707344
115	-0.1283332	12.58085	7.75	-27.84	307.0	229999	1.0180572	5.00679	6.5011473	-24.354616	-1.0698315	0.031023776	8781.23149561882
116	3.0825	5.730512	9.49	-7.14	248.0	231999	1.0364621	5.005729	6.375188	-24.506882	-1.0897683	0.03420409	8861.771272420883
117	-8.052	18.804794	7.27	-44.22	429.0	233999	1.0365108	5.027198	6.2275624	-24.654837	-1.0918622	0.038463227	8939.532673120499
118	-7.0500007	14.714926	3.91	-27.85	425.33334	235999	1.0643532	4.9723635	6.1990647	-24.866013	-1.1144366	0.03799031	9013.46210193634
119	-39.364998	4.2749996	-35.09	-43.64	1000.0	237999	1.0375482	4.924452	6.0515866	-25.176647	-1.0861987	0.0386742	9090.508994579315
120	-2.8400002	15.303997	9.62	-38.39	316.375	239999	1.0089058	4.879206	5.9859047	-25.124964	-1.056772	0.034794737	9167.659167766571
121	-0.567143	13.8616495	9.22	-32.2	268.85715	241999	0.94805884	4.896912	5.77256	-25.286024	-0.9983114	0.04089288	9246.893760442734
122	-5.3025	11.654017	3.64	-24.97	447.5	243999	0.95192	4.866733	5.776306	-25.109556	-1.0026722	0.04305006	9323.944854259491
123	-0.14428568	6.0874243	4.44	-12.86	357.14285	245999	0.9848945	4.802724	5.8208566	-25.18914	-1.035834	0.042316347	9402.893980503082
124	3.796	3.9670799	9.18	-1.86	192.7	247999	0.96744937	4.7817345	5.7169847	-25.11472	-1.0174074	0.042095724	9484.616292476654
125	0.9128571	10.772449	9.4	-24.73	289.0	249999	1.0289861	4.7676888	5.817475	-24.867382	-1.0837729	0.045221798	9565.096226453781
126	3.2028573	2.9358654	8.99	-1.15	171.0	251999	1.065089	4.72698	5.784371	-24.657782	-1.1130842	0.040638063	9648.500770568848
127	-7.7979994	13.632112	6.82	-26.83	537.4	253999	1.0353136	4.758332	5.8102484	-24.72722	-1.0862464	0.038722817	9726.435881137848
128	-2.6899998	2.5988073	0.89	-5.2	482.0	255999	1.0253997	4.7814384	5.70427	-24.74036	-1.072967	0.04638482	9800.877004146576
129	-5.984	12.072488	8.64	-23.23	552.8	257999	1.0512468	4.7838497	5.6949854	-24.6901	-1.1022744	0.04225072	9876.9847407341
130	4.5699997	3.7577872	8.07	-3.12	175.16667	259999	1.0513679	4.745772	5.6942797	-24.710564	-1.0982058	0.040448546	9955.14128446579
131	-5.515001	13.198691	7.91	-24.2	450.66666	261999	1.0526327	4.760162	5.7592425	-24.737335	-1.103534	0.04742751	10032.312330007553
132	0.2699999	11.57626	9.04	-21.69	300.8	263999	1.0955637	4.6991587	5.8229637	-24.718533	-1.1466264	0.04296762	10110.484150648117
133	-11.150001	14.169769	7.6	-24.97	626.75	265999	1.0605649	4.74553	5.903217	-24.744787	-1.1066151	0.047636725	10188.535841464996
134	-6.6333337	13.532934	6.55	-25.24	491.0	267999	1.0683831	4.759195	5.9063425	-24.733627	-1.1167121	0.040982902	10264.007528305054
135	-1.9624995	13.293962	9.06	-26.46	341.375	269999	1.0759045	4.7325006	5.98079	-24.506636	-1.1230168	0.046515558	10343.901008605957
136	-17.195	10.565001	-6.63	-27.76	923.0	271999	1.0555882	4.747156	6.105769	-24.503582	-1.0994864	0.04563916	10421.2957406044
137	-5.5825	10.120658	3.44	-22.08	483.25	273999	1.1072096	4.717846	6.0552607	-24.355692	-1.1608269	0.05307354	10499.48284292221
138	-3.875	16.298412	9.11	-31.67	355.5	275999	1.1384085	4.666124	6.0610337	-24.006056	-1.1871295	0.046730094	10575.138025045395
139	-2.8414285	11.496193	4.58	-30.42	398.14285	277999	1.1468714	4.630963	6.0423098	-23.69308	-1.1963466	0.045157135	10653.768818378448
140	4.206	4.5361176	9.61	-5.17	198.3	279999	1.1733693	4.580753	5.968101	-23.495123	-1.2210605	0.047535744	10734.999249458313
141	4.51	2.11658	8.26	2.0	157.22223	281999	1.1775008	4.579495	6.1333747	-23.446856	-1.2247102	0.048389617	10817.453398704529
142	-1.7542858	9.777555	6.45	-24.31	317.85715	283999	1.1969464	4.583614	6.01472	-23.311039	-1.2470962	0.047959022	10897.489039182663
143	1.5975	3.5784347	6.23	-3.77	254.75	285999	1.219182	4.5500216	5.9767976	-23.329855	-1.2664534	0.049612958	10980.278792381287
144	-2.5966663	11.49719	9.22	-24.73	392.0	287999	1.279704	4.5459685	6.0103583	-23.245056	-1.3340263	0.05583226	11060.264523744583
145	0.62125003	11.7856455	8.79	-29.36	259.25	289999	1.323051	4.536518	5.948363	-23.055637	-1.373775	0.04617163	11142.320459604263
146	0.33000007	7.668881	8.29	-15.86	313.66666	291999	1.3766664	4.5057783	5.966052	-22.993254	-1.42709	0.046970155	11221.945179462433
147	-2.005	11.33764	7.23	-26.24	340.0	293999	1.3850448	4.519704	6.018377	-22.941105	-1.434977	0.04495617	11301.44224023819
148	4.0699997	2.9310238	9.21	-1.17	164.0	295999	1.3946028	4.550456	6.3651695	-23.032642	-1.4429764	0.0463003	11384.763085365295
149	-8.762501	12.182396	7.65	-26.1	649.75	297999	1.4153557	4.525554	6.402181	-23.093954	-1.463069	0.047219574	11463.369390010834
150	3.0755556	1.4258497	5.17	0.49	165.33333	299999	1.4448556	4.5159187	6.361285	-23.175282	-1.4947102	0.042422164	11544.524535179138
151	2.8516667	5.5182195	8.78	-11.15	221.66667	301999	1.4850026	4.459189	6.349917	-23.021133	-1.5346755	0.051119454	11623.155338525772
152	4.121538	2.4320483	9.09	1.03	147.07692	303999	1.4704342	4.4444575	6.3360023	-22.852062	-1.5189313	0.045172516	11706.363209724426
153	-1.9366666	12.232618	6.66	-28.9	331.5	305999	1.4942836	4.4633956	6.6075134	-22.854887	-1.5447896	0.05347472	11784.460576534271
154	4.5163636	3.4703922	9.15	-1.14	140.81818	307999	1.5547867	4.4551883	6.6824884	-22.852503	-1.6082842	0.05016254	11867.840789079666
155	-3.4375	14.373902	9.0	-26.33	412.75	309999	1.6329783	4.460664	6.9483724	-22.76542	-1.6900352	0.046615954	11945.742158651352
156	-2.57375	11.127416	8.51	-28.95	353.875	311999	1.7394797	4.442401	7.141687	-22.74059	-1.7950891	0.046807792	12024.210896730423
157	1.3662502	8.3491125	9.64	-18.73	259.125	313999	1.8206769	4.4259872	7.2430463	-22.722816	-1.8766456	0.04377435	12102.705633163452
158	4.457143	3.021701	8.84	0.67	160.57143	315999	1.859809	4.4508286	7.423227	-22.383196	-1.913395	0.04713167	12179.740945339203
159	-2.8057144	13.062701	9.04	-24.18	393.7143	317999	1.9038057	4.4256935	7.273511	-22.086864	-1.95526	0.04295199	12259.74980378151
160	5.421428	2.9804025	9.24	1.01	112.57143	319999	1.9445894	4.411122	7.481033	-22.077572	-1.9989029	0.044235863	12341.920645475388
161	3.9769232	4.6707063	8.97	-8.62	191.15384	321999	1.9774405	4.416363	7.460535	-21.763645	-2.029939	0.040917244	12423.610133886337
162	4.9975004	2.0592246	8.45	1.13	122.0625	323999	2.0108063	4.40991	7.5172443	-21.977077	-2.0614395	0.042342726	12504.022643566132
163	4.966471	2.3708847	8.45	-1.06	124.82353	325999	2.007517	4.4369583	7.522092	-21.976513	-2.0587764	0.039998304	12588.871822834015
164	2.515	5.627326	8.78	-11.69	248.625	327999	2.025329	4.4801555	7.4781213	-21.800077	-2.0804908	0.04725631	12667.292440891266
165	2.36125	9.779918	9.44	-22.69	208.875	329999	2.1134374	4.444533	7.656475	-21.80992	-2.1694462	0.045555964	12744.886196613312
166	4.3580003	3.1496916	9.59	-2.59	144.7	331999	2.1556673	4.442849	7.683859	-21.951607	-2.207445	0.041956313	12823.80627655983
167	2.3725004	8.871589	8.38	-30.97	178.875	333999	2.1659024	4.4637356	7.819717	-21.905224	-2.217781	0.041528665	12908.228810310364
168	-1.1557143	9.877575	4.88	-25.19	269.14285	335999	2.2005005	4.5116158	8.067545	-22.052914	-2.2555096	0.04712655	12986.239183425903
169	4.26	2.2536304	7.38	0.46	167.25	337999	2.2590373	4.522467	7.9380946	-22.096682	-2.3119433	0.042062387	13067.43811249733
170	2.0215387	8.57167	9.19	-25.31	211.0	339999	2.2751474	4.521058	7.9924345	-21.959463	-2.3294566	0.03999388	13150.318422317505
171	-1.8624997	11.255301	6.45	-21.22	341.75	341999	2.3308253	4.4890227	8.038216	-21.701723	-2.3847275	0.03935231	13227.719965934753
172	0.9050002	9.902347	7.9	-24.98	249.0	343999	2.3718483	4.4787326	8.158818	-21.501581	-2.426069	0.041307572	13307.76872754097
173	2.6146154	7.766872	8.76	-23.28	201.84616	345999	2.3789256	4.5355835	8.156574	-21.415201	-2.4321475	0.037898995	13388.76806974411
174	-13.41	15.888677	9.05	-25.22	681.3333	347999	2.4072213	4.528138	8.240901	-21.507162	-2.4585917	0.03637878	13464.379598855972
175	4.4700003	3.251007	7.62	-5.74	152.76923	349999	2.4024258	4.5484443	8.042432	-21.590624	-2.4551895	0.037868317	13546.460987091064
176	4.379333	2.4550667	9.28	1.65	132.0	351999	2.4220302	4.595079	8.207696	-21.689604	-2.4782772	0.03674295	13628.591621398926
177	4.4242854	2.3025317	9.32	0.12	133.28572	353999	2.482587	4.5782075	8.306949	-21.91218	-2.5351489	0.037132073	13710.345000743866
178	-14.555	7.5650005	-6.99	-22.12	784.5	355999	2.4688866	4.6162906	8.352841	-22.080181	-2.5199826	0.03701892	13785.539916753769
179	0.25888893	9.035513	8.96	-23.2	281.66666	357999	2.4740515	4.6451526	8.308231	-22.361122	-2.5244346	0.038452957	13863.598881721497
180	4.85	3.0839581	9.12	-1.96	142.5	359999	2.4717865	4.6603303	8.24397	-22.604094	-2.5225813	0.03966934	13953.075864553452
181	2.3260002	9.679273	8.87	-26.06	208.4	361999	2.4664924	4.702034	8.251452	-22.722332	-2.5162067	0.037780315	14050.888409614563
182	-6.5333333	12.203335	2.83	-23.77	513.0	363999	2.4649415	4.736271	8.242096	-22.803387	-2.515754	0.039113656	14140.103539466858
183	-0.66624975	10.473305	8.55	-25.88	292.5	365999	2.480844	4.7594805	8.455403	-23.146057	-2.532722	0.040430427	14232.272909641266
184	4.7723074	3.0201735	9.6	0.11	134.6923	367999	2.5228	4.7554436	8.473389	-23.275568	-2.5745351	0.04248149	14328.931930303574
185	1.7081819	9.040469	9.28	-25.61	216.72728	369999	2.5243897	4.7557483	8.452482	-23.00521	-2.5761147	0.03766404	14424.11015200615
186	5.9278955	1.9884497	9.08	2.45	100.947365	371999	2.5540261	4.7239676	8.681417	-23.096949	-2.6052778	0.035680983	14523.67791056633
187	4.9754543	2.3073454	9.36	-0.46	123.0	373999	2.552998	4.7193413	8.647035	-22.99289	-2.60396	0.03958516	14618.487634897232
188	2.9161541	10.659503	9.56	-22.45	208.46153	375999	2.5673108	4.699603	8.69741	-23.003763	-2.621795	0.042020224	14713.698233604431
189	5.5336843	2.8098872	9.52	0.36	106.10526	377999	2.6287324	4.6351967	8.75054	-22.73167	-2.6790402	0.043390602	14811.83573794365
190	1.3471429	10.957122	8.45	-25.16	224.0	379999	2.637954	4.623205	8.680406	-22.628557	-2.6913877	0.039264366	14903.930262565613
191	2.1100004	9.198198	9.46	-25.72	220.0	381999	2.6571136	4.629426	8.853809	-22.588625	-2.7080703	0.03735798	14999.734105825424
192	2.8822222	10.453031	9.02	-26.23	186.88889	383999	2.663396	4.6169696	8.814429	-22.541008	-2.7133832	0.039426878	15093.591712713242
193	4.853125	4.786919	9.41	-11.51	144.6875	385999	2.6478634	4.6108055	8.833615	-22.403671	-2.700049	0.03572394	15191.581108570099
194	4.77875	2.097379	8.11	1.05	115.9375	387999	2.7005272	4.5666857	8.825155	-22.263008	-2.7519844	0.035393026	15287.898827791214
195	4.9305553	2.067493	9.66	1.93	110.55556	389999	2.6761763	4.5807567	9.124583	-22.15705	-2.7253227	0.04277941	15386.411321401596
196	4.5784616	3.2510633	9.18	-2.61	144.46153	391999	2.707914	4.5645027	8.847381	-22.171694	-2.7597413	0.041521102	15486.397873163223
197	-2.02	12.633233	9.36	-23.22	366.0	393999	2.7477434	4.5569334	8.9907055	-22.23308	-2.7998374	0.041066	15574.700224399567
198	2.2450001	9.735336	9.26	-24.8	234.66667	395999	2.7660534	4.5895524	9.001814	-22.125736	-2.8184755	0.03648744	15667.513767957687
199	4.953125	2.839744	9.54	-1.15	126.5	397999	2.7863925	4.6128364	9.065316	-22.129427	-2.838078	0.036560554	15764.407235145569
200	5.5611763	2.6866486	9.46	1.32	102.47059	399999	2.7935371	4.643274	9.217947	-22.25994	-2.8445084	0.035762485	15859.665672779083
201	4.2166667	1.9720095	7.8	-0.31	138.33333	401999	2.8355627	4.622284	9.244143	-22.236256	-2.8866704	0.035100363	15950.566094875336
202	1.1970001	9.403565	8.22	-23.96	257.1	403999	2.8200226	4.6443553	9.150724	-22.174622	-2.871521	0.03899293	16043.508524894714
203	2.1712499	4.868897	8.88	-6.24	242.5	405999	2.8509312	4.642708	9.174653	-22.20452	-2.9034448	0.037195563	16143.223064661026
204	4.473125	1.612776	7.59	1.58	122.875	407999	2.8779783	4.653825	9.389497	-22.216734	-2.927919	0.03951944	16240.63013291359
205	3.5787501	2.6874218	7.24	-0.91	169.5	409999	2.8816395	4.6510663	9.330355	-22.347902	-2.9317443	0.03709381	16330.481087446213
206	-0.8988888	11.986221	8.24	-25.45	301.0	411999	2.9008775	4.620781	9.353049	-22.208996	-2.951626	0.036537047	16424.33084154129
207	2.38	3.5570557	7.71	-3.89	222.44444	413999	2.8989143	4.621907	9.347614	-22.199564	-2.946981	0.03878777	16517.579330921173
208	3.4428573	1.8355436	6.02	0.71	167.42857	415999	2.9045062	4.653277	9.271756	-22.303217	-2.955954	0.036443368	16608.123623132706
