Epoch	AverageEpRet	StdEpRet	MaxEpRet	MinEpRet	EpLen	AverageVVals	StdVVals	MaxVVals	MinVVals	TotalEnvInteracts	LossPi	LossV	DeltaLossPi	DeltaLossV	Entropy	KL	ClipFrac	StopIter	Time
0	-127.47626	15.421084	-102.608	-142.432	1000.0	0.38197938	0.010264536	0.3897279	0.3614021	4000	1.1920929e-07	153.0076	-0.0052939095	-104.63937	0.918938	0.0030488018	0.052	39.0	845.95969581604
1	-106.97375	9.739725	-97.114	-122.915	1000.0	-5.4516234	0.019927047	-5.4217987	-5.4790874	8000	4.4703484e-08	26.88292	-0.004895189	-17.34477	0.9182338	0.00870971	0.06525	39.0	866.0917227268219
2	-131.50525	25.425293	-91.592	-160.226	1000.0	-7.6450796	0.18180607	-7.3408875	-7.792741	12000	-5.9604645e-08	36.627327	-0.0041736457	-19.86317	0.915642	0.0054231635	0.03975	39.0	1241.779138326645
3	-128.0055	21.1831	-91.61	-143.956	1000.0	-10.049326	0.0056303507	-10.041114	-10.054625	16000	1.4901161e-08	13.745605	-0.0044129267	-5.9031825	0.90794957	0.004232455	0.032750003	39.0	1571.8924887180328
4	-97.84775	45.575485	-33.125	-150.997	843.5	-11.514604	0.006537845	-11.504767	-11.524481	20000	-2.9802322e-08	11.347609	-0.0052492917	-0.06880444	0.9015804	0.0042767758	0.051749997	39.0	1725.4311661720276
5	-107.48275	65.33686	-24.504	-173.992	819.0	-11.445535	0.027669849	-11.345654	-11.460366	24000	-5.9604645e-08	27.403206	-0.005611241	-1.0442057	0.8881071	0.0065500885	0.0775	39.0	1773.128228187561
6	-109.9715	26.70731	-91.284	-155.956	1000.0	-11.946546	0.0137273455	-11.925111	-11.961832	28000	-2.9802322e-08	9.040421	-0.0048894286	-0.36909193	0.8773269	0.007660712	0.049500003	39.0	2267.7141222953796
7	-87.638245	61.49061	-15.016	-166.379	659.0	-11.627645	0.12304597	-11.35443	-11.701658	32000	7.450581e-09	14.496302	-0.002491787	-5.5726137	0.8840984	0.015239146	0.213	5.0	2389.8993470668793
8	-118.2495	15.861533	-101.086	-143.749	1000.0	-8.3726635	0.68359864	-7.709572	-9.364637	36000	-9.685755e-08	11.933624	-0.0062582567	-10.506991	0.88505524	0.0060212035	0.04425	39.0	3170.16645526886
9	-89.86425	46.26176	-14.131	-130.175	811.0	-12.516346	0.51407874	-10.55088	-12.738763	40000	8.940697e-08	9.323099	-0.0034781098	-5.095949	0.8823988	0.00762273	0.061249997	39.0	3282.116100549698
10	-74.263504	60.02264	-11.5	-135.343	619.0	-11.063181	1.0451018	-8.479794	-11.901228	44000	-3.7252903e-09	8.726406	-0.0043445313	-5.7815404	0.88545704	0.0028481528	0.0425	39.0	3405.2349400520325
11	-83.65599	46.424503	-22.715	-130.646	754.0	-11.144354	2.70133	-3.3344097	-12.720943	48000	0.0	2.7203436	-0.005322201	-0.87863743	0.88806796	0.004650508	0.066	39.0	3894.848300933838
12	-85.156	59.352425	-8.523	-157.341	699.2	-11.776691	2.5603874	-4.5968347	-12.8854475	52000	1.4901161e-08	5.308222	-0.0062311003	-1.6642567	0.8796286	0.009075082	0.0515	39.0	4180.169715881348
13	-77.130005	40.24696	-23.978	-113.007	768.2	-11.489877	3.4039693	-4.2959876	-13.537089	56000	6.7055225e-08	5.0045276	-0.0051349793	-3.1404808	0.86867285	0.005457356	0.0455	39.0	4563.833054304123
14	-126.550995	23.703728	-107.175	-166.689	1000.0	-8.213008	2.5811818	-4.2686434	-11.030503	60000	1.1920929e-07	23.251976	-0.0027890205	-17.521759	0.86899185	0.0033530826	0.0315	39.0	4585.685910463333
15	-66.7358	44.520878	-22.863	-130.395	658.8	-11.665765	0.9349899	-10.469952	-12.834262	64000	4.4703484e-08	13.671569	-0.0045314953	-7.970219	0.8737767	0.004101259	0.05725	39.0	5100.471746444702
16	-114.489746	25.83727	-79.658	-143.44	979.75	-11.533151	1.2289346	-9.524975	-12.719698	68000	2.9802322e-08	5.4731407	-0.0025020614	-1.6238952	0.8664941	0.0026804437	0.01825	39.0	5827.481387853622
17	-128.7285	18.59401	-106.352	-153.447	1000.0	-12.171256	2.0893102	-8.505407	-13.400835	72000	7.450581e-09	4.68742	-0.0053702397	-1.8324447	0.864537	0.0052806735	0.052249998	39.0	6626.546490192413
18	-111.907745	57.388042	-16.495	-166.939	816.0	-13.425744	1.197089	-8.949122	-13.910251	76000	-1.4901161e-08	8.029724	-0.0047127567	-4.3199563	0.8548954	0.005166574	0.0555	39.0	6751.2066333293915
19	-75.1974	63.83391	-21.02	-171.316	612.2	-10.849074	3.3144772	-5.335628	-14.5846615	80000	2.9802322e-08	6.8545327	-0.006343052	-3.3718698	0.84708005	0.0069795977	0.074750006	39.0	7029.525174856186
20	-64.1675	43.603523	-13.716	-124.89	672.25	-9.991591	3.264149	-4.6091223	-12.665458	84000	0.0	6.1288657	-0.0037205066	-5.039135	0.84492457	0.0064435923	0.043	39.0	7385.4403257369995
21	-72.2396	36.604713	-21.161	-124.392	792.8	-10.419857	3.4832807	-5.0930066	-15.285718	88000	2.9802322e-08	4.408064	-0.0062185116	-2.3415143	0.84469163	0.007058656	0.06725	39.0	8038.044847488403
22	-89.06975	33.088097	-35.135	-120.441	862.5	-8.808097	3.4394627	-4.392139	-12.720098	92000	-2.9802322e-08	10.544904	-0.0058981627	-7.494568	0.8379825	0.0064838515	0.06275	39.0	8728.469180345535
23	-80.387	62.451508	-22.408	-171.257	649.5	-10.900551	2.1229165	-8.55896	-13.515335	96000	-2.9802322e-08	8.377853	-0.0029975437	-4.6969523	0.83146995	0.004704232	0.041249998	39.0	9594.244724035263
24	-100.1855	51.796997	-17.507	-159.115	808.0	-10.9867	3.4386704	-7.14968	-15.702842	100000	0.0	3.8491516	-0.0048669986	-2.1637073	0.8289024	0.004580188	0.0485	39.0	10327.438985347748
25	-137.68	31.445763	-87.921	-165.697	1000.0	-14.674147	2.1147308	-10.953821	-16.014845	104000	2.2351742e-08	5.71758	-0.006635383	-1.2373254	0.82638276	0.004437737	0.06575	39.0	10349.126409769058
26	-69.025505	53.459263	-10.186	-123.554	622.8333	-11.529953	1.6154768	-7.507573	-13.357429	108000	1.4901161e-08	7.132675	-0.005775355	-5.198485	0.8247015	0.0059189284	0.05925	39.0	10712.714453220367
27	-99.14025	42.11535	-32.378	-145.703	851.5	-11.77291	3.2022445	-3.9833295	-15.531746	112000	0.0	2.9638057	-0.004764376	-1.3600658	0.82320696	0.007360314	0.05975	39.0	10979.969258785248
28	-113.147	62.67783	-17.508	-192.827	818.5	-13.192521	2.460734	-4.8787737	-15.373658	116000	-4.4703484e-08	7.0159497	-0.004504245	-2.7368228	0.8145772	0.0040436857	0.049000002	39.0	11132.054054498672
29	-96.6315	41.08937	-27.787	-131.055	854.75	-12.442451	5.7318463	-4.701271	-16.860094	120000	-5.9604645e-08	16.174252	-0.004958302	-10.691103	0.8174844	0.006605888	0.0515	39.0	11905.579394340515
30	-112.5505	46.221798	-35.871	-156.33	902.0	-12.526971	1.8176962	-8.512998	-13.893289	124000	1.4901161e-08	6.2677135	-0.0027209138	-2.343779	0.8165422	0.0028973846	0.0415	39.0	12137.869551181793
31	-49.438	43.35023	-7.457	-121.841	518.1667	-10.2809105	2.166612	-7.1956096	-13.299498	128000	1.4901161e-08	3.4792435	-0.006007325	-1.8892996	0.81491786	0.009498443	0.0755	39.0	12494.487139463425
32	-139.237	67.349785	-23.639	-190.286	812.25	-12.572345	3.0970871	-4.788187	-14.417017	132000	-1.4901161e-08	14.347503	-0.0038861409	-10.212944	0.81357396	0.006670066	0.047250003	39.0	12526.093716144562
33	-83.58275	62.364597	-20.406	-170.018	646.5	-13.985767	4.7517896	-6.526224	-17.732773	136000	0.0	10.5817585	-0.0067562386	-6.8677206	0.8081738	0.004915356	0.0575	39.0	12674.442438840866
34	-57.680504	58.02498	-14.49	-157.632	477.25	-9.988777	3.4673986	-5.6936593	-15.220874	140000	-1.4901161e-08	4.742153	-0.007241925	-1.8264027	0.8142442	0.0019558845	0.063	39.0	13361.85531783104
35	-35.324497	24.671183	-8.987	-87.262	424.33334	-10.001366	4.3947973	-5.372365	-16.471552	144000	1.4901161e-08	5.1793427	-0.006097574	-1.8908498	0.8065292	0.007957366	0.045	39.0	13799.649523735046
36	-97.70775	11.030197	-81.383	-111.353	1000.0	-8.593152	2.1729488	-5.4378614	-11.679515	148000	-1.4901161e-08	5.590102	-0.0035172664	-4.412199	0.7969118	0.0026396834	0.036000002	39.0	14618.868450403214
37	-74.954	64.38422	-17.579	-166.559	611.4	-11.682422	2.199851	-8.943179	-14.514953	152000	-5.2154064e-08	11.161499	-0.0077641495	-8.187392	0.7902924	0.0059213815	0.0785	39.0	14953.587343931198
38	-82.88049	33.124336	-28.122	-116.812	833.0	-10.46911	2.3083649	-5.699286	-13.796612	156000	-2.9802322e-08	1.8603911	-0.00777955	-0.44620377	0.78303343	0.006157936	0.07575	39.0	15548.010791301727
39	-116.54725	40.709404	-82.897	-185.619	1000.0	-10.791318	3.7744138	-5.452084	-16.037626	160000	2.9802322e-08	5.5513434	-0.0032291636	-3.4143813	0.7803302	0.0036531826	0.032250002	39.0	16337.587070703506
40	-90.986755	10.800416	-80.738	-107.768	1000.0	-11.607662	1.238194	-10.565551	-13.924993	164000	-6.7055225e-08	5.753469	-0.0044551566	-4.918598	0.77364445	0.0033316263	0.041	39.0	16358.453708171844
41	-57.404396	34.443317	-27.691	-116.36	626.6	-9.449059	2.5823202	-6.1535153	-13.139543	168000	1.4901161e-08	2.4782043	-0.006939275	-0.55023015	0.7665585	0.0035649242	0.087	39.0	16658.466606616974
42	-35.542168	34.101925	-9.305	-110.15	409.83334	-10.412482	3.910282	-5.8332705	-17.562824	172000	1.4901161e-08	5.081296	-0.0054290937	-2.0533175	0.76319724	0.0014727595	0.029499998	39.0	17048.01708340645
43	-107.1705	51.54014	-35.807	-178.696	853.0	-9.785549	3.7024658	-4.7270045	-15.394479	176000	2.2351742e-08	6.75819	-0.005818229	-4.993927	0.7637385	0.007775143	0.077750005	39.0	17255.254964351654
44	-57.806202	34.569042	-13.048	-104.066	725.8	-8.882306	1.762955	-6.2277904	-11.796308	180000	-2.6077032e-08	4.607707	-0.0074447524	-2.3894725	0.7601993	0.003950973	0.09225	39.0	17710.419882774353
45	-77.535995	42.739376	-21.642	-132.893	829.75	-10.3395	4.413874	-5.7662683	-17.462091	184000	-2.9802322e-08	5.4758253	-0.0042195767	-3.666028	0.75060296	0.007407145	0.0635	39.0	18303.89143562317
46	-51.6074	45.29007	-22.46	-140.255	570.8	-8.0700655	4.2139697	-4.590729	-14.666669	188000	0.0	3.2321959	-0.006043423	-1.0977284	0.7503595	0.003929413	0.049500003	39.0	19020.764804840088
47	-41.913002	38.0361	-17.417	-107.629	484.0	-7.3618703	1.6824054	-4.6762857	-9.719885	192000	0.0	1.653865	-0.006472105	-0.6476902	0.73987055	0.0056172563	0.05125	39.0	19257.795848846436
48	-77.34799	47.171043	-12.563	-143.829	809.0	-9.609757	2.9239016	-4.268964	-14.270853	196000	2.2351742e-08	1.3012264	-0.006460257	-0.58923554	0.7349584	0.0063212933	0.10025	39.0	19487.07993030548
49	-140.63126	48.649555	-60.316	-191.436	1000.0	-13.530385	4.0782747	-6.4223537	-16.31783	200000	-1.4901161e-08	5.4084105	-0.004948389	-2.6070828	0.72918284	0.0056230025	0.05875	39.0	19511.921257972717
50	-94.551506	14.813328	-78.952	-114.718	1000.0	-9.090356	2.2421405	-6.552229	-12.994639	204000	5.9604645e-08	0.7700674	-0.004297666	-0.6120474	0.73076695	0.004356289	0.06075	39.0	19539.187027215958
51	-64.638	51.787453	-31.291	-170.794	588.5	-10.529617	4.7357774	-4.452208	-17.17397	208000	-2.9802322e-08	6.961135	-0.0063890535	-4.1404734	0.72332025	0.007878449	0.0725	39.0	19793.400945186615
52	-64.17475	52.864532	-11.378	-145.917	647.25	-11.696665	5.0372205	-5.198078	-18.0693	212000	2.2351742e-08	5.397817	-0.0064527616	-3.2510467	0.72012526	0.0038949682	0.056	39.0	20211.10778427124
53	-110.5625	33.34643	-72.405	-155.167	1000.0	-11.362458	3.488076	-6.598788	-16.64668	216000	-2.9802322e-08	3.6811566	-0.0037002377	-2.6970606	0.7133248	0.0017782482	0.0335	39.0	20237.510818243027
54	-54.46575	21.037611	-29.587	-80.509	904.5	-7.206199	1.183269	-5.872002	-9.632049	220000	-2.2351742e-08	4.955127	-0.00424199	-3.3461022	0.7134838	0.005226587	0.045999996	39.0	20831.962613105774
55	-66.104004	16.282839	-50.164	-93.125	1000.0	-9.412803	3.2127976	-3.9762158	-14.0926285	224000	1.1920929e-07	12.6498375	-0.0045700874	-10.880711	0.7132653	0.004649317	0.0595	39.0	21123.7700381279
56	-73.26575	35.712822	-19.556	-118.704	832.0	-7.1406374	2.6959455	-3.7880754	-10.92527	228000	0.0	5.9703817	-0.0055250954	-4.4331703	0.7170599	0.0065071043	0.05675	39.0	21963.577981710434
57	-78.229	33.59662	-43.194	-120.09	1000.0	-7.1859674	1.6114086	-5.6419325	-10.233766	232000	5.9604645e-08	4.6102123	-0.0046644956	-3.7422342	0.71273446	0.0056461114	0.054250002	39.0	22593.884816884995
58	-82.1825	62.32101	-12.92	-151.533	647.75	-8.897861	1.1040417	-6.8954167	-10.244614	236000	-1.4901161e-08	18.901129	-0.006527461	-15.730539	0.70839316	0.004765397	0.05475	39.0	22770.515817642212
59	-107.84375	36.53366	-65.195	-144.436	1000.0	-9.399189	1.7776028	-7.022534	-12.576793	240000	-5.9604645e-08	12.944561	-0.004981436	-11.578359	0.7019863	0.0034960087	0.03875	39.0	23342.70596218109
60	-59.10683	42.57575	-28.975	-146.731	614.1667	-8.703041	3.2815452	-6.2741585	-14.439949	244000	-7.450581e-09	3.3484	-0.0044597387	-0.7671865	0.69848365	0.0023342692	0.05325	39.0	23766.300258636475
61	-87.37951	71.7165	-15.01	-160.451	630.0	-11.604092	3.2258158	-5.882003	-14.857203	248000	0.0	12.244825	-0.0062722713	-9.1670685	0.69236004	0.0066058817	0.07875	39.0	23953.563091754913
62	-77.56625	33.202816	-51.944	-134.148	1000.0	-7.224915	2.5185256	-4.6440287	-11.514948	252000	0.0	3.1164856	-0.0058038384	-2.0950878	0.6901953	0.0066915434	0.07175	39.0	24773.86477303505
63	-69.87325	52.303795	-21.639	-147.138	674.0	-9.794847	5.2934093	-5.079237	-16.583307	256000	-2.9802322e-08	6.5325418	-0.0049550934	-4.0757456	0.694888	0.0074824863	0.082499996	39.0	25679.205243825912
64	-22.812428	7.7126446	-9.074	-32.005	346.14285	-8.27859	2.8348763	-5.5115786	-13.754276	260000	2.2351742e-08	6.963376	-0.004021302	-4.534965	0.69243544	0.0073507973	0.04125	39.0	26347.342948913574
65	-93.79225	26.934322	-57.656	-120.553	1000.0	-7.6454787	2.0408437	-4.646769	-10.629448	264000	-1.4901161e-08	4.89902	-0.0044570398	-4.3746953	0.6893379	0.0060509085	0.038999997	39.0	26902.907195329666
66	-47.172	8.548988	-33.059	-55.004	853.5	-7.0035124	3.6582775	-5.0819793	-16.110434	268000	7.450581e-09	2.7364068	-0.003424821	-0.6021669	0.6898392	0.0071486467	0.036	39.0	27545.558377981186
67	-84.675	42.91733	-25.149	-130.126	831.25	-8.602045	3.6217024	-4.9602165	-12.998963	272000	7.450581e-09	2.360985	-0.0030618985	-1.1162138	0.68745875	0.002582802	0.03525	39.0	27630.12677717209
68	-63.2494	48.538403	-19.864	-156.672	719.8	-8.500961	4.489163	-5.52929	-16.691467	276000	-7.450581e-09	2.4972389	-0.0056382017	-0.60178316	0.688011	0.0069311173	0.0705	39.0	28270.110353946686
69	-104.9945	42.03263	-56.071	-148.76	1000.0	-10.110821	4.776691	-5.3133135	-16.07835	280000	-1.4901161e-08	1.4220917	-0.0057790987	-0.42326725	0.6827106	0.007259448	0.08325	39.0	28295.727005958557
70	-79.3155	28.649956	-48.331	-110.026	1000.0	-8.274441	2.335691	-5.950406	-11.768847	284000	-2.2351742e-08	1.6956334	-0.0052705472	-0.93497646	0.67848825	0.009077509	0.08125	39.0	28557.080039024353
71	-124.2385	21.907536	-87.568	-144.059	1000.0	-9.318566	2.6397338	-5.1559467	-13.042954	288000	6.7055225e-08	9.82061	-0.0048778057	-8.716646	0.6726286	0.0066319397	0.058250003	39.0	28580.320447921753
72	-84.61749	64.671425	-15.971	-150.069	661.0	-13.3504505	2.0424776	-8.296083	-15.329926	292000	2.6077032e-08	6.1039023	-0.0072611384	-4.6724567	0.66765076	0.011624082	0.098	39.0	28829.907677412033
73	-33.0384	10.370254	-23.054	-47.634	613.2	-5.2487006	0.3084716	-4.86298	-5.6444445	296000	7.450581e-09	2.468407	-0.0050241044	-0.33588848	0.667266	0.0070676836	0.04475	39.0	29506.196424245834
74	-49.665253	7.656979	-42.238	-62.442	1000.0	-4.7756114	0.14181466	-4.6465726	-5.041773	300000	2.2351742e-08	1.7564669	-0.0043946886	-0.24577487	0.67055434	0.004870613	0.03925	39.0	30207.938105106354
75	-86.57175	32.833065	-55.614	-134.2	1000.0	-7.8070564	3.0859582	-4.9480643	-12.9599085	304000	8.940697e-08	2.1532373	-0.005916589	-1.0672069	0.6664492	0.0032200953	0.04375	39.0	30234.43759036064
76	-64.175255	45.676743	-30.406	-141.985	732.75	-8.346229	4.641308	-4.3425055	-14.89273	308000	-2.2351742e-08	1.4374747	-0.005534315	-0.3559959	0.65865844	0.0052066213	0.049500003	39.0	30700.697698116302
77	-103.58925	38.154686	-44.598	-149.527	1000.0	-11.238118	3.4623246	-5.6514387	-15.856914	312000	-1.4901161e-08	2.284475	-0.005328417	-1.1062808	0.65741986	0.007867042	0.08400001	39.0	31282.653401613235
78	-107.207	18.089588	-85.231	-134.323	1000.0	-8.887565	3.1354954	-4.338727	-12.504203	316000	-1.4901161e-08	5.471469	-0.0050878003	-4.7796416	0.66578394	0.01535451	0.14625001	10.0	31305.701449871063
79	-125.982994	9.978511	-118.768	-143.124	1000.0	-12.6505995	1.0834576	-10.320446	-14.765814	320000	4.4703484e-08	0.73708045	-0.0025915653	-0.3946038	0.6683854	0.0007949353	0.024	39.0	31328.310492753983
80	-79.59525	57.22022	-19.876	-144.639	660.25	-11.210778	4.5552344	-4.9964666	-17.953014	324000	-5.9604645e-08	2.8908021	-0.006897595	-1.8439832	0.67214656	0.009880979	0.082499996	39.0	31621.882021427155
81	-88.16499	42.682983	-26.664	-130.607	851.0	-10.315055	2.6054735	-5.476559	-14.269417	328000	2.9802322e-08	1.5713534	-0.004495155	-0.91436356	0.6788942	0.005863544	0.069	39.0	31837.33766889572
82	-52.177795	36.98766	-12.501	-121.059	753.4	-8.020137	3.5086775	-4.82763	-14.666696	332000	5.029142e-08	3.981688	-0.005137019	-1.8858134	0.67864716	0.0052455366	0.0395	39.0	32521.943689584732
83	-59.971832	47.92191	-20.858	-144.389	659.1667	-8.374579	4.0460925	-4.407332	-14.496924	336000	3.1664968e-08	2.032832	-0.0058778953	-0.35505143	0.6768197	0.007803267	0.07225	39.0	33051.78293800354
84	-45.78425	42.019226	-13.549	-117.814	522.75	-8.577883	3.570027	-3.8507626	-12.520646	340000	7.450581e-09	1.4890554	-0.007846447	-0.21384327	0.66828126	0.008106894	0.078	39.0	33471.480461359024
85	-54.814	44.300945	-10.116	-130.108	607.8333	-7.426267	2.9749105	-4.0294814	-12.30919	344000	-2.9802322e-08	3.3643317	-0.007657949	-1.3818034	0.67068905	0.009195384	0.0965	39.0	33954.83458828926
86	-66.592	26.444855	-26.9	-91.795	859.0	-7.427354	2.7716517	-4.4900794	-10.854309	348000	-7.450581e-09	1.8369672	-0.004551146	-0.6733748	0.6696442	0.0032104678	0.052500002	39.0	34425.428136348724
87	-44.252	15.447521	-21.593	-60.396	774.25	-5.188552	1.2351606	-4.193312	-8.879714	352000	7.450581e-09	2.011486	-0.0045256	-0.30533177	0.6651152	0.0048797587	0.05275	39.0	34787.836956977844
88	-68.834	31.280668	-37.435	-100.554	831.75	-7.6969266	2.7842715	-4.0597944	-11.8155	356000	1.4901161e-08	1.4907928	-0.005935654	-0.6025447	0.66739285	0.005000826	0.06375	39.0	35258.68107557297
89	-74.39675	15.1673155	-51.966	-94.659	1000.0	-7.905043	1.4244938	-5.436456	-9.463252	360000	0.0	1.7550974	-0.0034447322	-1.4556882	0.66982126	0.006602485	0.029	39.0	35283.472043037415
90	-63.534595	40.229706	-19.811	-119.531	745.6	-7.5191317	2.3268647	-4.52176	-10.874338	364000	2.9802322e-08	1.676016	-0.004439963	-0.8473003	0.6756436	0.0067828186	0.07275	39.0	35738.861810684204
91	-54.2585	27.427376	-25.209	-94.737	809.25	-7.3117943	2.5321598	-3.9298952	-11.680819	368000	7.4505806e-08	2.7811742	-0.0055391453	-1.4475081	0.68180203	0.0059260484	0.04625	39.0	36231.67139196396
92	-69.39	15.273324	-47.917	-85.527	1000.0	-7.1352687	1.68656	-4.9767685	-9.784659	372000	1.4901161e-08	0.6648567	-0.0023858994	-0.466206	0.6801638	0.016685769	0.19675	3.0	36533.15876317024
93	-33.801834	8.930175	-20.431	-48.283	628.8333	-4.257004	0.7420059	-3.5250068	-6.534068	376000	-1.4901161e-08	3.5519938	-0.0050270176	-0.6313258	0.67990595	0.0054858755	0.043	39.0	37183.939462184906
94	-47.3712	39.29311	-15.007	-97.162	552.6	-7.3578143	1.410241	-4.438945	-9.094674	380000	7.450581e-09	1.6545638	-0.0064730123	-1.0026715	0.6809994	0.006994445	0.0745	39.0	37453.26786160469
95	-38.176502	34.478664	-7.87	-96.592	474.5	-7.3641167	3.100447	-3.3395865	-12.50346	384000	2.8871e-08	1.5536366	-0.0086596105	-0.42481685	0.6855273	0.0067058965	0.11525001	39.0	37763.42734503746
96	-41.0046	32.689487	-14.459	-101.725	593.8	-6.585316	2.862807	-3.1398332	-10.657879	388000	-1.4901161e-08	1.3234723	-0.0056521893	-0.2916289	0.6810715	0.005010697	0.066750005	39.0	38400.017968177795
97	-47.2938	31.592112	-13.977	-85.62	595.6	-7.800674	2.065431	-3.802914	-10.714264	392000	-1.8626451e-09	1.5066941	-0.006338728	-0.4049778	0.6839727	0.0047821705	0.063250005	39.0	38663.9535036087
98	-30.434399	24.215925	-10.145	-77.896	473.4	-5.6980844	1.5304343	-3.1697721	-8.917564	396000	-2.2351742e-08	1.9608417	-0.00641239	-0.63769436	0.6833889	0.0043349257	0.07775	39.0	38975.016221523285
99	-36.510002	38.544132	-8.215	-112.975	442.2	-6.300418	3.0642512	-2.3275347	-10.247201	400000	2.9802322e-08	2.1370316	-0.006905986	-1.008044	0.67766464	0.00726811	0.0775	39.0	39637.88658499718
100	-25.5275	6.5536346	-19.194	-34.775	429.5	-5.4603386	1.3225948	-3.60673	-7.828722	404000	1.8626451e-09	2.2583022	-0.0046777176	-0.89601195	0.67572176	0.0043601696	0.055499997	39.0	39867.4953186512
101	-43.832405	32.55066	-15.567	-96.3	603.4	-7.067588	2.4349947	-2.6127279	-10.09857	408000	3.7252903e-09	0.9171773	-0.0061423085	-0.26307848	0.6688228	0.0026053383	0.0655	39.0	40244.44179749489
102	-54.6032	25.938215	-20.868	-88.021	726.2	-7.6350136	1.4792914	-4.500372	-9.278206	412000	0.0	1.675489	-0.003873747	-0.6117747	0.6655801	0.005022237	0.036749996	39.0	40436.62930893898
103	-63.428005	29.115202	-16.297	-95.939	816.0	-8.022176	1.4915891	-4.939509	-10.490489	416000	9.313226e-09	0.90259004	-0.0055617047	-0.35613498	0.66391116	0.00469922	0.050750002	39.0	40740.66193604469
104	-67.61825	25.990967	-23.067	-88.489	846.25	-6.7290063	0.99943256	-3.3221498	-8.267842	420000	0.0	1.5322211	-0.004704276	-0.93933505	0.65758204	0.0056416737	0.04775	39.0	40919.71150588989
105	-31.525002	20.160337	-10.463	-60.844	610.0	-6.7392697	2.154425	-2.8866394	-9.900091	424000	1.4901161e-08	1.4432662	-0.0065934537	-0.52202284	0.65939647	0.0068463776	0.065249994	39.0	41771.94629049301
106	-32.4095	20.80589	-15.029	-77.425	556.8333	-4.728107	1.8563797	-2.1186612	-8.42026	428000	2.9802322e-08	2.3410637	-0.0062629655	-0.90837115	0.6570518	0.010196141	0.06025	39.0	42572.017605781555
107	-75.860504	21.50443	-56.527	-112.303	1000.0	-8.00128	2.919062	-3.0954373	-12.881935	432000	-7.450581e-09	2.053863	-0.006418396	-1.7649997	0.6497412	0.0042232014	0.063	39.0	43288.10718989372
108	-42.390602	33.173985	-8.607	-97.906	581.4	-5.7435865	2.3765686	-1.9000108	-9.957669	436000	-1.4901161e-08	1.8122361	-0.008024871	-1.043565	0.63843036	0.0078984	0.07775	39.0	44029.64564037323
109	-26.685598	16.095127	-12.43	-57.746	414.6	-5.0148973	0.92858946	-1.9063839	-6.348589	440000	4.4703484e-08	5.156919	-0.0045703948	-3.723792	0.6487965	0.0013504154	0.0345	39.0	44748.81073284149
110	-25.401499	17.055092	-9.487	-55.994	493.33334	-7.083442	1.4583944	-3.8645766	-10.164244	444000	2.6077032e-08	5.607634	-0.0058966763	-4.5894747	0.64707327	0.010692363	0.06825	39.0	45439.51410102844
111	-37.4616	35.24276	-14.571	-107.615	432.4	-6.1753163	2.4438312	-2.3202503	-10.514858	448000	-3.7252903e-08	2.3163755	-0.008850717	-1.3395473	0.64519334	0.0069318768	0.074	39.0	45865.1414642334
112	-19.563	10.559804	-8.237	-40.904	384.16666	-5.297102	1.9446361	-2.4560726	-9.321476	452000	2.6077032e-08	1.2579063	-0.007675359	-0.6089347	0.6340556	0.0062018326	0.0805	39.0	46732.45118188858
113	-54.670204	31.398483	-15.528	-93.211	729.0	-7.058557	2.1040783	-1.5741018	-9.286158	456000	-7.450581e-09	0.67286795	-0.00606519	-0.41488802	0.63191986	0.0049339123	0.069000006	39.0	47378.52630853653
114	-39.890835	28.9218	-11.918	-95.586	605.1667	-5.651725	2.701975	-0.57462263	-9.555793	460000	-4.4703484e-08	1.1984906	-0.004865978	-0.72480136	0.62859464	0.0044859564	0.0475	39.0	48034.53495812416
115	-54.8166	29.163958	-15.229	-87.017	759.6	-6.7434464	2.0622878	-1.1033413	-9.068164	464000	-2.2351742e-08	0.9528131	-0.008334182	-0.49945426	0.63157386	0.008327497	0.0555	39.0	48339.51540732384
116	-61.916504	28.48792	-13.236	-84.152	811.25	-7.3498125	1.1215688	-3.1640148	-8.654852	468000	-1.4901161e-08	0.8313515	-0.0043202937	-0.34719604	0.63308847	0.010713666	0.073750004	39.0	48442.925793886185
117	-33.9652	26.93028	-7.808	-73.019	532.4	-5.5967326	2.4928832	-1.4468918	-9.08643	472000	0.0	2.4685853	-0.004874021	-1.9184822	0.6363194	0.0042652907	0.06475	39.0	49182.71377372742
118	-50.825005	25.296204	-20.233	-83.133	732.8	-5.2156386	1.5119289	-3.082481	-7.3824644	476000	0.0	2.7850513	-0.0037661046	-1.4810963	0.633317	0.004887307	0.041500002	39.0	49959.958958148956
119	-16.827875	5.0281744	-11.547	-27.121	319.125	-6.717326	1.8152093	-3.5555556	-9.739214	480000	-2.0489097e-08	5.398083	-0.007414922	-4.5720863	0.64098233	0.00841907	0.072500005	39.0	50446.74064397812
120	-64.83725	35.837566	-12.767	-107.929	817.0	-5.4031835	1.9909056	-0.70913017	-8.941259	484000	-1.4901161e-08	12.67952	-0.0047708526	-11.278673	0.6330354	0.0040984647	0.03375	39.0	51321.225284576416
121	-76.432495	41.885593	-9.992	-125.904	800.5	-6.2113166	1.9251455	-1.2076002	-9.253336	488000	-5.9604645e-08	7.1780663	-0.0043524727	-6.415084	0.6235439	0.0060137287	0.056999996	39.0	51757.297072172165
122	-66.459	29.002909	-21.539	-101.817	844.0	-10.296342	2.6768954	-2.1448278	-12.193628	492000	-2.9802322e-08	5.9037423	-0.004688952	-4.8666873	0.6266478	0.005706598	0.06025	39.0	52684.57196855545
123	-28.34675	14.706045	-17.611	-53.632	491.25	-5.941807	1.7556906	-1.1091622	-10.39305	496000	1.1175871e-08	2.8844774	-0.0033410564	-2.1520085	0.6259356	0.009210955	0.066750005	39.0	53508.13712310791
124	-42.3825	29.2532	-10.962	-81.836	633.0	-5.683867	1.4173169	-1.5425736	-8.259363	500000	-5.2154064e-08	6.738005	-0.0055542216	-5.89453	0.6235592	0.007078032	0.0555	39.0	54114.557050943375
125	-35.763	30.963821	-6.193	-97.207	481.2857	-6.4537287	1.6862295	-2.266989	-8.122318	504000	-1.8626451e-08	2.476647	-0.007857949	-1.3189716	0.6166126	0.006201749	0.07	39.0	54459.3778219223
126	-47.863667	39.933548	-10.546	-113.363	524.1667	-6.0672197	2.0627153	-0.92097723	-9.2646885	508000	7.4505806e-08	8.629319	-0.0074454173	-6.09009	0.60934436	0.0018766543	0.06075	39.0	54859.62244844437
127	-72.26875	27.867544	-24.131	-91.419	837.75	-8.3762245	0.7878076	-6.697529	-9.10614	512000	-2.9802322e-08	1.7817695	-0.005464563	-1.1983159	0.6012356	0.0028268604	0.050750002	39.0	55064.11644124985
128	-35.182	22.03254	-9.47	-57.217	615.25	-6.92578	1.9535124	-1.5846652	-9.11756	516000	2.2351742e-08	1.6435475	-0.004574064	-1.3147882	0.5939525	0.00859364	0.0885	39.0	55669.38840818405
129	-26.721445	17.037745	-12.044	-71.14	404.22223	-5.212962	2.733424	-0.14606257	-9.130751	520000	1.4901161e-08	2.9881792	-0.007258408	-1.778384	0.5926494	0.0076094894	0.107250005	39.0	56025.51966166496
130	-68.05975	35.434895	-28.498	-121.844	874.25	-5.256227	1.7187419	-1.186607	-8.330445	524000	2.9802322e-08	13.087711	-0.006767161	-12.135918	0.5952559	0.0055582696	0.052500002	39.0	56809.00372171402
131	-73.26075	26.896755	-26.789	-90.687	832.25	-8.385882	2.371	-5.137101	-11.552897	528000	-2.9802322e-08	7.300132	-0.0065771006	-6.362912	0.5969806	0.006923116	0.05725	39.0	56912.48418664932
132	-51.35275	19.64538	-22.361	-76.576	836.0	-6.713834	0.8193884	-5.4596786	-7.7759056	532000	1.4901161e-08	5.042367	-0.0048704315	-4.073733	0.5849246	0.0070261816	0.0425	39.0	57680.1963698864
133	-31.547998	20.144983	-13.693	-70.808	499.6	-5.8132215	1.0589995	-2.4725196	-8.249228	536000	1.3038516e-08	2.336213	-0.005637575	-1.447653	0.5814873	0.007194302	0.07125	39.0	58207.63787674904
134	-34.93233	26.925299	-8.009	-74.398	541.6667	-6.274348	1.8800218	-3.9320548	-8.982502	540000	3.7252903e-08	3.64685	-0.005887732	-2.3485403	0.57551724	0.0071718674	0.056	39.0	59086.25272130966
135	-51.5136	31.92013	-8.552	-91.195	688.6	-6.6475253	1.7035619	-0.8300032	-8.061804	544000	0.0	0.9343798	-0.0053656176	-0.43526313	0.56768	0.013789629	0.122999996	39.0	59838.06154727936
136	-20.183142	7.87557	-12.988	-37.463	372.2857	-6.3730206	2.150407	-1.8995174	-9.459067	548000	3.3527613e-08	4.570204	-0.007298665	-3.024431	0.5639287	0.010022825	0.08375	39.0	60509.05515432358
137	-42.1515	39.416893	-6.319	-107.882	498.83334	-5.6188416	2.0882418	-0.96835035	-9.450077	552000	5.9604645e-08	8.827162	-0.005775843	-6.373144	0.5583359	0.00581033	0.05525	39.0	61203.55827212334
138	-62.392006	33.00465	-13.061	-102.309	770.4	-7.8056045	1.6745144	-1.4528087	-8.885067	556000	0.0	2.4411716	-0.003951896	-1.5681936	0.5483568	0.0050956663	0.05675	39.0	62146.86777949333
139	-22.892574	10.684869	-13.32	-45.849	409.7143	-6.007547	2.1636257	-0.1364022	-9.959837	560000	7.450581e-09	5.2492127	-0.004890945	-2.5569932	0.5513544	0.008262331	0.08025	39.0	62893.04789638519
140	-22.062166	15.1298485	-7.935	-54.344	369.0	-4.790841	1.6476014	-0.7852482	-8.731743	564000	-2.6077032e-08	3.7743702	-0.0060582813	-2.7176938	0.54554886	0.003487965	0.05775	39.0	63658.558096408844
141	-42.798496	26.385353	-6.535	-78.753	663.3333	-4.7220693	1.5332006	-0.24040146	-7.410168	568000	-5.9604645e-08	3.2626932	-0.0053103007	-1.8452182	0.5401026	0.0036480275	0.068	39.0	64400.1814186573
142	-26.522625	26.821825	-11.155	-96.076	370.25	-5.451776	1.5967549	-2.3307552	-8.573211	572000	-7.450581e-09	3.1488926	-0.007410653	-1.7717843	0.53354	0.004706201	0.075500004	39.0	64751.3983771801
143	-33.170624	27.063654	-13.13	-81.181	455.75	-5.2505584	2.1187325	-0.5131192	-8.977243	576000	0.0	4.9777513	-0.010050789	-3.4783692	0.5302046	0.0031318865	0.103	39.0	65507.6678609848
144	-22.052223	18.385843	-9.798	-72.404	329.1111	-5.5807443	1.9914987	-1.2766118	-8.558611	580000	-1.4901161e-08	1.6544895	-0.0080402605	-0.20896986	0.5238489	0.009041532	0.073249996	39.0	66050.44691300392
145	-45.862576	36.90431	-13.62	-114.98	482.85715	-6.2645645	1.827231	-1.5113034	-8.471082	584000	-2.9802322e-08	121.77799	-0.003526207	-55.369324	0.5243769	0.0020984963	0.055250004	39.0	66338.65666770935
146	-28.431	21.423763	-9.713	-75.116	419.16666	-5.8713617	1.2954849	-3.1995609	-8.420286	588000	2.9802322e-08	3.9261575	-0.006547738	-2.3258603	0.5293555	0.006447071	0.06675	39.0	67084.54654169083
147	-25.644835	20.857279	-11.271	-71.467	395.66666	-7.453703	4.783533	-3.2740824	-20.036411	592000	-1.4901161e-08	22.53852	-0.003924649	-19.950764	0.53612113	0.0074387537	0.056500003	39.0	67442.19845032692
148	-20.764286	11.5939045	-8.33	-45.405	395.7143	-7.0364933	1.216227	-2.2114258	-8.130512	596000	1.4901161e-08	8.705244	-0.00833682	-7.0556793	0.52655303	0.0073871966	0.079500005	39.0	67964.23669219017
149	-18.339167	6.5096703	-10.702	-31.084	335.66666	-4.994995	1.6908841	-2.1799731	-8.126588	600000	0.0	2.3311281	-0.00528246	-1.1565263	0.5215848	0.015825886	0.19575	13.0	68559.67583942413
150	-13.770715	4.865189	-6.484	-19.199	230.85715	-4.806822	1.4532504	-2.2563643	-7.407251	604000	-7.450581e-09	2.249759	-0.009780111	-0.6650923	0.52118474	0.008822003	0.08925	39.0	69055.00606155396
151	-25.454	19.172575	-9.931	-67.379	394.66666	-5.6669974	1.871614	-1.7626886	-7.8866963	608000	-1.6763806e-08	2.218304	-0.0072768205	-0.88829243	0.5132194	0.0061205765	0.070999995	39.0	69256.29170894623
152	-25.14889	28.072735	-8.653	-103.399	364.66666	-5.8848624	2.2191963	-2.7208533	-9.381706	612000	0.0	2.7080417	-0.006708	-1.7734156	0.5119893	0.007600502	0.071	39.0	69556.23341608047
153	-24.904144	14.271993	-15.392	-59.282	417.14285	-5.182756	1.2136236	-2.7638848	-9.295866	616000	-3.7252903e-09	2.084199	-0.0062180166	-0.73653126	0.5109082	0.0067400197	0.082	39.0	70320.98150253296
154	-23.351856	9.545032	-14.837	-39.14	397.57144	-3.8855927	1.7079487	1.2569042	-6.8741918	620000	7.4505806e-08	5.6645775	-0.007905938	-4.0020123	0.50411975	0.008574007	0.08575	39.0	70826.99625182152
155	-36.200996	22.439121	-15.919	-76.201	614.0	-4.8001857	1.0318319	-2.978728	-7.1855063	624000	1.4901161e-08	3.6580062	-0.0029205214	-2.6111858	0.49742258	0.018958101	0.21399999	3.0	71612.560069561
156	-50.034996	32.923492	-14.599	-109.314	725.0	-5.7441525	1.7623632	-0.7317389	-7.395088	628000	4.4703484e-08	5.571508	-0.0052794144	-4.4855165	0.49711713	0.0076909335	0.0695	39.0	72348.71780729294
157	-16.810001	3.8548412	-11.019	-23.918	299.4	-5.5536523	1.6562282	-1.5188993	-8.882228	632000	-9.313226e-09	4.485613	-0.00795907	-2.3732042	0.4974206	0.0061996435	0.1055	39.0	72704.06139492989
158	-26.833286	23.932402	-7.218	-68.438	447.2857	-4.7553368	1.8889729	-2.1512146	-8.164732	636000	3.7252903e-08	2.5667152	-0.006503772	-1.6137602	0.49766594	0.0090737045	0.067499995	39.0	73043.092867136
159	-16.35089	5.4010434	-6.898	-26.489	299.44446	-3.8975682	1.1523398	-0.28996223	-7.9336314	640000	1.4901161e-08	1.8433423	-0.0059481096	-0.84881604	0.49874085	0.005397036	0.048	39.0	73785.9661784172
160	-15.176	5.0285435	-4.939	-21.211	279.2857	-4.702458	1.8209723	-0.93903464	-7.5100465	644000	-2.9802322e-08	3.7957218	-0.007865455	-2.2680726	0.49950713	0.006139277	0.06625	39.0	74544.93497228622
161	-16.9235	5.9004316	-7.113	-25.822	314.25	-4.909262	1.7116249	-1.2205057	-10.459564	648000	7.450581e-09	2.6026986	-0.0066931243	-1.4905353	0.4946894	0.006024756	0.06825	39.0	74962.68004012108
162	-37.180496	38.6018	-11.133	-104.849	431.25	-6.7895293	2.8574502	-2.3143446	-9.518287	652000	-4.4703484e-08	2.3835478	-0.0059923413	-1.1820433	0.49052083	0.0042814612	0.044	39.0	75920.33802247047
163	-13.850636	2.5672174	-8.668	-16.678	236.63637	-5.1595173	3.1125515	-0.13945842	-10.597996	656000	0.0	3.9897914	-0.006765172	-2.0609696	0.48924288	0.006213654	0.107	39.0	76650.06966423988
164	-25.086332	11.220488	-13.206	-46.809	459.66666	-5.808253	2.804378	-0.05819516	-10.081593	660000	2.9802322e-08	1.474282	-0.008589745	-0.6404254	0.4824635	0.0085649565	0.08625	39.0	77230.61608862877
165	-26.539001	19.295095	-5.363	-68.037	446.375	-5.689478	1.9009308	-0.79526633	-9.137578	664000	-2.9802322e-08	2.557757	-0.006933083	-1.3562186	0.47880343	0.005167438	0.06775	39.0	77741.20577025414
166	-33.65917	20.875738	-13.463	-77.371	594.1667	-5.5260468	1.6067982	-0.98062146	-8.188148	668000	0.0	3.9037766	-0.0061161816	-2.5627975	0.4752008	0.011739644	0.07175	39.0	78477.84263253212
167	-55.502197	23.016603	-23.642	-77.159	769.4	-6.246456	1.8004975	-2.9917016	-9.229649	672000	-1.4901161e-08	1.4202677	-0.0052011684	-0.6166545	0.469917	0.007497238	0.054000005	39.0	78683.6891450882
168	-24.20425	29.39068	-8.827	-101.617	317.875	-7.457258	3.2188377	-1.300081	-11.548487	676000	7.450581e-09	1.9108273	-0.008486626	-0.9344731	0.46560702	0.0065503	0.051750004	39.0	79651.27990746498
169	-14.334	5.6697063	-6.775	-27.181	243.2	-6.2301726	3.6695504	-1.4242287	-11.0343075	680000	0.0	1.291421	-0.009437751	-0.8860432	0.45574126	0.0071136826	0.07125	39.0	79989.1835474968
170	-22.4233	21.423521	-5.069	-73.995	351.2	-4.361398	2.5182796	-0.5617797	-10.508455	684000	-1.4901161e-08	2.0789704	-0.0074315965	-1.021719	0.45736006	0.0031248885	0.0375	39.0	80647.2548816204
171	-23.68575	20.994791	-6.256	-73.617	366.5	-4.936823	1.6768585	-0.60696757	-8.464479	688000	-2.9802322e-08	2.6490602	-0.00926229	-1.8221103	0.44589582	0.007634581	0.1065	39.0	81246.68320441246
172	-17.211143	7.721122	-10.479	-30.915	332.85715	-3.7117357	0.7016133	-1.0507176	-5.255439	692000	0.0	2.7209764	-0.007137375	-1.0271143	0.43842882	0.010672839	0.082	39.0	81854.4911775589
173	-15.792779	6.4534397	-7.379	-23.208	246.55556	-5.094735	2.4498508	-0.66958296	-10.02675	696000	0.0	3.3100574	-0.0068404586	-2.0767932	0.43917704	0.0066477978	0.073249996	39.0	82318.86630415916
174	-20.344427	13.771285	-7.289	-51.847	353.0	-5.0698304	2.097966	-0.63083553	-9.6773615	700000	-7.450581e-09	1.6846943	-0.0048614815	-0.8629551	0.4355229	0.0020768258	0.050750002	39.0	83000.60111260414
175	-15.156834	7.2008896	-5.475	-26.775	258.16666	-5.0573273	2.2164934	-0.6809732	-10.40212	704000	2.9802322e-08	1.3046649	-0.0018315027	-0.6672475	0.43270707	0.016646596	0.16875	4.0	83701.0326898098
176	-14.561539	4.757121	-5.458	-21.947	253.46153	-3.578555	1.8455563	1.3703672	-8.2792	708000	-7.450581e-09	2.9907508	-0.007967923	-1.7976563	0.43262273	0.0057122493	0.0925	39.0	84123.59191966057
177	-23.793999	17.498665	-8.32	-66.629	373.0	-5.275263	1.9582297	-1.1030825	-8.465115	712000	-7.450581e-09	1.9434917	-0.007328119	-0.54232097	0.43263936	0.005471323	0.071	39.0	84640.1013686657
178	-16.950363	4.3982778	-9.728	-27.514	291.18182	-4.21354	1.72257	-0.6902056	-7.637824	716000	2.2351742e-08	2.3275394	-0.0070623374	-0.9855187	0.4314359	0.0066685644	0.066	39.0	85089.51680541039
179	-12.914083	4.8557305	-6.398	-21.171	214.83333	-4.008583	1.8463935	-0.43051606	-9.115533	720000	-3.7252903e-09	1.0169418	-0.0053770794	-0.46437222	0.42249256	0.015556868	0.1735	11.0	85488.83704781532
180	-17.999445	12.241631	-7.055	-48.478	283.0	-5.1592336	2.0751436	-0.5052741	-9.691884	724000	-1.3038516e-08	1.2441851	-0.002754976	-0.43492827	0.41881675	0.01535145	0.16225	5.0	86036.0817797184
181	-19.3305	9.051369	-6.796	-40.138	338.875	-4.133118	2.1269994	0.764835	-9.191676	728000	-7.450581e-09	2.4436946	-0.006376015	-1.2280684	0.41764718	0.008154273	0.086	39.0	86458.9421904087
182	-12.124166	6.7740335	-5.665	-23.3	215.5	-4.020471	1.631505	-0.4986152	-8.104743	732000	1.4901161e-08	1.22452	-0.0073010176	-0.65784776	0.41498628	0.0045139305	0.07775	39.0	87146.12854671478
183	-16.831182	4.0352664	-11.389	-23.493	286.54544	-4.146544	1.854901	0.42441338	-8.325551	736000	-2.514571e-08	1.1884483	-0.0070945392	-0.5184946	0.4096735	0.009460907	0.08274999	39.0	87458.4348564148
184	-15.322462	5.100457	-5.71	-22.707	280.53845	-3.4655645	1.6183045	-0.34383345	-8.424597	740000	0.0	1.8484204	-0.0062727546	-0.6774507	0.40993258	0.0060350783	0.06225	39.0	87914.16873812675
185	-23.58325	22.934616	-7.795	-78.543	400.625	-5.096314	2.7296882	0.8938188	-11.30929	744000	-4.0978193e-08	1.5724416	-0.0110062715	-0.86304784	0.40778515	0.004404799	0.1255	39.0	88628.96681261063
186	-24.97143	19.978474	-5.247	-59.414	470.85715	-4.3147454	1.7313882	-0.90005887	-8.9366255	748000	2.2351742e-08	1.0565956	-0.005778946	-0.67538905	0.41412178	0.006176887	0.0625	39.0	89478.41223478317
187	-18.707727	12.790568	-8.252	-55.246	331.81818	-4.13912	1.7516923	-0.14772464	-7.5165677	752000	-3.7252903e-09	1.5434825	-0.007576774	-0.7420395	0.4116389	0.011094898	0.1075	39.0	90377.68541002274
188	-19.202667	17.18185	-6.538	-65.1	315.22223	-4.850555	2.2830598	0.11153309	-9.945715	756000	1.4901161e-08	0.6752175	-0.006908659	-0.26441544	0.39947832	0.0073386095	0.083749995	39.0	90757.99470973015
189	-14.131143	6.2674713	-8.132	-25.941	254.71428	-4.8401213	1.6930184	-1.7162794	-8.879787	760000	0.0	1.7492743	-0.0077239573	-1.0080414	0.39665237	0.0040834416	0.08525	39.0	91325.54045677185
190	-16.583273	7.1731157	-7.379	-29.763	306.9091	-3.830085	1.7689482	0.6304685	-7.871205	764000	-1.4901161e-08	2.149721	-0.007479353	-0.8265699	0.38914198	0.005404131	0.09125	39.0	91916.96869015694
191	-23.4145	19.914167	-6.359	-65.243	386.5	-4.7359953	1.9391315	-0.6369913	-10.064972	768000	4.656613e-09	0.39796415	-0.0058742985	-0.19158942	0.38796648	0.008099865	0.066	39.0	92625.10922598839
192	-15.608454	12.367877	-6.973	-52.981	290.27274	-3.2791486	1.8935183	1.2816272	-7.33331	772000	4.4703484e-08	1.2241921	-0.005978062	-0.8457653	0.37740296	0.008425424	0.0835	39.0	93396.53559589386
193	-25.565876	26.153364	-7.117	-89.82	385.75	-4.6265373	1.7323624	0.23571765	-9.4478245	776000	1.4901161e-08	4.096341	-0.006541565	-2.5723386	0.37399995	0.004033128	0.069	39.0	94274.2014272213
194	-18.7427	9.751638	-7.773	-41.911	332.3	-4.8645754	2.1571734	1.4956633	-8.556977	780000	1.4901161e-08	2.3951385	-0.009539908	-1.6105402	0.3750791	0.007183368	0.09825	39.0	94868.74665951729
195	-32.482998	35.84548	-7.277	-103.826	419.2857	-5.310698	2.5163429	0.4584	-9.375955	784000	5.9604645e-08	2.4512465	-0.0071285106	-1.4840056	0.3730581	0.004436834	0.06125	39.0	95568.67065000534
196	-14.7326	7.303335	-6.225	-28.526	277.1	-4.4173207	2.352772	1.357398	-8.8757	788000	7.450581e-09	2.8800092	-0.0062312726	-2.2767549	0.37273338	0.008998405	0.1	39.0	95978.2012295723
197	-21.547144	17.50313	-3.677	-62.528	366.57144	-4.4887295	1.9235752	-0.38056728	-8.88411	792000	0.0	1.1397156	-0.0074859597	-0.72605526	0.37065652	0.0067806607	0.08075	39.0	96398.41360139847
198	-12.256429	5.6466107	-3.751	-24.363	217.28572	-3.5933154	2.46167	1.0238557	-8.586998	796000	-7.450581e-09	2.7142038	-0.008401485	-1.7661124	0.3677251	0.004264068	0.089999996	39.0	96726.26880216599
199	-15.463084	12.119923	-6.757	-52.165	301.66666	-4.049538	1.7439573	-0.38983297	-8.995397	800000	0.0	1.5290384	-0.0064728726	-1.1617471	0.35741955	0.0047571454	0.059249997	39.0	97517.90738916397
200	-14.718401	7.1686926	-4.532	-27.489	244.9	-4.1273413	2.0735958	0.6395161	-8.143862	804000	-1.4901161e-08	4.7417803	-0.0062472317	-3.345757	0.34998727	0.0053546596	0.079	39.0	97891.86782240868
201	-22.123287	20.224005	-8.548	-70.507	340.0	-4.977885	2.2293868	0.5054486	-11.066271	808000	3.7252903e-09	1.2751555	-0.005815696	-1.107429	0.34420297	0.0057853125	0.045500003	39.0	98323.8067908287
202	-14.009786	6.4684033	-5.851	-31.321	251.21428	-4.687669	2.0171611	-0.15111117	-9.01967	812000	-1.3038516e-08	4.09023	-0.0037431233	-2.6748524	0.3319937	0.0048893495	0.039	39.0	98828.98189163208
203	-14.217916	5.5952954	-6.016	-26.904	240.75	-3.8526163	1.9022713	0.4274252	-8.717111	816000	-7.450581e-09	1.4479394	-0.008348953	-0.75544095	0.32290435	0.008336451	0.10175	39.0	99098.85002493858
204	-19.5159	9.559781	-11.081	-44.336	348.8	-3.6835124	1.4822419	-0.17382582	-7.534637	820000	-1.3038516e-08	1.3918797	-0.009848563	-0.2706193	0.31716287	0.00924371	0.082	39.0	99989.77904963493
205	-14.427167	4.5813346	-8.525	-25.146	260.08334	-3.9489424	1.6723697	0.008795723	-7.5012546	824000	2.6077032e-08	1.7210472	-0.0096718585	-1.3721883	0.32283902	0.0036967662	0.069749996	39.0	100390.1258327961
206	-20.72725	14.48315	-10.541	-56.642	355.875	-4.369409	1.8119899	0.2888831	-8.441309	828000	0.0	1.5243423	-0.0067845844	-0.9981054	0.3208807	0.0074747177	0.092250004	39.0	100783.42425894737
207	-12.478916	4.405602	-4.885	-20.433	214.83333	-3.881436	1.7538111	-0.072974086	-7.1552353	832000	0.0	2.2165785	-0.005962342	-1.590109	0.31544355	0.009278992	0.08225	39.0	101531.11105775833
208	-11.711101	5.051989	-3.983	-19.856	226.3	-3.3661478	1.809064	0.6205283	-8.022296	836000	0.0	2.327797	-0.009383583	-1.5814357	0.31290835	0.0074488586	0.077	39.0	101920.54403424263
209	-18.822332	17.684088	-6.543	-76.116	297.0	-3.4348729	1.800165	1.4579833	-7.3783903	840000	2.2351742e-08	2.6706877	-0.007840682	-1.9390231	0.30423748	0.009713083	0.08225	39.0	102588.10643219948
210	-13.742499	4.849843	-5.233	-21.341	232.64285	-3.9253242	2.0104215	-0.3754211	-8.879062	844000	-2.4214387e-08	0.44430697	-0.009111125	-0.32079378	0.2997093	0.0071014403	0.096	39.0	102899.55053830147
211	-13.498308	3.5939584	-6.611	-20.259	244.76923	-4.0158806	2.1000364	0.18646042	-7.6412144	848000	-1.1175871e-08	0.8836704	-0.009591812	-0.53418857	0.2938361	0.008305943	0.07925	39.0	103225.98749351501
212	-14.2802	4.5210295	-6.855	-22.777	271.9	-3.7221603	1.8809016	-0.42614913	-8.398628	852000	1.1175871e-08	4.3519754	-0.0055182446	-3.099557	0.2861647	0.00534897	0.07225	39.0	103974.3099822998
213	-10.564091	2.5033538	-7.409	-14.857	195.36363	-4.6337667	3.0911608	0.9439958	-9.627827	856000	-2.2351742e-08	2.6354547	-0.0056705996	-2.0688987	0.2859328	0.0076573016	0.066	39.0	104240.7833738327
214	-22.284126	28.9286	-7.456	-98.495	308.875	-3.841069	1.8465581	-0.34847826	-8.663253	860000	-8.940697e-08	7.53338	-0.0056137247	-6.045167	0.28575924	0.0048025046	0.06875	39.0	104932.06451582909
215	-28.764168	27.107347	-6.862	-80.45	482.83334	-5.359728	1.5719994	0.33221304	-9.272313	864000	1.4901161e-08	2.5453603	-0.0038731722	-2.0384896	0.28462416	0.006566375	0.050499998	39.0	105695.86347746849
216	-22.291817	24.695833	-5.392	-98.33	327.54544	-4.1564236	2.5654233	1.0589213	-7.2514057	868000	1.4901161e-08	3.9836602	-0.0075733475	-2.853527	0.28782696	0.009707311	0.08375	39.0	106055.04549956322
217	-12.627376	5.4287195	-3.795	-26.791	212.5625	-3.706431	2.3991208	0.8024441	-8.586158	872000	2.2351742e-08	4.0107923	-0.007553838	-2.8708372	0.28930536	0.012779502	0.0845	39.0	106434.08578300476
218	-13.8419075	7.0413165	-8.23	-28.932	235.72728	-3.1210675	1.8139069	0.96579075	-8.817053	876000	-7.450581e-09	5.205929	-0.0075513497	-3.4713233	0.28988734	0.004581659	0.082499996	39.0	107272.28189182281
219	-13.992182	3.975085	-6.825	-22.626	234.0	-4.8959913	2.2615864	0.119817376	-9.497168	880000	2.9802322e-08	1.8095155	-0.0073190853	-0.91938055	0.28898424	0.00722647	0.0765	39.0	107726.14562773705
220	-15.725769	12.956332	-5.966	-58.256	262.23077	-4.5883865	1.7609216	-0.36039454	-7.837049	884000	1.8626451e-08	1.7571499	-0.008955535	-1.126793	0.2818916	0.009255113	0.08675	39.0	108542.02879858017
221	-14.792251	6.7680306	-6.181	-32.875	223.41667	-4.149224	2.2912714	-0.20905769	-9.77629	888000	2.2351742e-08	7.1421576	-0.0054760342	-4.0002503	0.27212322	0.023119543	0.25800002	4.0	108858.59411859512
222	-18.410078	16.37262	-5.74	-71.664	287.0	-4.5433536	2.3024116	0.3193566	-9.017005	892000	1.3038516e-08	2.283644	-0.008376414	-1.2551169	0.27125534	0.010186361	0.07475	39.0	109206.23884320259
223	-11.124937	3.359429	-6.8	-18.509	211.1875	-2.59363	2.313374	2.6930907	-8.652988	896000	-2.9802322e-08	1.914113	-0.0065310346	-1.3854356	0.26850164	0.0049145366	0.069749996	39.0	109590.81408548355
224	-11.704562	4.258629	-5.709	-21.793	197.875	-3.4919102	1.6666261	0.86461467	-8.27473	900000	7.450581e-09	1.5493587	-0.008403365	-0.5796794	0.26491606	0.0051839594	0.0995	39.0	109943.67438197136
225	-13.854076	4.3479104	-5.924	-25.111	222.0	-3.6157112	1.4190335	-0.43632308	-7.836629	904000	7.450581e-09	1.5246005	-0.0077343723	-0.761126	0.2613781	0.009328472	0.073750004	39.0	110591.63856959343
226	-12.873117	5.161484	-4.911	-21.653	211.05882	-3.5618892	1.8543941	0.524498	-7.6320114	908000	7.450581e-09	1.7399123	-0.009040512	-1.0581939	0.25565487	0.015150235	0.12275	36.0	110893.35078191757
227	-12.183294	4.7372775	-3.429	-21.578	195.70589	-3.4964159	2.0608103	0.94507074	-8.009731	912000	-2.9802322e-08	1.4081783	-0.0050714538	-0.8966234	0.24857454	0.015360872	0.1145	8.0	111110.30877566338
228	-24.0595	27.303812	-4.857	-93.432	321.875	-4.881044	2.0935163	-0.34202957	-8.170484	916000	4.4703484e-08	3.7179585	-0.007011533	-2.4741106	0.24700676	0.003975816	0.06675	39.0	111405.18154716492
229	-26.957727	28.565504	-5.24	-88.422	359.9091	-5.1790586	1.8543608	-0.5466501	-7.828129	920000	-4.4703484e-08	4.047334	-0.006692499	-3.0387459	0.2426081	0.008709434	0.082499996	39.0	112260.54921627045
230	-15.990001	4.8397346	-10.951	-23.214	257.0	-5.410246	2.3334239	0.41169524	-8.462443	924000	1.6763806e-08	2.480132	-0.0073644817	-2.11745	0.24345587	0.008017857	0.08975	39.0	112622.92875647545
231	-31.274	50.182083	-10.008	-196.781	285.76923	-4.0369897	2.189866	0.6800338	-8.012769	928000	0.0	416.26004	-0.0026423838	-170.09845	0.23750912	0.015099555	0.178	3.0	113382.91595649719
232	-11.194077	4.579779	-4.981	-24.29	203.76923	-7.1891837	4.7211804	-0.8020805	-28.422161	932000	1.4901161e-08	21.650846	-0.008803201	-19.41735	0.23701382	0.007722049	0.0505	39.0	114016.14807105064
233	-23.266714	22.704199	-6.266	-77.348	340.42856	-5.632134	2.4407609	-0.58158123	-11.777222	936000	-2.9802322e-08	3.6426892	-0.009227473	-2.395288	0.22406903	0.007906356	0.073249996	39.0	114779.5365948677
234	-18.2824	15.09196	-5.437	-59.488	308.4	-5.1987967	1.741583	-1.2382925	-7.4880166	940000	-3.7252903e-09	3.1835017	-0.007857421	-1.4327888	0.21084443	0.0045618555	0.059249997	39.0	115429.84893918037
235	-20.7886	19.703278	-8.611	-77.263	311.4	-4.717714	1.6959065	-1.6134021	-6.953131	944000	7.450581e-09	3.8125615	-0.011052722	-2.3930528	0.21193114	0.0074501727	0.10625	39.0	115757.84502887726
236	-12.6640005	5.433724	-5.928	-24.341	227.25	-3.2577024	1.2419084	-0.39721894	-6.621859	948000	-2.2351742e-08	2.5959458	-0.008294778	-1.6852727	0.21141872	0.009171802	0.07625	39.0	116445.81731033325
237	-14.310438	3.5900848	-6.981	-20.213	230.625	-3.7281642	2.0411775	-0.34135988	-10.197213	952000	-2.2351742e-08	2.8753386	-0.0058234697	-1.947073	0.21146515	0.0071311863	0.05475	39.0	116770.55030179024
238	-13.368584	6.0690975	-3.773	-26.345	216.08333	-5.5138273	2.8967476	0.15200332	-12.45163	956000	-1.4901161e-08	3.9960585	-0.009801056	-2.8579555	0.20910777	0.010775869	0.109	39.0	117262.75165653229
239	-23.716768	46.1988	-5.62	-182.47	182.46153	-4.9635177	1.9449027	-0.9218442	-7.5832143	960000	-1.1175871e-08	353.63693	-0.0051202625	-74.71131	0.20301586	-0.0005479823	0.05625	39.0	117598.47239494324
240	-14.908636	9.034649	-4.688	-37.462	287.81818	-5.3191094	4.3353357	-0.5522067	-19.401415	964000	2.9802322e-08	20.955242	-0.008712905	-18.944077	0.21020982	0.009950168	0.08075	39.0	118540.96678304672
241	-12.9035	5.4636765	-4.739	-26.547	216.9375	-4.2979193	2.088808	0.065656245	-6.966484	968000	1.8626451e-09	6.429731	-0.0029172692	-3.9656482	0.20200597	0.01679911	0.1865	3.0	118856.93086004257
242	-21.200182	25.228977	-3.378	-99.406	294.72726	-4.042417	1.2567909	-1.2248328	-6.038749	972000	0.0	13.180724	-0.0077501014	-9.442335	0.2014302	0.0066663637	0.09	39.0	119179.48201870918
243	-18.6258	11.832197	-10.923	-53.116	313.0	-4.7220273	1.6392431	-1.1160984	-8.9503765	976000	0.0	4.7095513	-0.005282231	-2.5917268	0.20311035	0.0038738695	0.053499997	39.0	120047.4947605133
244	-15.346091	5.4788685	-6.941	-23.75	238.36363	-4.3668303	1.2094283	0.021971583	-7.301583	980000	0.0	3.1035488	-0.006335525	-2.008604	0.19867662	0.007168066	0.0565	39.0	120639.19793701172
245	-26.091223	24.168056	-6.539	-83.121	397.44446	-5.097934	0.83768344	-2.6611238	-6.3673553	984000	-4.0978193e-08	3.1181386	-0.006631512	-1.8046379	0.1994488	0.005157509	0.05025	39.0	121489.59984374046
246	-14.635356	4.137631	-6.221	-22.736	227.92857	-3.4558823	1.4009289	0.45206445	-6.5783343	988000	1.8626451e-08	2.98288	-0.008114019	-1.110336	0.1886758	0.008948622	0.09175	39.0	121719.74704623222
247	-12.528538	5.2729464	-5.853	-26.257	202.92308	-3.8979082	1.8635375	-0.39248288	-7.2106743	992000	-1.4901161e-08	5.3136897	-0.0080566	-4.1894956	0.18463702	0.0041623493	0.07875	39.0	122012.93646597862
248	-14.652446	6.0417705	-4.715	-23.555	240.33333	-5.4495687	1.983731	-1.1777643	-9.553017	996000	0.0	6.8408184	-0.007001571	-5.2812605	0.18463852	0.0060618455	0.06125	39.0	122792.82621979713
249	-13.9539	4.572755	-8.504	-22.438	232.4	-4.687495	1.9216772	0.89985275	-8.167126	1000000	-2.4214387e-08	2.922781	-0.0067992336	-1.8571848	0.17811115	0.0077875247	0.10425	39.0	123500.31355714798
250	-16.786154	15.683192	-5.62	-68.217	270.92307	-3.9397252	1.767253	-0.8034688	-7.533505	1004000	-2.142042e-08	2.5903237	-0.0074028578	-1.219926	0.17712404	0.008062371	0.0715	39.0	124355.96484279633
251	-19.830168	14.334975	-6.413	-48.617	354.0	-5.291195	1.568886	-1.3135744	-7.8877177	1008000	2.6077032e-08	1.4950719	-0.0049641132	-0.7744951	0.17662378	0.005819434	0.0395	39.0	125133.34430289268
252	-13.1035	5.8691535	-5.495	-26.511	208.21428	-4.6917276	2.2986715	-0.2127932	-8.490547	1012000	0.0	2.0115104	-0.006819627	-0.75406945	0.17370556	0.0055680885	0.061750002	39.0	125465.5048892498
253	-11.39753	4.545118	-4.849	-24.302	192.23529	-3.6033168	1.3220842	-0.21532404	-6.9692225	1016000	-2.3283064e-08	1.9419765	-0.009178543	-0.96891755	0.17171304	0.009308176	0.105000004	39.0	125919.28504300117
254	-13.374182	5.616208	-3.431	-22.201	235.09091	-4.046752	1.84992	0.68499005	-7.3419685	1020000	1.4901161e-08	1.6029688	-0.010208655	-0.77073705	0.16657642	0.009736961	0.10525	39.0	126548.27061080933
255	-13.1378765	5.442329	-4.569	-27.724	220.0	-4.0679765	2.1204505	-0.057831645	-8.137179	1024000	9.313226e-09	2.2853127	-0.0059717465	-1.0134417	0.16722046	0.009300339	0.08075	39.0	126889.33119988441
256	-18.033	14.159495	-5.407	-63.822	285.30768	-3.9292748	1.3849899	-0.45321572	-8.0910015	1028000	3.7252903e-08	2.6585374	-0.009099685	-1.7029059	0.15869132	0.010097556	0.10125	39.0	127750.6452703476
257	-14.2148	5.551544	-5.759	-22.744	234.73334	-3.7155426	1.7776228	-0.39895016	-8.086447	1032000	7.450581e-09	1.5120914	-0.010785789	-0.55779326	0.15008678	0.00829423	0.1055	39.0	128191.83126235008
258	-15.4372	6.3624353	-4.729	-25.828	240.73334	-3.7037632	1.9820137	0.7079806	-8.101251	1036000	1.1175871e-08	1.3219726	-0.007080065	-0.6845827	0.15292233	0.01120536	0.0855	39.0	128485.72032427788
259	-12.78591	4.6649857	-7.155	-22.512	209.27272	-5.0379663	2.4063444	0.071713805	-8.744863	1040000	1.1175871e-08	1.2089927	-0.0074755084	-0.4296879	0.15103978	0.0075751697	0.07825	39.0	128721.29794716835
260	-11.790417	5.744199	-5.751	-22.897	206.75	-4.6892347	2.655055	0.7685599	-8.227464	1044000	1.4901161e-08	1.6666275	-0.009367606	-1.0496018	0.14320174	0.010626022	0.1	39.0	129204.98392271996
261	-16.359787	5.4402146	-8.557	-25.997	261.92856	-3.9485354	1.7078121	0.5009521	-7.363355	1048000	1.8626451e-08	1.65766	-0.008510994	-0.6995059	0.13729353	0.0075886818	0.09550001	39.0	129556.39307403564
262	-7886.593	19239.848	-10.305	-55014.37	450.85715	-3.3727114	2.4223237	-0.20845616	-8.547006	1052000	3.7252903e-09	36759310.0	-0.0028164461	-98305.06	0.13532951	0.015474629	0.213	4.0	130476.86208987236
263	-28.320002	26.75925	-9.489	-87.012	386.1	-38.239254	11.208079	-18.359138	-46.766712	1056000	-4.4703484e-08	1091.6525	-0.0070559992	-746.88605	0.13519956	0.012690021	0.111499995	39.0	131382.2298657894
264	-12.3759	4.4501877	-4.832	-22.079	220.0	-13.879986	9.108309	-0.8289555	-33.951397	1060000	0.0	188.89246	-0.0068315603	-180.9533	0.13794565	0.0077216104	0.063	39.0	132046.53358769417
265	-14.703929	6.545636	-6.31	-28.78	232.71428	-4.5708275	2.6919625	0.6894157	-8.955591	1064000	1.4901161e-08	7.9814534	-0.00945602	-4.31773	0.12901385	0.015171142	0.1335	32.0	132353.3516910076
266	-12.259001	4.2642355	-4.507	-22.46	202.5	-4.1921535	1.2578075	-2.1304932	-6.6621275	1068000	7.450581e-09	2.812279	-0.009349681	-0.22299209	0.1313899	0.010408676	0.12799999	39.0	132679.72028708458
267	-13.341666	4.2303734	-5.476	-21.354	212.06667	-3.7190673	2.2688663	2.4676507	-6.556303	1072000	7.450581e-09	5.940383	-0.012812676	-2.8697784	0.12272815	0.013014803	0.1295	39.0	133062.17434501648
268	-16.4799	5.428648	-8.79	-27.196	248.3	-4.673342	1.0313491	-1.5557045	-6.19194	1076000	0.0	2.9532504	-0.009354006	-0.19203103	0.12137584	0.0051857834	0.087	39.0	133610.1466960907
269	-18.21375	13.841101	-5.88	-61.586	306.25	-3.913008	1.09623	-1.3509574	-5.6976275	1080000	4.4703484e-08	3.3055835	-0.007881669	-0.33439952	0.118236504	0.009267627	0.07275	39.0	134476.09276890755
270	-13.566455	3.7713876	-6.921	-21.186	218.81818	-4.3160605	1.1713635	-2.1166458	-6.606933	1084000	1.4901161e-08	2.454171	-0.008248496	-0.1402626	0.11459619	0.0063682245	0.066	39.0	134750.47497081757
271	-12.279923	4.2434926	-5.255	-19.169	209.76923	-4.0735865	1.2543108	-1.8158255	-6.9485965	1088000	1.1175871e-08	2.9096162	-0.006964786	-0.17186365	0.11082439	0.0059221266	0.06425	39.0	135358.6231150627
272	-16.845636	12.998414	-6.105	-56.519	279.36365	-3.9360118	1.3585194	-1.683947	-6.9205475	1092000	1.8626451e-08	2.9593456	-0.009146347	-0.8064637	0.109885395	0.009069628	0.09550001	39.0	136223.3251874447
273	-16.699778	12.971178	-5.039	-49.606	290.33334	-5.649781	1.6155409	-1.8469434	-7.124746	1096000	-3.3527613e-08	3.3335557	-0.00888139	-1.4048263	0.10764803	0.0150661785	0.14775	16.0	137094.99530100822
274	-22.5666	20.236328	-6.303	-70.964	377.4	-3.761953	0.8708527	-1.9804728	-7.2069826	1100000	-2.9802322e-08	5.283633	-0.0057659894	-1.8874247	0.10840388	0.006548984	0.058000002	39.0	138058.46756529808
275	-13.160466	4.4194026	-5.144	-21.006	206.66667	-3.553203	1.421234	-1.4840331	-6.809149	1104000	-1.6763806e-08	3.7347226	-0.008846326	-0.936004	0.10397587	0.003477879	0.073249996	39.0	138325.02010250092
276	-16.408144	20.272604	-4.643	-88.565	240.64285	-3.8802495	0.96811944	-1.7030315	-6.0309134	1108000	3.7252903e-08	6.669613	-0.009307254	-2.3465755	0.09429428	0.008966697	0.11325	39.0	139211.67718195915
277	-16.5	7.8256826	-6.616	-37.912	247.84616	-3.2159214	1.1295372	-1.8503857	-7.062123	1112000	-1.0244548e-08	7.4111886	-0.010102986	-2.1481602	0.08940161	0.00878487	0.0905	39.0	139580.15400624275
278	-13.426727	4.552617	-4.159	-21.098	235.63637	-5.1751914	1.5846117	-1.8632114	-7.8329105	1116000	5.5879354e-09	3.5530136	-0.0034473762	-1.2183936	0.0873815	0.018380847	0.19299999	3.0	140008.26417255402
279	-25.506908	28.093155	-10.044	-100.323	354.18182	-4.7322793	1.8069661	-1.462167	-7.097921	1120000	-1.4901161e-08	5.07885	-0.001265008	-1.4481425	0.08731368	0.016996047	0.19325	3.0	140764.8022301197
280	-13.312812	5.4558215	-4.911	-25.914	221.8125	-4.1388617	0.9665711	-3.0163567	-6.6772647	1124000	0.0	3.9512234	-0.010624583	-1.0888846	0.08727523	0.0057930294	0.09975	39.0	141084.2995109558
281	-12.404944	5.223884	-4.806	-23.309	202.72223	-3.3069463	0.72957844	-1.0299854	-4.361121	1128000	-1.1175871e-08	3.3332233	-0.010438279	-0.19145983	0.08195602	0.008108152	0.09025	39.0	141433.4123826027
282	-905.74207	3087.8208	-7.43	-11602.249	224.15384	-3.6474235	0.97781795	-1.7655582	-5.49664	1132000	-2.9802322e-08	1672139.8	-0.0027373265	-15449.404	0.06986564	0.016335279	0.13949999	6.0	142243.2279701233
283	-14.180273	4.3403993	-8.956	-24.959	224.63637	-23.389236	6.4604816	-17.097202	-34.765858	1136000	3.7252903e-08	384.07745	-0.008042495	-129.91562	0.06934233	0.008640991	0.0985	39.0	142546.13633465767
284	-18.750626	14.191788	-6.252	-54.206	319.0	-13.833179	7.7646685	-8.520569	-33.02282	1140000	7.450581e-09	150.26584	-0.0071279667	-73.912186	0.06888773	0.006425011	0.076	39.0	143390.31988692284
285	-19.593462	20.101473	-4.964	-86.046	267.6154	-12.766751	8.089789	-3.8840985	-27.80564	1144000	-1.4901161e-08	143.59647	-0.008296465	-35.731464	0.06335167	0.010323513	0.0905	39.0	143658.26134562492
286	-13.075168	5.3003254	-6.555	-26.024	207.41667	-10.119306	6.7191167	-3.0009525	-25.527428	1148000	2.6077032e-08	72.93329	-0.0055081807	-19.498045	0.064274475	0.0070939395	0.05975	39.0	143957.73474001884
287	-16.884144	12.359243	-6.308	-56.403	219.07143	-10.0344095	7.3759675	-2.868835	-23.010944	1152000	4.4703484e-08	93.07995	-0.009330699	-24.610146	0.060584575	0.011736371	0.088750005	39.0	144379.95073747635
288	-14.151001	3.276535	-10.329	-20.453	228.3	-8.715573	7.206347	-1.9813995	-20.66206	1156000	2.2351742e-08	82.69925	-0.009064557	-22.065102	0.055836223	0.008185992	0.0845	39.0	145012.9754421711
289	-16.745428	6.2070956	-7.886	-27.031	245.78572	-11.222205	5.6337404	-1.8836203	-18.234556	1160000	3.7252903e-08	71.751785	-0.009112921	-23.5769	0.05202605	0.012213967	0.09525	39.0	145348.06811404228
290	-13.647461	4.402403	-7.892	-21.432	229.07692	-5.135838	4.0091496	-1.3896108	-15.788957	1164000	1.3038516e-08	14.82724	-0.0063983668	-2.0291016	0.052660767	0.0077656545	0.08225	39.0	145759.64032435417
291	-22.645454	22.7775	-4.153	-89.664	314.9091	-6.7593546	2.1831925	-1.53596	-11.688502	1168000	-4.4703484e-08	14.952316	-0.007962232	-3.080552	0.048240032	0.008007294	0.0935	39.0	146070.81646084785
292	-13.283182	3.997007	-7.41	-21.053	211.90909	-6.429275	3.648623	-1.5455922	-14.594516	1172000	0.0	24.723452	-0.008443806	-4.067133	0.051020633	0.010213681	0.110750005	39.0	146465.6129512787
293	-20.029417	18.38066	-5.006	-78.562	305.08334	-7.873796	4.070624	-1.9683864	-13.859943	1176000	-2.9802322e-08	33.203693	-0.0075319866	-8.060952	0.053714678	0.008534432	0.08375	39.0	147215.633507967
294	-24.076668	24.797573	-8.919	-93.138	326.77777	-5.14001	2.3570302	-1.5419996	-11.289423	1180000	4.4703484e-08	10.302396	-0.006488447	-1.7705956	0.05140401	0.00899113	0.0805	39.0	147515.46840453148
295	-20.541546	23.103601	-5.038	-89.366	293.0	-7.3707404	2.6899712	-2.7048762	-11.860721	1184000	-7.450581e-09	16.696737	-0.0072504934	-3.6505275	0.051314976	0.009068017	0.07225	39.0	148275.1618089676
296	-14.421866	4.746369	-9.413	-25.109	228.13333	-6.510709	2.890172	-2.1800556	-11.4359665	1188000	4.4703484e-08	16.118298	-0.007883951	-5.1964784	0.042904057	0.009380523	0.09525	39.0	148558.74541020393
297	-15.237715	8.965397	-6.955	-34.894	232.42857	-6.491179	1.8199967	-2.80929	-11.365129	1192000	3.3527613e-08	6.397353	-0.0024774794	-1.3318949	0.03189499	0.016046576	0.1665	4.0	149261.06138038635
298	-21.3069	20.79964	-6.334	-80.764	327.6	-5.615662	1.2642368	-2.9488435	-7.5096173	1196000	0.0	6.2598944	-0.0086986385	-1.2503102	0.031188965	0.007174507	0.103	39.0	149790.68733239174
299	-14.666071	5.942603	-6.131	-29.026	233.14285	-6.256796	1.8588009	-2.4541688	-8.887891	1200000	-2.4214387e-08	11.089325	-0.0062068976	-4.141357	0.027355203	0.008003222	0.064500004	39.0	150171.1180844307
300	-21.161726	24.528748	-4.8	-95.734	281.36365	-5.3377414	1.8123839	-2.2975504	-7.9080076	1204000	0.0	6.5842266	-0.007717685	-2.1405058	0.022509748	0.00655171	0.081	39.0	150968.90295505524
301	-32.829502	29.693163	-8.754	-91.653	360.3	-5.6706085	2.0776045	-2.8965783	-9.0527	1208000	-4.4703484e-08	71.29592	-0.00330442	-14.433548	0.02145433	0.004154807	0.056250006	39.0	151762.38768339157
302	-182.67442	362.90567	-7.666	-1067.923	429.2857	-8.850553	1.8073769	-3.0383503	-9.782266	1212000	-2.2351742e-08	13564.419	-0.0027062874	-307.46017	0.027556712	0.0028482988	0.059499998	39.0	152683.523604393
303	-17.263332	15.684487	-6.648	-60.357	286.66666	-14.911686	3.760907	-6.843423	-17.672173	1216000	-7.4505806e-08	86.2755	-0.0061780475	-17.16547	0.021279573	0.008633101	0.09	39.0	153523.77104973793
304	-14.092539	5.826864	-6.831	-24.57	227.6923	-10.330281	4.1779227	-6.243957	-16.86755	1220000	9.313226e-09	44.48907	-0.0071865832	-16.171036	0.01637901	0.0056891916	0.070999995	39.0	153836.41455888748
305	-23.191223	23.744453	-6.869	-88.267	313.44446	-11.300455	3.497092	-5.407169	-14.748827	1224000	7.450581e-09	26.579105	-0.01170696	-15.097683	0.019380024	0.00839759	0.098749995	39.0	154095.03790926933
306	-11.603733	2.8607616	-7.134	-16.643	205.13333	-7.912224	2.8688655	-4.5960693	-11.835721	1228000	7.450581e-09	24.179688	-0.0070890114	-19.016266	0.0112559395	0.0077431975	0.0665	39.0	154625.17857193947
307	-59.248	30.340965	-15.006	-88.783	811.75	-6.5486746	1.4532311	-4.062674	-9.094445	1232000	0.0	4.694646	-0.0046219155	-1.34971	0.012063344	0.005103648	0.0365	39.0	155501.3477947712
308	-19.559181	21.095222	-6.519	-85.273	291.9091	-4.8448234	1.8603537	-2.518705	-9.23742	1236000	-4.4703484e-08	10.205831	-0.0022290796	-5.965519	0.014868653	0.015445022	0.1645	3.0	156325.83069086075
309	-11.997857	4.4887624	-5.496	-20.612	200.42857	-7.370368	2.1194148	-3.6979103	-9.409727	1240000	5.5879354e-09	3.7028306	-0.005882455	-0.89931476	0.0149356155	0.0032491009	0.044	39.0	157041.33725094795
310	-17.886501	26.590288	-4.856	-118.691	191.4375	-4.7756877	1.0850914	-2.6339242	-7.804779	1244000	3.7252903e-09	114.07032	-0.0061401576	-1.3142989	0.010965117	0.005743617	0.1355	39.0	157349.72638463974
311	-20.632305	20.836369	-6.579	-90.727	292.6154	-5.2561493	1.5448269	-2.8590076	-8.345993	1248000	-1.4901161e-08	5.7398977	-0.009528836	-0.19894505	0.006743068	0.00559757	0.08575	39.0	158215.54106783867
312	-18.3445	23.651358	-5.561	-98.844	246.71428	-6.014735	2.1374102	-2.4545598	-9.232181	1252000	1.4901161e-08	5.830991	-0.009552449	-0.80913424	0.005776403	0.0076431762	0.09275	39.0	158695.8200211525
313	-13.914589	5.183724	-4.38	-22.117	211.05882	-4.4374123	0.5349362	-3.8129475	-5.7363257	1256000	7.450581e-09	5.083006	-0.0116811	-0.30589163	0.013868978	0.008385455	0.092999995	39.0	158998.37445640564
314	-16.296444	6.7796926	-5.957	-29.018	254.11111	-5.395918	1.5248363	-3.6248157	-8.5322075	1260000	-1.4901161e-08	3.4708617	-0.008379343	-0.25978684	0.0046194806	0.008918314	0.08375	39.0	159425.82607626915
315	-17.359917	7.17741	-3.676	-29.477	257.0	-4.65408	1.3365308	-1.7276819	-7.8112855	1264000	-2.7939677e-09	3.5601885	-0.008782802	-0.03433591	0.0011957091	0.004196223	0.0695	39.0	159731.72570943832
316	-14.649093	5.7764535	-7.502	-27.967	232.54546	-4.926465	1.807972	-2.6734881	-8.57642	1268000	1.8626451e-09	3.6594505	-0.008245027	-0.15984571	-0.00248615	0.00624498	0.081	39.0	160072.72069001198
317	-15.080728	6.018086	-7.287	-25.399	233.27272	-5.135346	2.1584215	-2.4836245	-8.721265	1272000	8.381903e-09	3.8138647	-0.0058892993	-0.5094518	5.4717064e-05	0.006804452	0.06075	39.0	160326.1436700821
318	-13.266534	4.382908	-5.534	-19.524	212.6	-3.9910579	0.50786877	-2.5214083	-4.978659	1276000	0.0	3.7869797	-0.0085573755	-0.15869755	-0.0044958987	0.0083017945	0.0845	39.0	160596.0848109722
319	-28.376333	31.896769	-6.743	-99.001	344.5	-5.808955	2.1631591	-3.3168855	-8.589401	1280000	-2.2351742e-08	6.077477	-0.0083006695	-1.6366968	-0.0025038326	0.004039715	0.070999995	39.0	161437.99147295952
320	-14.449845	7.076138	-5.34	-28.727	224.6923	-5.163018	1.842591	-3.487454	-9.226324	1284000	1.4901161e-08	4.3949533	-0.008542632	-0.7460212	-0.00811295	0.0045818705	0.061	39.0	161920.36932945251
321	-13.566308	4.0893316	-5.433	-20.629	223.53847	-4.8706574	2.1468248	-2.9751513	-9.275332	1288000	-1.4901161e-08	3.5219588	-0.010492703	-0.48833424	-0.011281371	0.0054493304	0.091	39.0	162225.41226792336
322	-13.488823	3.952371	-6.657	-19.952	216.0	-3.9151177	0.66054446	-1.859346	-5.080186	1292000	0.0	4.366392	-0.0075547826	-0.18952352	-0.014456656	0.007976624	0.0665	39.0	162484.39306879044
323	-18.787922	18.271275	-4.052	-79.951	284.15384	-3.5626178	0.6825096	-1.9080961	-5.4082675	1296000	-5.2154064e-08	6.362525	-0.008243937	-3.2321484	-0.021958994	0.007341446	0.08849999	39.0	163266.19258141518
324	-22.290112	19.433666	-7.978	-72.344	338.8889	-5.3615255	1.8314003	-3.2091928	-8.54676	1300000	7.450581e-09	5.3919477	-0.0073981266	-1.3551896	-0.025991404	0.007322641	0.07325	39.0	164189.48979496956
325	-13.444647	6.3998528	-4.744	-30.166	217.82353	-3.7979145	0.40167168	-3.0826356	-4.693236	1304000	1.21071935e-08	3.9875884	-0.010997722	-0.25802475	-0.034612533	0.0075246394	0.096999995	39.0	164585.37578511238
326	-12.532928	5.3267264	-7.343	-29.336	208.85715	-3.4996529	1.1693275	-0.9237859	-5.9211965	1308000	0.0	3.6729984	-0.0071959067	-0.8320383	-0.037342634	0.008955274	0.07125	39.0	164864.35768270493
327	-15.6167145	5.332107	-5.774	-23.454	252.64285	-3.6276057	0.6156284	-2.1011152	-4.5596647	1312000	-9.313226e-09	3.8895202	-0.009583156	-0.25630695	-0.039007384	0.01237973	0.11	39.0	165284.39883494377
328	-11.018833	4.297623	-5.318	-20.263	193.55556	-3.5764296	0.6436061	-1.4379756	-4.913417	1316000	1.8626451e-08	3.7639117	-0.0062573515	-0.5562276	-0.0451307	0.0069672717	0.067	39.0	165545.77506804466
329	-12.364538	4.723695	-4.016	-19.437	210.3077	-3.2130883	0.97930515	-1.2418084	-5.7430143	1320000	-2.6077032e-08	3.754337	-0.0012990972	-1.1895152	-0.052620895	0.017831068	0.2505	2.0	166033.84220552444
330	-23.0327	19.507729	-7.976	-75.602	345.4	-4.800865	1.8580843	-2.4310632	-8.661121	1324000	-2.9802322e-08	3.0808265	-0.00901239	-0.3753606	-0.05299351	0.009837097	0.10425	39.0	166785.89461255074
331	-51.40638	149.9525	-6.997	-632.01	210.6875	-3.6788168	0.55612713	-2.9078147	-5.2244987	1328000	1.4901161e-08	4657.883	-0.001605982	-285.40283	-0.05326239	0.015049023	0.18875	2.0	167174.5324897766
332	-14.373584	9.225641	-4.162	-37.163	229.41667	-8.93893	3.3823822	-5.7149878	-17.549067	1332000	5.9604645e-08	32.810352	-0.006924268	-9.087338	-0.053182438	0.008009041	0.081	39.0	167976.80846762657
333	-22.6207	24.26788	-7.834	-94.254	307.7	-5.196426	3.0380967	-1.7174438	-17.023758	1336000	3.7252903e-08	18.456676	-0.0050334632	-5.781634	-0.052764326	0.007628928	0.050499998	39.0	168476.59634804726
334	-12.600352	5.0830746	-5.676	-27.746	210.41176	-8.136753	5.33518	-1.969498	-16.234398	1340000	2.9802322e-08	48.113255	-0.008352822	-19.234827	-0.05610087	0.009776801	0.0805	39.0	168819.290019989
335	-11.992999	4.3954673	-5.874	-18.528	200.63637	-3.8234763	1.7523825	-2.4023495	-10.9230585	1344000	-1.8626451e-08	6.254238	-0.007324338	-3.250651	-0.06155012	0.0038782968	0.055249996	39.0	169482.5080037117
336	-12.078684	4.126659	-4.813	-24.947	206.89473	-4.3027925	2.495742	-1.9008539	-13.010887	1348000	0.0	9.444198	-0.00832754	-3.895996	-0.06746166	0.009471243	0.096499994	39.0	169934.83964824677
337	-14.512267	7.0720162	-6.206	-32.922	237.33333	-5.978538	3.56427	-1.7469476	-12.093122	1352000	-1.4901161e-08	17.259401	-0.0058881817	-13.131863	-0.08008149	0.008709971	0.083000004	39.0	170270.42025494576
338	-13.691867	6.595853	-3.75	-26.442	221.4	-3.5810385	1.7814637	-1.9223446	-8.651613	1356000	2.2351742e-08	5.711939	-0.011732142	-1.7962937	-0.080609016	0.0074240696	0.0935	39.0	170603.47687244415
339	-17.284166	18.62482	-5.65	-74.528	272.25	-4.288549	1.4942153	-2.0650191	-7.000751	1360000	1.4901161e-08	3.6507635	-0.009459522	-0.585761	-0.08220377	0.006059963	0.06825	39.0	171384.84592032433
