Epoch	AverageEpRet	StdEpRet	MaxEpRet	MinEpRet	EpLen	AverageVVals	StdVVals	MaxVVals	MinVVals	TotalEnvInteracts	LossPi	LossV	DeltaLossPi	DeltaLossV	Entropy	KL	ClipFrac	StopIter	Time
0	-117.58	0.0	-117.58	-117.58	1000.0	0.12525192	0.0005985012	0.12818941	0.1214963	1000	-3.7431718e-07	123.270004	-0.006731191	-110.716484	0.918938	0.001940176	0.08	79.0	19.42703127861023
1	-23.86	0.0	-23.86	-23.86	367.0	-7.6285224	0.073316604	-7.558856	-8.051003	2000	-2.2411346e-08	4.665289	-0.0023868056	-3.0321655	0.89700526	0.022817189	0.225	3.0	736.7470498085022
2	-124.76	0.0	-124.76	-124.76	1000.0	-5.5825033	0.023829184	-5.580796	-6.335315	3000	-3.0326842e-07	42.093613	-0.0016509609	-39.909157	0.89637697	0.01954308	0.268	3.0	758.0547041893005
3	-115.88	0.0	-115.88	-115.88	1000.0	-11.404504	0.00042700052	-11.404225	-11.417369	4000	-4.3481588e-08	0.17612879	-0.0028018747	-0.03326665	0.8958046	0.015275877	0.204	2.0	777.6494710445404
4	-124.63	0.0	-124.63	-124.63	1000.0	-11.620113	0.00089410366	-11.591856	-11.620167	5000	6.020069e-08	1.1316615	0.0015936426	-0.77590895	0.89554954	0.018430479	0.208	3.0	795.2435925006866
5	-145.12	0.0	-145.12	-145.12	1000.0	-12.213779	0.007877666	-12.212701	-12.462476	6000	-1.347065e-07	5.54142	-0.0014030494	-5.0063987	0.89535016	0.01578079	0.124	3.0	812.6943759918213
6	-110.42	0.0	-110.42	-110.42	1000.0	-14.28212	0.00448142	-14.28094	-14.422482	7000	-1.6212464e-08	8.86055	-0.0064398265	-8.271382	0.89521194	0.016616043	0.311	4.0	830.0524218082428
7	-130.47	0.0	-130.47	-130.47	1000.0	-12.293926	0.02693285	-11.442868	-12.2960005	8000	2.375245e-08	3.3256507	-0.0063519087	-0.985343	0.8951282	0.0054274546	0.057	79.0	850.970005273819
8	-103.63	0.0	-103.63	-103.63	1000.0	-13.361032	0.0020211767	-13.29772	-13.36141	9000	-2.1219254e-08	8.899956	-0.0044409945	-6.695446	0.8892832	0.005267983	0.027	79.0	1863.6766834259033
9	-131.42	0.0	-131.42	-131.42	1000.0	-10.896886	0.0056503713	-10.719282	-10.89781	10000	-6.401539e-08	6.037448	-0.0059539382	-4.93039	0.88024807	0.0044168215	0.048	79.0	1882.948884010315
10	-24.46	7.13	-17.33	-31.59	303.0	-13.0975275	0.036661785	-13.048425	-13.150519	11000	-2.1517277e-08	35.508915	-0.0029978366	-31.46776	0.89281696	0.015024212	0.154	3.0	2300.3126842975616
11	-16.885	4.785	-12.1	-21.67	226.0	-5.6762066	0.1878255	-5.578668	-10.000931	12000	1.8447638e-08	4.5925283	-0.00759339	-2.4985955	0.8931234	0.010185844	0.115	79.0	2934.767237186432
12	-136.28	0.0	-136.28	-136.28	1000.0	-10.315843	0.100648426	-7.134657	-10.319519	13000	4.9352646e-08	10.9190445	-0.007904212	-10.27982	0.8957805	0.0013629672	0.068	79.0	2953.4303300380707
13	-118.25	0.0	-118.25	-118.25	1000.0	-13.328418	0.00791577	-13.326499	-13.578082	14000	-7.987023e-09	1.8861824	-0.008347197	-1.6225089	0.90235513	0.0062632766	0.064	79.0	2974.6903898715973
14	-18.26	0.0	-18.26	-18.26	297.0	-9.249105	1.1158674	-7.5260262	-12.040945	15000	-2.0489097e-08	5.905972	-0.007639106	-4.6849885	0.9037696	0.016035313	0.225	13.0	3727.751660823822
15	-97.06	0.0	-97.06	-97.06	1000.0	-3.3998134	0.22752832	-3.3694735	-10.540614	16000	-1.9311905e-08	32.526466	-0.002857391	-31.09844	0.9023007	0.024907976	0.212	2.0	3753.587515115738
16	-92.76	0.0	-92.76	-92.76	1000.0	-8.976591	0.00028100488	-8.976024	-8.976978	17000	-3.5542996e-08	4.164756	-0.005077502	-0.08703232	0.90183014	0.0027720695	0.032	79.0	4703.977888345718
17	-96.51	0.0	-96.51	-96.51	1000.0	-9.297607	0.0012402781	-9.274235	-9.29897	18000	-2.24486e-08	5.3105145	-0.0037776788	-0.27115822	0.89538485	0.009764145	0.023	79.0	5803.356854438782
18	-106.09	0.0	-106.09	-106.09	1000.0	-10.557021	0.026246341	-9.759068	-10.567043	19000	-2.0485372e-08	0.29313317	-0.0021156028	-0.0186252	0.88711923	0.017220218	0.187	3.0	6865.69997048378
19	-24.32	0.0	-24.32	-24.32	246.0	-9.959749	0.35122263	-9.747453	-10.585676	20000	-4.7683715e-09	7.8398724	-0.0069186646	-4.4093847	0.8871032	0.006043233	0.081	79.0	7435.280917644501
20	-146.29	0.0	-146.29	-146.29	1000.0	-11.263357	0.07450672	-8.908521	-11.267178	21000	-4.196167e-08	11.96145	-0.0068542496	-10.739866	0.8708677	0.007110735	0.057	79.0	7455.618901491165
21	-126.95	0.0	-126.95	-126.95	1000.0	-11.898463	0.12298338	-11.697667	-14.557773	22000	6.720424e-08	5.6033874	-0.001314462	-2.7949488	0.879351	0.016264124	0.198	3.0	8565.470798254013
22	-140.8	0.0	-140.8	-140.8	1000.0	-14.936272	0.1121666	-11.391029	-14.939983	23000	-4.965067e-08	1.0004437	-0.007721813	-0.31417036	0.87965095	0.0032052966	0.061	79.0	8585.230494260788
23	-135.0	0.0	-135.0	-135.0	1000.0	-14.271243	0.004267266	-14.263889	-14.375591	24000	-3.7252903e-08	3.1299284	-0.0059502656	-0.17005515	0.8749876	-0.00035301675	0.045	79.0	8607.526328802109
24	-142.08	0.0	-142.08	-142.08	1000.0	-12.307198	0.054193687	-12.233577	-13.813597	25000	3.361702e-08	4.0708246	-0.0061046723	-3.4937596	0.8692589	0.0053852424	0.041	79.0	8627.158581018448
25	-17.66	0.0	-17.66	-17.66	244.0	-12.9764805	2.3883517	-8.701135	-14.335248	26000	9.095669e-08	19.658703	-0.0044349222	-17.132032	0.84308195	0.006378539	0.075	79.0	8724.711309671402
26	-139.63	0.0	-139.63	-139.63	1000.0	-10.32398	0.0030980976	-10.246684	-10.325492	27000	-9.226799e-08	14.094639	-0.0069931205	-12.650156	0.83840656	0.0060175816	0.068	79.0	8743.562008142471
27	-119.76	0.0	-119.76	-119.76	1000.0	-11.133107	0.40936258	-10.209099	-13.844461	28000	-3.4704804e-08	11.878015	-0.010212251	-2.4807901	0.8304993	0.009226444	0.078	79.0	9818.271809577942
28	-140.98	0.0	-140.98	-140.98	1000.0	-13.821204	0.052113958	-12.174041	-13.822908	29000	-2.0921231e-08	2.8214066	-0.0065233186	-0.42424488	0.8321569	0.0030721023	0.053	79.0	9836.72277379036
29	-14.05	0.0	-14.05	-14.05	220.0	-14.042581	0.6407605	-12.820331	-14.463997	30000	2.977252e-08	24.18189	-0.0057368632	-18.426926	0.82386404	0.015924426	0.236	3.0	9933.4655854702
30	-22.83	0.0	-22.83	-22.83	338.0	-12.228178	4.195344	-5.896568	-15.227923	31000	1.6458333e-08	3.153081	-0.009136587	-1.1060007	0.8235906	0.008367308	0.071	79.0	10198.735831975937
31	-160.32	0.0	-160.32	-160.32	1000.0	-14.766119	0.23518237	-14.217326	-15.780638	32000	1.1146069e-08	14.303441	-0.0077711334	-7.9355297	0.81345046	0.008933219	0.047	79.0	10219.179309129715
32	-104.99	0.0	-104.99	-104.99	1000.0	-5.662428	0.23707664	-5.6490407	-13.15528	33000	-1.2350083e-07	22.790524	-0.0059386194	-20.318077	0.8009811	0.004783865	0.019	79.0	10871.12847328186
33	-118.23	0.0	-118.23	-118.23	1000.0	-10.168913	0.0021207565	-10.156151	-10.17247	34000	9.9241735e-09	11.217072	-0.0056487587	-3.7103543	0.79946613	0.0025386398	0.04	79.0	11752.204256772995
34	-18.57	7.59	-10.98	-26.16	318.0	-14.447197	3.8451145	-11.452766	-19.563368	35000	-2.8610229e-08	44.420414	-0.008556048	-41.180027	0.79881895	0.012622295	0.109	79.0	12020.652085781097
35	-141.48	0.0	-141.48	-141.48	1000.0	-5.407347	0.35890126	-5.210922	-16.351995	36000	3.576279e-08	72.20355	-0.0054362896	-67.402466	0.807927	0.0029664359	0.015	79.0	12039.507117986679
36	-19.45	0.0	-19.45	-19.45	280.0	-15.369357	1.7050917	-12.62516	-16.503794	37000	4.0233136e-08	28.142565	-0.008303434	-25.554487	0.81951207	0.014434416	0.13	79.0	12125.399017095566
37	-68.67	0.0	-68.67	-68.67	1000.0	-13.504825	0.015548366	-13.474323	-13.562864	38000	3.5715104e-07	38.8509	-0.0037174183	-37.375122	0.7961368	0.0014918399	0.034	79.0	12145.705410718918
38	-16.25	0.0	-16.25	-16.25	253.0	-6.539672	1.3153034	-4.2754884	-7.3599024	39000	-1.2040139e-08	13.223606	-0.007977664	-11.856738	0.8033815	0.0026448842	0.064	79.0	12291.46402168274
39	-27.24	0.0	-27.24	-27.24	409.0	-8.335643	3.5593634	-4.0462584	-11.296835	40000	-8.5532665e-09	2.1677125	-0.00871696	-0.41275358	0.7853184	0.00918684	0.073	79.0	12476.803404569626
40	-97.15	0.0	-97.15	-97.15	1000.0	-10.552567	0.038501468	-10.544668	-11.764847	41000	-5.8412553e-08	0.82722104	-0.006601247	-0.6339164	0.7978021	0.0033232397	0.05	79.0	12505.390388011932
41	-134.79	0.0	-134.79	-134.79	1000.0	-11.504943	0.07299284	-9.763222	-11.552212	42000	8.440018e-08	3.7780967	-0.012021545	-3.5364668	0.7890459	0.010783847	0.074	79.0	12525.411454200745
42	-135.85	0.0	-135.85	-135.85	1000.0	-10.92199	0.07780228	-10.916571	-13.380867	43000	-1.5664101e-07	7.795751	-0.010363474	-6.785336	0.7669954	0.003173024	0.051	79.0	12544.775254011154
43	-28.93	0.0	-28.93	-28.93	455.0	-11.546449	2.790639	-8.492147	-14.11927	44000	1.6033649e-08	12.572356	-0.004405441	-9.599438	0.78722125	0.01585676	0.163	6.0	12678.213938474655
44	-110.88	0.0	-110.88	-110.88	1000.0	-12.369187	0.016426243	-11.943032	-12.378468	45000	-3.671646e-07	1.3913502	0.00086375215	-1.2822206	0.78783065	0.018791536	0.202	2.0	12700.77261042595
45	-18.58	0.0	-18.58	-18.58	297.0	-9.4141445	3.3047588	-4.328307	-11.617914	46000	-1.8179417e-08	2.1078835	-0.008866146	-1.0036138	0.78779304	0.0025292118	0.089	79.0	12885.553910970688
46	-133.81	0.0	-133.81	-133.81	1000.0	-10.023139	0.011290222	-10.019827	-10.376261	47000	1.4746189e-07	12.971333	0.002805471	-10.807178	0.7871611	0.019702198	0.278	2.0	12903.127567529678
47	-95.99	0.0	-95.99	-95.99	1000.0	-12.624578	0.020788217	-12.622995	-13.281423	48000	-1.0633469e-07	8.256931	-0.0032771535	-7.7426353	0.7871034	0.0030006147	0.029	79.0	12927.562260627747
48	-119.15	0.0	-119.15	-119.15	1000.0	-9.827	0.00069879764	-9.822161	-9.82823	49000	-1.5115738e-07	3.8239598	-0.0045188605	-3.6414022	0.7922662	0.024574917	0.276	2.0	12945.549847364426
49	-100.93	0.0	-100.93	-100.93	1000.0	-12.181816	0.023947705	-11.715904	-12.214439	50000	-1.4305114e-08	3.8278422	-0.0074840686	-3.4268563	0.79231584	0.0081342375	0.072	79.0	12965.236510515213
50	-96.61	0.0	-96.61	-96.61	1000.0	-10.79819	0.026216997	-10.261015	-10.828855	51000	-1.6450882e-08	1.1254748	-0.002748414	-0.9125327	0.78633136	0.007908794	0.016	79.0	12987.542268037796
51	-48.41	0.0	-48.41	-48.41	1000.0	-11.363205	0.04914073	-9.818863	-11.379234	52000	6.651879e-08	40.285797	-0.0062450864	-38.04614	0.8008302	0.009042033	0.044	79.0	13691.814280986786
52	-125.8	0.0	-125.8	-125.8	1000.0	-5.0969405	0.0071008787	-5.088405	-5.219072	53000	-3.33786e-07	53.984695	-0.005753221	-50.39423	0.78996617	0.006015212	0.029	79.0	13711.26731801033
53	-68.25	0.0	-68.25	-68.25	1000.0	-12.295511	0.0004432276	-12.284818	-12.296271	54000	9.3221665e-08	29.510885	-0.0039061827	-27.227734	0.79485387	0.00278076	0.029	79.0	13734.335670948029
54	-170.66	0.0	-170.66	-170.66	1000.0	-6.979852	0.00022012678	-6.9773717	-6.980316	55000	7.152557e-09	95.030106	-0.0056324266	-89.87661	0.79636717	0.0070446357	0.046	79.0	13754.010600805283
55	-157.86	0.0	-157.86	-157.86	1000.0	-16.533438	2.3792598e-05	-16.532904	-16.533474	56000	-3.516674e-09	3.8402781	-0.0070587387	-0.06326532	0.7936	0.005884595	0.074	79.0	13773.091177463531
56	-46.47	0.0	-46.47	-46.47	1000.0	-16.277317	9.866589e-05	-16.277245	-16.279266	57000	3.4570695e-07	123.32802	-0.0082578715	-116.5067	0.7862662	0.0061884834	0.076	79.0	14785.634113550186
57	-127.69	0.0	-127.69	-127.69	1000.0	-5.2039404	0.00091370457	-5.1824846	-5.205032	58000	-5.4121017e-08	59.373356	-0.0017349441	-53.308895	0.77115464	0.016780332	0.196	3.0	14804.770219802856
58	-72.7	0.0	-72.7	-72.7	977.0	-12.22949	3.0038122e-05	-12.229382	-12.229535	59000	-1.6689301e-09	36.33823	-0.006698352	-32.428955	0.7707089	0.022639733	0.234	2.0	15500.922963619232
59	-31.35	0.0	-31.35	-31.35	545.0	-6.0579777	0.90067184	-5.066973	-6.879303	60000	-8.381903e-09	7.098507	-9.6014046e-05	-3.2790523	0.7703339	0.015851308	0.2	2.0	15813.400631904602
60	-101.32	0.0	-101.32	-101.32	1000.0	-5.6109023	3.717249e-05	-5.6108494	-5.6116157	61000	1.18494036e-07	18.938492	-0.0046312786	-17.436409	0.76983976	0.004889593	0.038	79.0	15832.496325969696
61	-142.17	0.0	-142.17	-142.17	1000.0	-9.607586	0.0006614737	-9.586679	-9.607614	62000	-2.0539761e-07	24.386549	-0.0058636395	-20.705505	0.76264423	0.0049947305	0.047	79.0	15851.325090646744
62	-33.65	0.0	-33.65	-33.65	456.0	-13.933473	0.009918637	-13.922513	-13.943184	63000	2.861023e-09	46.49532	-0.0084312	-41.494865	0.7742102	0.017920397	0.308	3.0	16070.803306102753
63	-106.35	0.0	-106.35	-106.35	1000.0	-7.862306	0.0018538394	-7.8622417	-7.9209003	64000	3.8146974e-09	8.808881	-0.0063091316	-6.8821173	0.77460116	0.010273385	0.043	79.0	16089.317698478699
64	-89.21	0.0	-89.21	-89.21	1000.0	-10.326102	1.833353e-05	-10.325908	-10.326136	65000	-3.2246113e-08	3.6601415	-0.0097168945	-1.5777373	0.76150906	0.0049488125	0.096	79.0	16788.59819984436
65	-174.56	0.0	-174.56	-174.56	1000.0	-9.169138	0.0011064647	-9.134222	-9.169311	66000	-5.0783157e-08	67.47821	-0.004023996	-62.22935	0.7620654	0.006778393	0.032	79.0	16808.587569475174
66	-66.57	0.0	-66.57	-66.57	1000.0	-16.727617	0.00055878627	-16.727467	-16.745234	67000	-2.479553e-07	90.68953	-0.006556976	-86.1046	0.77087176	0.0015288227	0.059	79.0	17763.633301258087
67	-60.69	0.0	-60.69	-60.69	1000.0	-7.9867573	0.0017261985	-7.9751387	-7.9894934	68000	-9.059906e-09	4.725208	-0.0073766885	-3.9729218	0.7605357	0.0028083923	0.067	79.0	18729.23905968666
68	-28.695	5.0550003	-23.64	-33.75	414.5	-6.000364	0.061168317	-5.965743	-6.135474	69000	-3.6425888e-08	3.4913642	-0.0039369892	-0.95585155	0.76394135	0.015725937	0.218	5.0	19254.80190062523
69	-116.64	0.0	-116.64	-116.64	1000.0	-6.589577	0.01369727	-6.579364	-6.9939733	70000	-3.581047e-07	21.810265	-0.0037913856	-20.886189	0.7644714	0.016078709	0.227	2.0	19272.627197742462
70	-110.1	0.0	-110.1	-110.1	1000.0	-11.029655	6.41866e-06	-11.029564	-11.029668	71000	-2.6136636e-08	2.6668367	-0.0038821616	-0.019519567	0.7646143	0.0028443753	0.022	79.0	19292.07314491272
71	-36.655	5.0650005	-31.59	-41.72	462.0	-10.918411	0.1158262	-10.786287	-11.167232	72000	3.272295e-08	26.830406	-0.01053513	-22.565825	0.74673826	0.008067896	0.13	79.0	19680.011997938156
72	-29.14	0.0	-29.14	-29.14	392.0	-8.075811	2.4501925	-5.021068	-10.043475	73000	-5.337596e-08	4.869884	-0.00791985	-2.6789196	0.7453829	-0.0010420633	0.08	79.0	19851.054923295975
73	-97.9	0.0	-97.9	-97.9	1000.0	-6.3963823	0.051373113	-6.3765965	-8.005513	74000	-2.2220611e-07	12.11122	-0.0062976377	-10.81805	0.7389183	0.005437178	0.063	79.0	19870.622911930084
74	-45.1	0.0	-45.1	-45.1	1000.0	-8.652666	0.037683327	-8.635891	-9.709115	75000	6.9141386e-09	20.20912	-0.009897806	-17.451357	0.72639316	0.0036449695	0.085	79.0	20686.846611499786
75	-70.91	0.0	-70.91	-70.91	998.0	-4.455803	0.0004908382	-4.4438124	-4.456943	76000	-6.604195e-08	5.274146	-0.0080310255	-2.7766542	0.7184014	-0.002808139	0.096	79.0	21407.66427373886
76	-25.54	0.0	-25.54	-25.54	330.0	-7.8289657	1.2318573	-6.075216	-8.698605	77000	-1.9013882e-08	10.202303	-0.004405694	-8.106413	0.7054239	0.016128376	0.162	5.0	21539.33700299263
77	-124.97	0.0	-124.97	-124.97	1000.0	-11.97254	8.130933e-05	-11.972405	-11.9747305	78000	-4.7445297e-08	0.8781092	-0.0038402188	-0.37482518	0.7042599	0.01553282	0.145	3.0	21557.86709690094
78	-19.5	0.0	-19.5	-19.5	316.0	-10.33927	3.2186525	-5.593523	-12.598789	79000	-1.1700392e-07	5.8931565	0.0008823954	-4.709176	0.7034935	0.017589485	0.264	4.0	21684.584958076477
79	-66.89	0.0	-66.89	-66.89	1000.0	-5.1797915	0.15483104	-5.156512	-10.05035	80000	-6.020069e-08	2.8253503	-0.0060852235	-0.95004475	0.7023456	0.01752803	0.139	2.0	21706.154710054398
80	-30.86	0.0	-30.86	-30.86	439.0	-5.962953	0.2401248	-5.65234	-6.1772757	81000	2.161041e-08	2.6478455	-0.0021020286	-1.2920537	0.7016985	0.022499248	0.253	2.0	22408.739640951157
81	-86.28	0.0	-86.28	-86.28	1000.0	-10.363709	0.11765903	-6.644917	-10.368486	82000	-1.7380714e-07	2.4132845	-0.0062610805	-2.1212244	0.7010821	0.0023857108	0.023	79.0	22430.420954704285
82	-53.87	0.0	-53.87	-53.87	1000.0	-5.4047484	0.11063071	-5.3981886	-8.899964	83000	1.9654632e-08	1.3617452	-0.0039033622	-0.17235327	0.69449747	0.021464555	0.34	2.0	23432.69919204712
83	-14.62	0.0	-14.62	-14.62	244.0	-5.189793	0.040390786	-5.063114	-5.259732	84000	1.4230609e-09	3.9096282	0.0053551383	-1.401797	0.69449615	0.020834932	0.268	2.0	23880.52288198471
84	-29.04	12.660001	-16.38	-41.7	375.0	-4.4356503	2.5280213	-2.3717408	-8.736303	85000	2.3126603e-08	11.578685	-0.010606595	-8.937923	0.6944772	0.0051455405	0.107	79.0	24256.168328523636
85	-33.675	2.6749992	-31.0	-36.35	444.5	-5.780467	1.6169506	-4.195591	-10.033644	86000	2.56598e-08	2.9562504	-0.003883354	-1.8226187	0.6986679	0.019572135	0.202	4.0	24811.812740325928
86	-68.22	0.0	-68.22	-68.22	1000.0	-2.2699873	0.2967266	-2.142938	-10.157925	87000	1.6736985e-07	16.773594	-0.0051665474	-15.515053	0.6984518	0.026661374	0.24	3.0	25709.61132502556
87	-115.37	0.0	-115.37	-115.37	1000.0	-9.182205	0.09558701	-6.1812177	-9.213875	88000	-1.3351441e-08	6.1024895	-0.0067898203	-5.148425	0.6983378	0.0054201293	0.039	79.0	25729.28236746788
88	-92.94	0.0	-92.94	-92.94	1000.0	-11.279713	0.007682972	-11.269135	-11.463901	89000	1.01089476e-07	3.7088535	-0.0038259625	-3.5239189	0.69928586	0.006458373	0.037	79.0	25751.628734111786
89	-12.01	0.0	-12.01	-12.01	205.0	-8.902988	1.4408593	-6.043563	-9.642393	90000	-1.502037e-08	19.935999	-0.0030330971	-18.238617	0.7078229	0.015321612	0.244	4.0	25883.899139642715
90	-28.625	14.245	-14.38	-42.87	455.5	-5.079498	1.6286331	-3.169365	-14.232716	91000	2.6270747e-08	1.364133	-0.010554699	-0.28390777	0.7086687	0.0019174428	0.103	79.0	26541.654733657837
91	-16.46	0.0	-16.46	-16.46	339.0	-10.25191	1.5197601	-8.023488	-11.351835	92000	-6.061792e-08	10.692025	-0.0040190006	-9.963128	0.68460345	0.01657131	0.358	3.0	26809.89484977722
92	-29.0	12.110001	-16.89	-41.11	449.5	-4.6980734	1.1058877	-2.8090641	-9.548123	93000	1.8522144e-08	2.181963	-0.0010655293	-0.8755312	0.68432885	0.016956333	0.352	4.0	27365.53982281685
93	-27.605	7.6850004	-19.92	-35.29	381.0	-4.215216	0.768846	-3.4518642	-5.3253403	94000	-3.5881996e-08	5.294094	-0.008364405	-3.4916277	0.68374753	0.015111565	0.092	71.0	27541.49653482437
94	-10.55	0.0	-10.55	-10.55	198.0	-5.911529	0.07866933	-5.5518084	-6.038912	95000	-5.9604646e-09	5.154064	-0.0037720134	-3.4010873	0.67304236	0.0021244	0.031	79.0	28350.69279742241
95	-96.31	0.0	-96.31	-96.31	1000.0	-4.8481016	0.2598618	-4.492148	-5.543333	96000	6.198883e-08	20.72046	-0.00113189	-19.56249	0.6629983	0.015812416	0.159	3.0	28373.961452960968
96	-36.765	5.0950003	-31.67	-41.86	422.0	-8.83951	0.98871636	-6.5128503	-9.287618	97000	-1.8686055e-08	9.4507885	-0.006934203	-5.584212	0.6628047	0.026399557	0.252	2.0	28745.64830303192
97	-17.38	0.0	-17.38	-17.38	277.0	-6.732036	0.057470083	-6.670446	-6.8432794	98000	1.4126301e-08	3.300368	-0.007889884	-2.2323558	0.6626361	0.025236119	0.261	7.0	28917.74898958206
98	-16.926666	4.742238	-10.36	-21.39	234.33333	-4.8846326	0.17031306	-4.6349535	-6.716814	99000	-1.2010336e-08	5.444506	-0.009947199	-0.4860325	0.6619899	0.011364707	0.082	79.0	29153.280698537827
99	-33.74	0.0	-33.74	-33.74	738.0	-6.5237727	0.40957165	-5.2649837	-6.7834706	100000	3.8325787e-08	9.596918	-0.0058029667	-7.9869733	0.65074384	0.009650417	0.071	79.0	29973.282014369965
100	-104.33	0.0	-104.33	-104.33	1000.0	-3.9045556	0.0046708025	-3.8246715	-3.9131021	101000	-1.6212464e-08	37.32523	-0.009098349	-35.8072	0.6477715	0.008633935	0.058	79.0	30934.21189713478
101	-157.63	0.0	-157.63	-157.63	1000.0	-10.798099	0.029103093	-9.889173	-10.808099	102000	-5.722046e-09	27.163372	-0.008009811	-23.643291	0.6256454	-0.00037867273	0.041	79.0	30954.28234910965
102	-18.35	5.0080404	-13.97	-25.36	273.66666	-12.413088	0.91327566	-11.58621	-15.636612	103000	7.3313714e-08	57.144936	-0.009184449	-53.522182	0.60869724	0.0021807747	0.119	79.0	31190.63984465599
103	-93.59	0.0	-93.59	-93.59	1000.0	-9.442373	0.08854794	-9.319782	-10.893526	104000	1.911819e-08	0.1839507	-0.001901075	-0.0932447	0.6000801	0.016068926	0.226	2.0	31457.432844400406
104	-20.843334	10.098694	-8.06	-32.75	302.33334	-7.5074134	3.6728377	-3.5214624	-13.102386	105000	1.34408475e-08	12.278677	-0.004214552	-10.438961	0.6000984	0.015448427	0.131	12.0	32062.699478149414
105	-35.41	0.0	-35.41	-35.41	473.0	-8.874049	0.7195837	-7.941647	-12.417641	106000	-3.051758e-08	4.7152305	-0.006493326	-3.5854213	0.6008871	0.0028854588	0.054	79.0	32339.27890896797
106	-17.825	0.13499928	-17.69	-17.96	278.0	-4.9383864	1.5763208	-2.753172	-8.301601	107000	4.1127205e-08	5.8848424	-0.005761981	-5.2866807	0.6019102	0.020357002	0.316	2.0	32946.69912624359
107	-26.293335	11.546233	-10.01	-35.49	327.0	-4.4815288	2.7734072	-0.7256931	-10.030012	108000	-2.0712614e-08	8.229317	0.0021339299	-5.0383444	0.60196656	0.016699757	0.177	3.0	33343.00021266937
108	-24.49	8.08	-16.41	-32.57	299.0	-9.253008	3.058264	-2.9289947	-12.767842	109000	1.7985702e-08	7.35249	-0.006231462	-4.7063603	0.6020452	0.015890174	0.116	17.0	33486.79348945618
109	-8.23	0.0	-8.23	-8.23	138.0	-11.403261	4.0295067	-1.2962025	-13.018206	110000	3.0457972e-08	10.856468	-0.010608695	-7.253131	0.59851176	0.0008153161	0.074	79.0	33545.45396876335
110	-20.643333	4.398169	-17.36	-26.86	314.66666	-5.6943936	2.1061695	-2.2700667	-15.870022	111000	1.6346574e-08	8.362284	-0.0041427775	-4.944639	0.59099144	0.022261173	0.279	4.0	33844.03129577637
111	-27.36	0.0	-27.36	-27.36	387.0	-10.977201	4.9444246	-4.7210937	-14.987453	112000	-9.23872e-09	3.1139338	3.3555047e-05	-0.7916286	0.59069467	0.020406421	0.194	3.0	33937.20355606079
112	-125.21	0.0	-125.21	-125.21	1000.0	-13.157913	0.2969667	-12.5753975	-13.780693	113000	2.2351742e-08	1.8425071	-0.0010353702	-1.7315227	0.59053445	0.017458549	0.165	3.0	33955.024443387985
113	-16.69	2.5679698	-14.42	-20.28	261.33334	-3.1337018	0.3295046	-2.9204233	-9.669019	114000	-4.4703485e-09	3.26766	-0.0036188685	-0.73600125	0.59055865	0.015835656	0.277	3.0	34259.838525533676
114	-28.255001	3.8550005	-24.4	-32.11	323.0	-6.737024	2.3381736	-3.3909667	-9.659225	115000	2.220273e-09	3.1399584	-0.0033573133	-2.1717415	0.5908471	0.020025564	0.291	4.0	34710.38458156586
115	-25.035	1.4949999	-23.54	-26.53	312.0	-5.853674	0.994978	-3.2805586	-10.2978735	116000	-4.2505564e-09	1.4328685	-0.0045630876	-1.1519109	0.5911712	0.019165777	0.206	3.0	35123.110785245895
116	-30.099998	5.839999	-24.26	-35.94	422.0	-3.938274	2.052299	1.4063612	-6.5987015	117000	1.013279e-09	7.4553876	-0.0030876603	-3.8382952	0.5912533	0.019465018	0.168	3.0	35411.397028684616
117	-50.66	0.0	-50.66	-50.66	873.0	-5.118104	1.1534138	-4.026439	-7.5069294	118000	-5.52088e-09	1.0871879	0.0013840416	-0.38567263	0.5911537	0.019982796	0.356	3.0	36288.88953375816
118	-30.47	5.8099995	-24.66	-36.28	439.0	-6.24394	2.1663954	-4.617019	-10.291347	119000	-5.438924e-09	5.169173	-0.0039631324	-4.611255	0.59126407	0.0153830685	0.217	5.0	36799.10335469246
119	-20.73	7.3700004	-13.36	-28.1	279.0	-6.7737226	3.2362704	-2.9894373	-10.788318	120000	4.3548642e-08	3.588735	-0.0035899777	-2.7101283	0.5918093	0.017310252	0.136	4.0	37035.44635558128
120	-16.967499	5.8452344	-7.42	-22.88	245.0	-5.744178	1.317525	-3.045204	-8.079673	121000	5.275011e-09	6.823408	-0.0002687434	-5.6697097	0.59228843	0.016493661	0.213	4.0	37449.9825694561
121	-15.31	5.4650207	-8.61	-23.84	235.5	-3.03556	1.2971714	-1.5562273	-6.2096105	122000	-3.403425e-08	3.2219129	-0.0029619979	-1.8487172	0.59275067	0.015611179	0.191	3.0	37770.583351135254
122	-12.61	6.1099997	-6.5	-18.72	199.5	-8.899221	4.436677	-2.2061703	-13.22021	123000	2.992153e-08	4.481565	-0.007923851	-4.0396724	0.5929957	0.004494635	0.101	79.0	37935.438294410706
123	-19.81	4.214641	-14.25	-24.45	291.0	-3.001605	1.8863827	0.59882784	-9.426988	124000	2.0861625e-08	3.957902	-0.0118286535	-3.784169	0.5852722	0.01240302	0.143	79.0	38268.3126142025
124	-66.28	0.0	-66.28	-66.28	822.0	-6.796808	2.0857034	-1.3128057	-8.529155	125000	-1.7486512e-08	2.7929115	-0.011972235	-1.4386853	0.5714844	0.033614118	0.43	3.0	38808.965874671936
125	-9.35	0.0	-9.35	-9.35	177.0	-8.548782	3.3768327	-0.6187557	-10.706904	126000	-1.0251999e-08	0.77293074	0.005390583	-0.70430744	0.5713087	0.02114509	0.296	3.0	38899.25110864639
126	-20.26	0.0	-20.26	-20.26	301.0	-3.2031515	2.6010022	-0.62800616	-9.304155	127000	7.0631505e-09	14.621797	-0.012265281	-14.129084	0.57108754	0.008321651	0.138	79.0	39579.26357078552
127	-27.83	0.0	-27.83	-27.83	345.0	-6.1937785	1.7473352	-1.5259801	-9.260546	128000	2.5510788e-08	3.3624363	-0.0062552732	-2.8489413	0.57454944	0.004827989	0.084	79.0	39763.43385052681
128	-19.73	5.9057765	-12.81	-27.24	278.33334	-5.205724	2.6618192	-1.7700837	-9.993479	129000	-3.9130448e-08	8.083619	-0.0031092532	-7.7600126	0.567193	0.01518145	0.128	5.0	40070.23396706581
129	-16.93	0.8199997	-16.11	-17.75	229.5	-9.33198	5.808084	-1.3851604	-14.729263	130000	2.0973385e-08	3.6338267	-0.0047277478	-2.2622786	0.56697	0.020653548	0.13	3.0	40271.24886393547
130	-7.49	0.0	-7.49	-7.49	165.0	-12.099545	3.7802262	-2.506451	-13.784603	131000	2.1606683e-10	1.9607958	-0.009468407	-0.6572919	0.5668581	0.002770876	0.041	79.0	40408.6485376358
131	-20.28	0.0	-20.28	-20.28	277.0	-7.367792	2.5768788	-1.3188403	-13.976807	132000	-4.3570996e-08	1.7885936	-0.0014675038	-1.6381572	0.55465657	0.017845254	0.208	3.0	40728.63455629349
132	-23.246668	11.393757	-8.84	-36.7	299.33334	-6.987949	1.3950711	-2.5129619	-9.862707	133000	-6.2584875e-09	6.003657	-0.015740193	-5.7733192	0.5543897	0.0064925347	0.122	79.0	41200.41631960869
133	-119.9	0.0	-119.9	-119.9	1000.0	-14.772182	0.22980398	-7.9024377	-14.869281	134000	-7.629395e-09	6.326338	-0.008238941	-5.3147745	0.55123764	0.0054969457	0.04	79.0	41220.107100486755
134	-114.33	0.0	-114.33	-114.33	1000.0	-12.436136	0.014345122	-12.399931	-12.456668	135000	-8.940697e-11	3.7849202	-0.00893605	-2.5698752	0.5404212	0.00388268	0.081	79.0	41541.26684379578
135	-15.2675	5.025462	-9.74	-20.7	212.0	-4.345496	2.9370804	0.7116076	-10.807239	136000	3.0368568e-08	5.676044	-0.015001165	-5.3385587	0.54287857	0.012349048	0.147	79.0	41848.72587680817
136	-18.843332	2.8522775	-14.96	-21.73	242.0	-3.490227	2.7291517	0.14342088	-8.691232	137000	-9.059906e-09	7.5189576	-0.0039450554	-7.351013	0.5578512	0.018022768	0.223	2.0	42156.19572663307
137	-21.913332	9.74774	-8.15	-29.47	270.0	-5.597658	1.5336256	-2.1521227	-8.356086	138000	1.9945205e-08	0.7949564	-0.009897099	-0.6946476	0.55813605	0.0052795666	0.109	79.0	42615.40692067146
138	-19.91	7.036576	-14.8	-29.86	256.66666	-3.7596343	2.4513855	-0.53700554	-8.519425	139000	-1.0085106e-07	7.2362604	-0.0072653675	-6.936989	0.54987645	0.016335506	0.163	2.0	43058.82665729523
139	-21.935	7.895	-14.04	-29.83	290.0	-7.350542	3.5811522	0.5109303	-11.660643	140000	-3.3035874e-08	3.2913845	-0.0010002777	-3.0457282	0.5497835	0.023411179	0.129	3.0	43365.65554523468
140	-18.04	0.0	-18.04	-18.04	271.0	-7.2259407	3.2096844	0.7483649	-9.687032	141000	1.6838312e-08	1.7299237	-0.0073649064	-1.4681427	0.5496436	0.0052122027	0.06	79.0	43926.70875310898
141	-22.356667	5.6972528	-14.58	-28.07	287.33334	-6.6735096	2.2618248	-1.3586688	-9.875633	142000	-1.7344952e-08	1.9556191	-0.012594068	-1.8853557	0.5476566	0.0150848515	0.154	57.0	44315.941198825836
142	-39.059998	1.8099995	-37.25	-40.87	442.5	-5.523707	2.1207128	-2.3385923	-9.53145	143000	7.584691e-08	4.567519	-0.013160025	-4.452269	0.5304984	-0.0017453207	0.097	79.0	44927.32302379608
143	-34.09	0.0	-34.09	-34.09	409.0	-10.589459	4.255714	-3.0213153	-14.551994	144000	1.34706495e-08	10.715741	-0.011987521	-10.222935	0.51135	0.010153273	0.091	79.0	45283.83441185951
144	-83.86	0.0	-83.86	-83.86	864.0	-7.0843806	0.28660595	-5.980421	-8.404175	145000	2.9623509e-08	4.7994914	-0.007347178	-2.0888417	0.5068577	0.004936397	0.075	79.0	45901.726103544235
145	-36.2	18.16	-18.04	-54.36	449.0	-7.932484	1.3320217	-3.1134045	-9.635723	146000	9.298325e-09	6.873113	-0.01259983	-5.480444	0.49562463	0.010738207	0.135	79.0	46492.13561654091
146	-111.75	0.0	-111.75	-111.75	1000.0	-7.2002373	0.17133558	-5.0557365	-7.515815	147000	1.3804436e-07	14.064644	-0.0074219867	-13.2897415	0.4774183	0.0043471605	0.068	79.0	46515.946499586105
147	-19.363333	1.8632646	-16.74	-20.89	297.0	-6.3451805	2.444487	-1.1302423	-10.276503	148000	-6.920099e-08	10.239523	-0.014105323	-10.157981	0.4654842	0.0067978813	0.108	79.0	46907.57324504852
148	-102.81	0.0	-102.81	-102.81	1000.0	-10.354429	0.20005901	-7.669116	-10.55898	149000	1.9073487e-09	2.6130548	0.00011986764	-2.3562484	0.45909575	0.017984334	0.31	2.0	47659.91010904312
149	-14.423333	4.811655	-7.76	-18.95	224.66667	-2.211013	2.3070028	1.9625909	-7.9692774	150000	3.9458275e-08	5.9816003	-0.0068338197	-5.7554398	0.45899025	0.01522704	0.222	12.0	47905.09936618805
150	-62.39	0.0	-62.39	-62.39	1000.0	-0.61330396	2.0243092	0.7701055	-7.841118	151000	1.1444092e-08	24.135033	-0.00989488	-22.17838	0.45752642	0.0019913558	0.065	79.0	48960.68830895424
151	-29.945	6.3050003	-23.64	-36.25	396.5	-7.077968	1.6779759	-5.4687223	-10.692417	152000	1.9997358e-08	2.7598834	-0.0038630567	-1.7261382	0.44997555	0.018601794	0.243	3.0	49486.78372120857
152	-122.93	0.0	-122.93	-122.93	1000.0	-11.034573	1.0996749	-9.520862	-12.881965	153000	1.0669231e-07	3.573185	-0.0036612782	-3.4380026	0.4497647	0.0016981285	0.025	79.0	49504.91232585907
153	-20.363333	5.158148	-13.41	-25.75	294.33334	-4.082254	3.7672563	2.0475645	-9.643463	154000	-2.7164816e-08	13.645797	-0.012050182	-13.314621	0.44383252	0.0019451751	0.11	79.0	49867.131311655045
154	-29.310001	6.8	-22.51	-36.11	415.5	-7.0480256	1.4043901	-3.3362746	-8.896998	155000	7.599592e-09	10.386642	-0.008086561	-10.272175	0.4304295	0.007338053	0.096	79.0	50164.948426008224
155	-32.705	9.414999	-23.29	-42.12	397.5	-8.890323	1.1297536	-5.9628663	-10.983013	156000	-1.9967556e-08	8.109007	-0.010063123	-8.014368	0.4238163	0.016286388	0.22	3.0	50501.62197804451
156	-36.06	6.05	-30.01	-42.11	417.5	-0.9112923	2.877616	2.5129724	-8.902861	157000	-4.529953e-09	44.038776	-0.0038458789	-41.21524	0.4236614	0.015900383	0.296	3.0	51174.47753930092
157	-45.78	33.829998	-11.95	-79.61	474.5	-9.237509	1.124323	-6.816908	-10.458133	158000	6.7055224e-09	7.2249947	-0.007853127	-5.179429	0.4237111	0.010077334	0.084	79.0	51939.06886076927
158	-89.13	0.0	-89.13	-89.13	1000.0	-6.833207	0.27675205	-6.502729	-8.019243	159000	2.2888184e-08	7.266319	0.0015557152	-5.929156	0.41305077	0.02164387	0.283	2.0	53042.39856982231
159	-20.826668	13.267289	-10.55	-39.56	274.33334	-7.288388	0.7531211	-5.859705	-8.736601	160000	-8.046627e-09	8.601406	-0.012664928	-7.9092736	0.41288248	0.005948243	0.068	79.0	53547.24123120308
160	-72.2	0.0	-72.2	-72.2	1000.0	-8.663366	0.18384744	-8.058564	-8.8476095	161000	-2.2292138e-08	2.7228534	0.0021428275	-2.1678057	0.39696968	0.026217796	0.352	2.0	54472.906643390656
161	-19.193335	9.3095875	-6.45	-28.43	268.66666	-6.6381884	1.9383376	-2.905577	-9.442019	162000	2.1725892e-08	3.592807	-0.006496985	-2.4675944	0.39676318	0.019392218	0.218	5.0	54831.97725009918
162	-17.57	0.0	-17.57	-17.57	224.0	-3.630685	2.3146782	1.1069392	-9.111792	163000	-3.3259393e-08	9.462755	-0.00859083	-8.823392	0.396243	0.0019329304	0.053	79.0	55541.88658165932
163	-17.46	3.6099997	-13.85	-21.07	248.5	-8.077365	2.591953	-3.651872	-10.855028	164000	-1.6450882e-08	3.2160091	-0.003390567	-2.3982873	0.41354036	0.017346965	0.146	4.0	55822.31175804138
164	-16.326666	2.7849634	-13.92	-20.23	259.33334	-2.5481107	0.94329005	-0.56466776	-8.617448	165000	6.1631205e-08	4.8709373	-0.002569195	-4.6114864	0.41416308	0.015972486	0.235	3.0	56213.07596182823
165	-47.72	0.0	-47.72	-47.72	516.0	-8.401723	0.4765506	-7.5342073	-9.263478	166000	2.5108458e-09	2.4271684	0.00053971994	-1.2924117	0.41463932	0.017463826	0.191	3.0	56790.737310647964
166	-23.885	4.4449997	-19.44	-28.33	353.5	-5.0122547	0.93780196	-3.8258226	-8.148224	167000	2.6226044e-09	2.5109072	-0.00875785	-2.354228	0.41506636	0.004465297	0.089	79.0	57184.095970869064
167	-121.45	0.0	-121.45	-121.45	1000.0	-11.731015	0.8211105	-8.625311	-13.107702	168000	-9.942055e-08	0.5951973	-0.0020448137	-0.5195918	0.4116537	0.017142436	0.131	8.0	57201.78697896004
168	-16.36	2.9847054	-13.33	-20.42	246.0	-2.6293354	2.4341428	0.0064569414	-11.577371	169000	-3.3259393e-08	9.707878	-0.008341674	-9.618123	0.41139334	0.018060923	0.247	18.0	57619.255152225494
169	-95.03	0.0	-95.03	-95.03	1000.0	-8.758007	1.3125873	-6.549817	-10.861329	170000	9.290874e-09	2.918059	-0.00045346408	-2.4386532	0.41249338	0.032117415	0.38	2.0	57638.503940820694
170	-88.17	0.0	-88.17	-88.17	1000.0	-8.991481	0.17475304	-8.71101	-9.319518	171000	-4.082918e-09	0.6054927	0.0061127767	-0.23246133	0.4125059	0.019583976	0.417	2.0	57658.26075601578
171	-5.52	0.0	-5.52	-5.52	103.0	-11.152734	1.4998373	-5.9573317	-12.29788	172000	-2.0727516e-08	3.2460704	-0.0051973807	-3.0654144	0.41249743	0.015040895	0.168	5.0	57716.696061611176
172	-10.33	0.0	-10.33	-10.33	177.0	-9.126011	3.1301277	-1.2088785	-11.802431	173000	-5.2005054e-09	4.7540684	-0.009042421	-4.555538	0.41211426	0.0053277207	0.051	79.0	58272.507699251175
173	-25.62	0.0	-25.62	-25.62	311.0	-10.379825	4.617583	-2.0082052	-13.694237	174000	-1.886487e-08	4.475662	-0.009236914	-4.3818264	0.41235855	0.019875696	0.281	3.0	58469.38789010048
174	-13.44	0.0	-13.44	-13.44	210.0	-6.658959	3.3293214	0.8960072	-11.794545	175000	-1.4328957e-07	13.309105	7.071448e-05	-13.111094	0.41251013	0.024448825	0.227	3.0	58841.18750667572
175	-138.14	0.0	-138.14	-138.14	1000.0	-13.621257	0.17671546	-9.669328	-13.7877	176000	-4.9829485e-08	0.1872247	-0.010490688	-0.10162296	0.41289046	0.006700037	0.118	79.0	58861.37633681297
176	-20.35	0.0	-20.35	-20.35	332.0	-11.441193	1.7818587	-8.071638	-13.476514	177000	-6.198883e-08	15.136222	-0.004131744	-14.561798	0.4147077	0.02632788	0.291	3.0	59007.78595709801
177	-47.53	0.0	-47.53	-47.53	1000.0	0.54710597	1.5370193	1.6186867	-9.631003	178000	1.1491775e-07	18.609556	-0.009184834	-17.976368	0.4145755	0.0033920114	0.051	79.0	60007.66697835922
178	-14.91	0.0	-14.91	-14.91	251.0	-11.491021	2.4640484	-6.5228558	-12.921452	179000	-2.4467706e-08	4.379548	-0.007103339	-3.3530092	0.40123534	0.016482057	0.138	5.0	60104.31821966171
179	-113.78	0.0	-113.78	-113.78	1000.0	-11.984953	0.96328396	-9.777786	-13.140935	180000	-3.4630297e-08	0.15663214	0.0019687233	-0.117642105	0.40043098	0.024827328	0.358	2.0	60122.670335531235
180	-34.15	0.0	-34.15	-34.15	420.0	-7.02437	2.9358375	-0.91536367	-9.904883	181000	7.510185e-09	2.2097569	0.00091268634	-2.1352823	0.40023795	0.019951647	0.193	4.0	60751.04248762131
181	-33.36	0.0	-33.36	-33.36	383.0	-9.8713255	3.4531472	-3.7938137	-12.829199	182000	-2.5704503e-09	0.8546795	-0.005126551	-0.7790261	0.39982337	0.00865489	0.072	79.0	61028.41713953018
182	-32.36	23.93	-8.43	-56.29	447.5	-2.2559328	2.4433343	-0.3198958	-11.147316	183000	-6.1392784e-09	26.463655	-0.00172548	-25.21568	0.3923184	0.0155762695	0.259	3.0	61825.750760793686
183	-78.92	0.0	-78.92	-78.92	1000.0	-7.568326	0.8460029	-6.3484383	-9.640169	184000	-2.4341047e-08	1.5894614	0.001616122	-0.6467499	0.3920601	0.017429376	0.163	2.0	62637.89988160133
184	-25.650002	9.9800005	-15.67	-35.63	358.0	-7.2756085	0.20017941	-6.9353733	-8.077558	185000	3.924966e-08	6.193909	-0.0062093535	-4.921702	0.3920695	0.006711263	0.112	79.0	63129.817182302475
185	-11.883334	0.8970443	-11.02	-13.12	196.33333	-3.872564	1.8733857	0.7796626	-6.6107717	186000	2.5629998e-09	7.7930045	-0.004946277	-6.5914345	0.38132313	0.016187584	0.197	3.0	63578.97514104843
186	-17.56	0.0	-17.56	-17.56	300.0	-6.7826543	2.4102318	-3.0487542	-9.088902	187000	-1.08242034e-07	5.663989	-0.0032555773	-5.2516875	0.38111553	0.022825418	0.311	4.0	63770.165872097015
187	-106.16	0.0	-106.16	-106.16	941.0	-10.484889	1.3796383	-4.4810963	-10.888399	188000	-1.2531877e-08	4.6122255	-0.0013551145	-1.8235893	0.38084087	0.033232126	0.329	2.0	64439.092036008835
188	-65.95	0.0	-65.95	-65.95	813.0	-7.9118237	1.795493	-4.1093287	-9.658206	189000	-2.9206275e-09	5.279828	0.0033673793	-3.5452476	0.38074902	0.016477896	0.346	2.0	65199.120430231094
189	-27.04	0.0	-27.04	-27.04	369.0	-7.472315	2.6650455	-3.0493612	-9.862252	190000	1.0097027e-07	3.9649765	0.00033884813	-3.590132	0.38066554	0.016333418	0.207	4.0	65392.2351539135
190	-93.55	0.0	-93.55	-93.55	1000.0	-4.723173	0.87375486	-3.5818393	-11.437735	191000	1.5735626e-08	20.903595	-0.011751753	-18.648792	0.38081136	0.007883202	0.084	79.0	66267.95757055283
191	-11.86	0.0	-11.86	-11.86	185.0	-9.203939	0.22234061	-8.817264	-9.711894	192000	1.20997425e-08	9.25585	-0.002890257	-6.4867263	0.39856395	0.016171252	0.212	3.0	67048.57809686661
192	-20.825	0.625	-20.2	-21.45	285.5	-6.5755877	0.41063982	-5.5563912	-7.7403708	193000	-1.3917685e-08	10.641065	-0.009109698	-9.200123	0.39897054	0.0034084823	0.103	79.0	67352.27934265137
193	-106.3	0.0	-106.3	-106.3	1000.0	-11.44166	0.15970826	-10.999141	-11.870282	194000	2.861023e-09	0.76086146	0.013365591	-0.72816104	0.38295016	0.021419656	0.342	53.0	67372.09746360779
194	-21.845	1.1350002	-20.71	-22.98	296.0	-7.7660275	3.233797	-4.1126714	-11.625265	195000	1.3031065e-08	2.1665323	-0.00993172	-0.9037533	0.37112764	0.0059991884	0.115	79.0	67616.28748893738
195	-16.49	0.0	-16.49	-16.49	254.0	-5.1030746	2.0468407	-3.82044	-10.6496935	196000	7.3984263e-09	9.203047	-0.007293691	-8.638787	0.36012354	0.029268963	0.278	2.0	68419.35394954681
196	-41.82	0.0	-41.82	-41.82	627.0	-5.646003	0.16245796	-5.2791367	-5.9634366	197000	-1.3619661e-08	3.5582683	0.0027900313	-1.8781579	0.3599816	0.016373372	0.135	2.0	68887.90170049667
197	-62.73	0.0	-62.73	-62.73	739.0	-6.6914577	1.0845962	-4.817299	-7.503636	198000	8.910894e-09	2.898823	-0.010544022	-0.97333777	0.35991505	0.0011834188	0.06	79.0	69395.85523676872
198	-88.47	0.0	-88.47	-88.47	1000.0	-6.8655477	0.21266271	-6.5875926	-7.3229346	199000	-1.6689301e-09	2.8434818	-0.0075595444	-2.5337164	0.35145345	0.005177066	0.034	79.0	69415.78640031815
