Epoch	AverageEpRet	StdEpRet	MaxEpRet	MinEpRet	EpLen	TotalEnvInteracts	AverageQVals	StdQVals	MaxQVals	MinQVals	LossPi	LossQ	Time
1	-90.26833	4.727509	-83.995	-95.407	1000.0	2999	0.820911	0.40694994	1.9859661	-0.0080659315	-0.8236041	0.0001892819	78.19212770462036
2	-90.72134	14.866477	-78.846	-111.684	1000.0	5999	-0.14707425	0.5546343	1.1410555	-1.2881813	0.14636289	7.467994e-05	160.45807933807373
3	-92.993996	21.61458	-72.676	-122.931	1000.0	8999	-1.3813242	0.5063621	0.052016214	-2.4661052	1.3818101	7.895984e-05	248.95170879364014
4	-94.29133	29.664299	-71.913	-136.211	1000.0	11999	-2.3140655	0.6573846	0.13435522	-3.7021058	2.3139749	0.00010486556	1416.6109337806702
5	-113.23034	45.812965	-72.669	-177.264	1000.0	14999	-3.1966348	0.88734466	-0.2445005	-5.7084103	3.1965063	0.00012687409	2668.8924424648285
6	-62.60207	39.18958	-14.363227	-110.354	746.0	17999	-4.094398	1.096736	-1.2407565	-7.6832376	4.094887	0.0009100001	3920.7295184135437
7	-134.47499	44.13022	-73.852	-177.626	1000.0	20999	-4.8317795	1.2552263	-1.8497792	-8.811273	4.8297076	0.0008470906	5741.210748672485
8	-127.03167	41.616558	-69.757	-167.4	1000.0	23999	-5.6133313	1.5217135	-2.4315684	-9.989322	5.613426	0.0008659113	6126.4296002388
9	-158.86833	32.153046	-132.279	-204.108	1000.0	26999	-6.483404	1.8629102	-3.0302346	-11.999893	6.481309	0.00061629387	6186.765333175659
10	-67.94625	57.252636	-7.451648	-131.474	600.6667	29999	-7.1013927	2.152259	-2.7238836	-13.13564	7.096693	0.0015582143	6626.002972364426
11	-106.72787	64.16273	-27.514585	-184.665	825.0	32999	-7.5396233	2.3944418	-2.6751282	-14.220304	7.532772	0.003014467	7080.597454547882
12	-131.261	5.6767783	-123.505	-136.934	1000.0	35999	-7.927899	2.5786653	-2.4360533	-15.062263	7.922914	0.0023037647	7140.755954504013
13	-143.84267	29.09887	-103.146	-169.478	1000.0	38999	-8.411719	2.752921	-2.1923954	-16.047611	8.408607	0.0031527623	7200.061545372009
14	-112.06571	44.330566	-35.960842	-146.502	914.5	41999	-8.841915	2.9113188	-1.9876375	-16.785595	8.8386965	0.0019385307	7877.32542848587
15	-117.56234	20.935326	-89.978	-140.669	1000.0	44999	-9.132988	3.0683653	-2.0105865	-17.601086	9.12618	0.003263891	8447.117603302002
16	-112.91766	34.65295	-69.523	-154.336	1000.0	47999	-9.409961	3.1912408	-1.728215	-18.379318	9.401744	0.0023863537	9692.295024633408
17	-149.372	3.776832	-145.684	-154.562	1000.0	50999	-9.667403	3.39677	-1.4698416	-19.15808	9.657505	0.0019170045	9752.102549791336
18	-110.006004	55.51127	-69.632	-188.5	1000.0	53999	-9.988861	3.6083837	-1.5159405	-19.754507	9.983007	0.0017257958	11044.795098304749
19	-88.66974	50.956257	-17.740213	-135.16	784.3333	56999	-10.056783	3.774417	-1.4268553	-20.258186	10.049457	0.0025419611	11332.87324643135
20	-110.12733	16.810114	-86.478	-124.05	1000.0	59999	-10.261485	3.7516704	-1.3835081	-20.422472	10.251841	0.0017626828	11416.439933538437
21	-85.423935	57.7612	-14.492381	-144.601	698.6	62999	-10.362657	3.7497547	-1.1604826	-20.64843	10.351493	0.0022899255	11681.826287031174
22	-81.911995	23.910532	-53.051	-111.602	1000.0	65999	-10.39946	3.776161	-1.097593	-20.789562	10.389194	0.0017357272	12475.486355781555
23	-114.46832	17.084381	-90.908	-130.885	1000.0	68999	-10.322735	3.8245423	-1.0450119	-20.92376	10.31031	0.0023017519	12535.790583610535
24	-78.11967	20.319128	-52.277	-101.923	1000.0	71999	-10.298835	3.8222213	-0.93822616	-20.938929	10.28657	0.0020997785	13583.441744089127
25	-80.921715	38.967804	-38.732166	-132.721	861.6667	74999	-10.22493	3.8539696	-1.0884277	-20.962427	10.212941	0.0018112995	15197.454044103622
26	-77.8277	44.7311	-6.312785	-116.873	779.5	77999	-10.2096615	3.8456132	-1.080633	-20.87107	10.198429	0.002937734	16268.941766023636
27	-52.49586	52.1442	-5.728165	-132.664	518.1667	80999	-10.227393	3.8405974	-1.1156107	-20.975374	10.21613	0.0034606513	17033.040242671967
28	-80.068596	46.88926	-26.721779	-140.852	838.3333	83999	-10.141327	3.885203	-1.1540077	-20.987902	10.130598	0.0030598524	18305.117305755615
29	-46.293743	40.835995	-9.01912	-121.264	601.6667	86999	-10.077299	3.9183824	-1.0634477	-21.075014	10.067298	0.004288237	19897.14800453186
30	-88.66205	31.89312	-43.56913	-112.062	901.6667	89999	-10.0216465	3.9515276	-1.0171087	-21.178455	10.011922	0.0036491368	20543.869569301605
31	-36.38295	39.494606	-6.5378833	-119.891	459.7143	92999	-9.972032	3.9410229	-0.9017041	-21.198269	9.9537115	0.0048627	21402.2926902771
32	-54.8914	17.450176	-30.786194	-71.523	823.6667	95999	-9.752296	3.9221983	-0.8492177	-20.892307	9.730324	0.0049907733	23448.26983523369
33	-55.836876	21.6329	-18.593523	-71.615	850.75	98999	-9.4504	3.9071302	-0.5651034	-20.82626	9.427277	0.0053218426	26478.148777246475
34	-42.134647	24.410326	-10.209383	-66.432	643.25	101999	-9.179141	3.9246795	-0.7242113	-20.827915	9.16002	0.0035271638	28552.874318361282
35	-63.164604	27.307108	-19.164408	-92.747	841.75	104999	-9.0455	3.9206917	-0.65265757	-20.958677	9.02768	0.004236535	30179.63270187378
36	-75.355995	20.642847	-59.403	-104.506	1000.0	107999	-8.897839	3.9058006	-0.6508089	-21.077303	8.877964	0.0042990525	31867.97469973564
37	-34.85751	24.96992	-11.633818	-67.956	559.4	110999	-8.735835	3.907545	-0.7070271	-21.048203	8.71632	0.0049961936	33837.883546590805
38	-52.92486	23.528267	-12.518428	-71.189	810.5	113999	-8.589673	3.8781857	-0.6387533	-21.014273	8.569794	0.0035565821	36614.01454663277
39	-59.249664	5.267452	-51.865	-63.79	1000.0	116999	-8.424612	3.8407147	-0.6822052	-20.85223	8.404449	0.0030775315	39577.99084734917
40	-44.49631	16.003735	-22.545935	-60.248	832.0	119999	-8.299121	3.7899346	-0.6064181	-20.741756	8.279472	0.0030549571	41573.070138931274
41	-34.5247	20.14125	-18.734365	-69.507	547.0	122999	-8.169046	3.7357366	-0.7484782	-20.66239	8.14977	0.004430776	43905.7557182312
42	-46.67803	23.604406	-13.315098	-64.328	747.3333	125999	-8.051579	3.7044806	-0.726991	-20.467112	8.033206	0.0037765123	47372.51050543785
43	-44.11721	21.926296	-15.939938	-63.689	729.0	128999	-7.960841	3.6543498	-0.7353012	-20.609217	7.941257	0.00503281	49766.01544380188
44	-36.224323	17.897762	-15.709224	-61.944	607.25	131999	-7.8275304	3.6131146	-0.74598765	-20.553991	7.8077974	0.004892566	52398.25324010849
45	-44.140667	24.185959	-7.8233795	-68.14	714.8	134999	-7.7516646	3.5746093	-0.8152395	-20.494078	7.7325993	0.0050895074	55257.41391611099
46	-27.702154	18.671461	-8.193246	-60.334	498.2	137999	-7.636386	3.536926	-0.7319584	-20.429432	7.6171117	0.0060475273	58045.93077635765
47	-51.326805	19.60996	-17.985218	-68.342	835.25	140999	-7.5480623	3.5080357	-0.68781865	-20.400547	7.5294795	0.0050954768	60716.668580532074
48	-52.622517	18.45568	-26.570543	-67.023	810.0	143999	-7.4808674	3.4597468	-0.75565076	-20.460577	7.462375	0.0051541375	62877.46470332146
49	-31.233837	22.111774	-8.910498	-66.251	516.1429	146999	-7.4218826	3.4172716	-0.81709146	-20.308634	7.404387	0.005729083	65125.41333293915
50	-42.408604	11.227535	-29.540869	-56.346	762.25	149999	-7.358914	3.3870962	-0.8527707	-20.335152	7.341082	0.006899508	67558.75754761696
51	-44.502045	17.299479	-25.793943	-66.087	739.5	152999	-7.289513	3.359364	-0.7519639	-20.287956	7.2726817	0.0056549776	70149.60782647133
52	-54.61723	11.979216	-38.062675	-66.011	878.0	155999	-7.254779	3.3530219	-0.8307635	-20.337847	7.2387605	0.006778709	73065.27000880241
53	-50.468925	10.039564	-34.954712	-62.718	915.75	158999	-7.2189426	3.3464875	-0.7873265	-20.421064	7.202651	0.005843268	75340.88416290283
54	-36.735287	22.900085	-6.600717	-64.135	597.4	161999	-7.1712728	3.310158	-0.8343303	-20.30588	7.1552258	0.006688271	77997.04085636139
55	-42.8408	21.46434	-14.665543	-65.891	683.75	164999	-7.12362	3.292123	-0.9797259	-20.322601	7.107881	0.0075521492	80753.1964712143
56	-52.615158	11.329715	-37.00147	-63.537	943.3333	167999	-7.085241	3.2669272	-1.0364175	-20.36448	7.0698633	0.007007386	83641.70689344406
57	-53.09598	22.933857	-13.509914	-68.649	815.0	170999	-7.0630097	3.2527046	-1.0030092	-20.340502	7.0480275	0.005807549	86265.34622359276
58	-32.86998	22.060184	-9.995187	-63.898	542.5	173999	-7.027424	3.2136176	-0.9444916	-20.417624	7.012669	0.006658862	88160.08899855614
59	-41.232693	23.483967	-15.0832405	-67.288	667.0	176999	-6.99776	3.202533	-0.9802917	-20.271547	6.982855	0.0061615026	90567.68960356712
60	-40.83758	21.523916	-16.973381	-69.661	650.2	179999	-6.958966	3.1728606	-0.9155171	-20.197357	6.9442196	0.0071893986	92153.12578034401
61	-33.56727	17.665754	-15.569213	-62.357	602.4	182999	-6.9296117	3.159538	-0.8652239	-20.032375	6.9147935	0.0069655925	93636.93834209442
62	-38.005634	26.33472	-10.500064	-65.615	606.5	185999	-6.912369	3.1465235	-0.86072147	-19.987827	6.898333	0.0060963193	96323.93003869057
63	-40.736423	17.62354	-22.152384	-61.834	690.75	188999	-6.877236	3.132119	-0.96161747	-19.988811	6.8630276	0.0075543253	98655.19701576233
64	-48.427105	21.20879	-20.74979	-70.882	753.8	191999	-6.849841	3.1193569	-0.8573862	-20.063091	6.8362017	0.007565082	101616.99415779114
65	-44.02246	24.305796	-12.609382	-71.815	738.3333	194999	-6.8216596	3.0938847	-0.94371337	-20.068932	6.80786	0.0073580747	103721.86615467072
66	-26.66773	16.39366	-10.132963	-50.343	485.14285	197999	-6.7787113	3.085586	-0.9080158	-20.19256	6.7648535	0.007279072	105979.28905963898
67	-27.098066	17.052452	-11.91072	-62.605	443.16666	200999	-6.7416425	3.083307	-0.8234432	-20.132437	6.728129	0.007377518	108428.31530618668
68	-47.296562	23.195463	-7.980258	-66.805	791.75	203999	-6.7013803	3.059305	-0.9502332	-20.157522	6.6878076	0.0070189796	111236.75202274323
69	-36.51391	19.773712	-19.237083	-68.452	586.6667	206999	-6.6765037	3.0336473	-0.9613447	-20.177221	6.6633573	0.007099666	113617.72146773338
70	-40.530243	21.917831	-6.1172056	-64.412	745.25	209999	-6.6506042	3.0448117	-1.0092121	-20.329575	6.637467	0.007380291	116740.15239620209
71	-24.603773	16.142763	-10.261379	-51.676	438.0	212999	-6.6237626	3.033885	-1.0071781	-20.283699	6.610433	0.008055217	119251.84939217567
72	-41.51479	23.590878	-14.233649	-65.646	661.75	215999	-6.59751	3.0243766	-0.98437935	-20.287226	6.583804	0.006909411	121423.7617969513
73	-34.51759	24.030449	-9.17109	-68.616	550.4	218999	-6.5701075	2.991061	-0.94878626	-20.24509	6.557319	0.007695289	124064.95942640305
74	-41.943626	24.586445	-8.649146	-64.818	683.4	221999	-6.5462036	2.9784908	-0.8093089	-20.277351	6.533351	0.0069774375	126257.72732782364
75	-28.16563	18.999622	-16.352518	-74.122	422.2857	224999	-6.490665	2.985166	-0.79673576	-20.56257	6.4742465	0.008261483	127011.85917305946
76	-16.037235	6.708959	-7.2811837	-31.04276	248.0	227999	-6.381079	3.0409436	-0.71586925	-20.429867	6.355636	0.008123551	127913.49896287918
77	-15.927053	14.821072	-5.741754	-61.223	269.54544	230999	-6.1560993	3.0909836	-0.5834425	-20.254354	6.1269903	0.007692194	129871.90208768845
78	-22.142935	16.159344	-8.759555	-65.301	349.0	233999	-5.9106193	3.1589022	-0.4184607	-20.163994	5.876214	0.00935495	131810.29817008972
79	-11.663027	4.956548	-5.1393337	-21.924404	188.66667	236999	-5.6873493	3.230707	-0.5259507	-19.922804	5.6579823	0.008258487	132700.44452095032
80	-16.843288	5.710819	-5.9650145	-26.563522	251.08333	239999	-5.53967	3.2527256	-0.6244706	-19.448696	5.511182	0.0067699044	133632.04342603683
81	-15.15213	7.1902256	-5.2296352	-28.901613	249.91667	242999	-5.4111214	3.2607896	-0.4071343	-19.48259	5.3822756	0.0073722256	134885.56647229195
82	-14.448981	6.239788	-3.9624472	-26.12132	230.23077	245999	-5.268294	3.2948723	-0.18078895	-19.697346	5.23856	0.007320263	135904.5462846756
83	-17.053923	4.204748	-10.003717	-26.343332	267.9091	248999	-5.1748447	3.298492	-0.18542662	-19.696566	5.1492033	0.006886341	136941.38879561424
84	-16.361956	7.3289337	-6.5564656	-34.403374	256.66666	251999	-5.098098	3.2949772	-0.14793603	-19.697344	5.071258	0.0063588633	138285.21892356873
85	-14.343133	4.553597	-8.590044	-23.410074	240.76923	254999	-5.0350084	3.2817369	-0.22214046	-19.741755	5.0087786	0.006293235	139373.009652853
86	-15.397204	5.241591	-5.1061497	-21.243471	248.90909	257999	-4.9536543	3.295843	-0.15839833	-19.730751	4.9243426	0.006843097	140551.7190322876
87	-18.197104	5.7066083	-6.8935533	-29.342682	270.5	260999	-4.8850083	3.2850819	-0.06648287	-19.608093	4.8593903	0.0054061688	141578.7757666111
88	-15.203851	7.345592	-7.273972	-34.537804	234.08333	263999	-4.8231854	3.2669017	-0.06475431	-19.61084	4.795438	0.006139727	142849.27595591545
89	-18.559542	5.7881255	-6.9757066	-30.538471	278.72726	266999	-4.763697	3.2608027	-0.036299556	-19.58287	4.7375116	0.0059429947	143952.96464180946
90	-15.507007	5.2009654	-7.3849745	-26.266575	231.16667	269999	-4.72289	3.2507684	-0.017401755	-19.666807	4.697338	0.0062403088	145123.62529993057
91	-17.64164	8.755452	-4.2934365	-30.285257	271.16666	272999	-4.696681	3.2466824	-0.0212242	-19.596243	4.6707187	0.0066202604	146242.25010228157
92	-13.71048	6.005319	-5.990751	-28.134302	215.57143	275999	-4.647354	3.2477696	-0.019021839	-19.63386	4.6206574	0.005818811	147190.5491142273
93	-19.902447	12.182918	-6.64578	-48.131	367.25	278999	-4.618624	3.2405925	0.0077444315	-19.583906	4.593293	0.005663203	149382.9680736065
94	-13.744899	5.8746653	-6.8846354	-28.266327	218.14285	281999	-4.5911455	3.2255836	-0.0018449724	-19.626661	4.5660224	0.006316907	150566.1562578678
95	-13.0610485	4.930514	-7.6679864	-26.061821	216.42857	284999	-4.5535254	3.1991954	0.004485011	-19.63111	4.528764	0.0059315856	151734.4466905594
96	-14.431147	5.961656	-7.106948	-24.17461	221.53847	287999	-4.535152	3.2075932	0.010553449	-19.692259	4.5106406	0.005678834	152741.40854763985
97	-18.722414	10.254058	-7.7846603	-43.429	334.8889	290999	-4.516363	3.1884334	-0.011396915	-19.663765	4.4915767	0.005985731	154662.77884817123
98	-20.842247	14.734686	-10.432442	-60.861	332.0	293999	-4.4847445	3.1688142	-0.041024655	-19.62159	4.460288	0.005308503	156417.01670622826
99	-14.732263	5.5280976	-6.131832	-23.610159	236.46153	296999	-4.461661	3.1359515	-0.15706062	-19.970652	4.436701	0.0066578616	157438.9359099865
100	-12.738663	5.29431	-6.1241612	-26.701082	208.71428	299999	-4.447369	3.1178837	-0.20097947	-20.202799	4.423892	0.0053300625	158475.8293917179
101	-16.470428	8.08689	-5.7977314	-29.277039	244.58333	302999	-4.4273663	3.1031785	-0.23892865	-20.539864	4.403861	0.0062401043	159468.80114722252
102	-15.809094	6.2116055	-8.395268	-25.926702	260.41666	305999	-4.4247937	3.0885065	-0.26002607	-20.809067	4.4011984	0.006490271	160710.76344299316
103	-14.936065	6.385961	-5.22595	-25.148113	237.38461	308999	-4.4161487	3.0816638	-0.36247343	-21.14887	4.3935285	0.0059561725	161803.43689894676
104	-15.267731	7.3642726	-7.6623583	-34.314194	261.0909	311999	-4.4136295	3.070102	-0.38302267	-21.338305	4.3908467	0.006421081	163156.72799396515
105	-16.05776	4.1203346	-5.400434	-20.587765	252.16667	314999	-4.396483	3.0792537	-0.37024143	-21.471035	4.3735423	0.0065558334	164113.591101408
106	-13.54447	5.705723	-5.2952275	-25.760862	210.21428	317999	-4.388445	3.0559046	-0.36049196	-21.272772	4.366868	0.0066637658	165051.0005862713
107	-15.385429	6.2927275	-7.845781	-28.678959	252.16667	320999	-4.3858666	3.026494	-0.37742874	-21.268635	4.365373	0.0071408134	166389.87078881264
108	-21.444271	10.616776	-8.854154	-44.718353	354.75	323999	-4.392614	3.0187235	-0.30447528	-21.212414	4.3712997	0.007685317	168396.0829257965
109	-18.599491	11.504031	-5.3889313	-47.145	318.9	326999	-4.380269	3.0153294	-0.23214304	-20.96112	4.359221	0.0073934887	170095.71455287933
110	-14.863257	6.096748	-5.458921	-27.810116	261.18182	329999	-4.3726997	3.008053	-0.2977717	-20.866932	4.3517203	0.0073588532	171540.89632630348
111	-20.099741	12.919626	-4.5719438	-48.756	348.42856	332999	-4.3749266	3.0100105	-0.18877268	-20.660423	4.3542666	0.0071134153	173993.22315597534
112	-14.6425495	9.406467	-5.993984	-43.873	264.85715	335999	-4.381147	2.9957235	-0.18190959	-20.629965	4.3615317	0.0072565437	175298.0434923172
113	-15.390792	6.2019477	-6.8301215	-25.177292	253.91667	338999	-4.377343	2.99029	-0.27648547	-20.468615	4.356871	0.0071270554	176507.78824186325
114	-14.918339	8.00605	-4.8169703	-28.159607	246.33333	341999	-4.366578	2.999396	-0.2296597	-20.392004	4.345746	0.008022546	178069.51500678062
115	-12.661097	5.088956	-5.75323	-22.947876	207.6	344999	-4.359369	3.0065603	-0.21466362	-20.372993	4.339891	0.0069074393	179116.30579209328
116	-14.173235	3.7770278	-8.084724	-18.564571	223.92308	347999	-4.3732	2.998917	-0.17583913	-20.387402	4.35324	0.007334998	180023.56173086166
117	-18.338406	13.27978	-9.433719	-57.217	307.6	350999	-4.350703	2.996635	-0.19452733	-20.405176	4.330466	0.0076322686	181695.89991164207
118	-16.288181	8.0557165	-5.2358603	-31.33145	262.54544	353999	-4.345694	2.9963353	-0.21483666	-20.37394	4.3255363	0.0073995204	182956.5153093338
