Epoch	AverageEpRet	StdEpRet	MaxEpRet	MinEpRet	EpLen	TotalEnvInteracts	AverageQVals	StdQVals	MaxQVals	MinQVals	LossPi	LossQ	Time
1	-104.159004	10.85728	-93.669	-121.179	1000.0	3999	0.824721	0.675941	2.346508	-0.26449278	-0.82500017	0.00019252788	88.29006886482239
2	-90.899	5.7523937	-84.608	-98.335	1000.0	7999	-1.034128	0.536019	0.22879823	-2.1389592	1.034749	7.498044e-05	196.23245668411255
3	-137.22876	32.351685	-103.261	-175.511	1000.0	11999	-2.6831238	0.5088883	-1.5639421	-4.6646037	2.6837728	9.568061e-05	290.0899164676666
4	-101.007744	57.839672	-23.167	-184.435	846.5	15999	-4.097873	0.8194783	-1.8732269	-7.8490763	4.0983634	0.00051189604	616.6997308731079
5	-105.94181	60.57183	-11.652	-200.726	840.8	19999	-5.2578588	1.2827854	-1.8399866	-10.941048	5.2588673	0.00091029645	817.1073160171509
6	-127.354256	28.429396	-93.678	-162.262	1000.0	23999	-6.449756	1.6661444	-1.7342905	-13.559736	6.4504833	0.0008638747	901.4956452846527
7	-98.144745	55.18474	-23.22	-178.262	859.0	27999	-7.3432393	2.2117128	-1.6512898	-15.840451	7.3437724	0.0013641035	1303.9357006549835
8	-74.353165	48.689697	-11.857	-146.379	763.1667	31999	-8.007749	2.7364247	-1.5447757	-17.709513	8.008249	0.001891669	2956.7433891296387
9	-116.69275	45.170547	-88.281	-194.864	1000.0	35999	-8.389238	3.0576923	-1.5130775	-18.940163	8.390287	0.002152402	3870.816964149475
10	-82.0302	34.97594	-16.042	-117.926	848.0	39999	-8.900905	3.390353	-1.5719519	-20.25437	8.9019985	0.0020513101	6361.921127319336
11	-125.666756	37.018013	-78.035	-164.966	1000.0	43999	-9.354678	3.5875928	-1.6955206	-21.130932	9.35591	0.0018471957	6444.1097407341
12	-149.481	38.449394	-86.15	-188.365	1000.0	47999	-9.941398	3.87202	-1.8497415	-21.95825	9.942746	0.0029976803	6527.85107421875
13	-93.1545	46.6401	-20.276	-150.203	825.75	51999	-10.530043	4.1278567	-1.9978753	-22.605398	10.531249	0.0027216964	7895.641116142273
14	-76.4175	51.405724	-5.567	-152.703	756.8333	55999	-10.749754	4.2313113	-1.7320877	-23.144442	10.7506695	0.002852735	10398.498690843582
15	-130.8895	26.608885	-100.942	-169.231	1000.0	59999	-10.933722	4.3293138	-1.6880534	-23.577524	10.934647	0.0042293435	10549.76133275032
16	-114.34975	38.428936	-86.52	-180.526	1000.0	63999	-11.117874	4.3907595	-1.6751497	-23.93696	11.118865	0.0038017344	12676.111000299454
17	-159.20425	27.425877	-115.073	-185.147	1000.0	67999	-11.45711	4.508812	-1.6346569	-24.638638	11.458086	0.0038542335	12757.040704488754
18	-115.12175	38.53664	-86.697	-181.534	1000.0	71999	-11.759775	4.641524	-1.7804037	-24.727825	11.760597	0.0039740354	12994.910681009293
19	-141.42474	37.6302	-87.894	-181.925	1000.0	75999	-11.882409	4.68117	-1.7674313	-24.908434	11.883301	0.004200562	14031.494747877121
20	-125.028	39.670174	-86.598	-191.503	1000.0	79999	-12.047732	4.731938	-1.6638297	-25.210384	12.048727	0.003477982	15052.210217237473
21	-109.3935	49.18738	-33.28	-159.656	879.25	83999	-12.2176075	4.768705	-1.6997122	-25.276539	12.218434	0.003919459	15642.17910861969
22	-154.474	26.385082	-108.912	-171.414	1000.0	87999	-12.396636	4.818731	-1.7574762	-25.374754	12.397368	0.005751666	15721.975599050522
23	-137.941	23.525415	-110.736	-168.762	1000.0	91999	-12.559578	4.849947	-1.7044798	-25.407503	12.56026	0.0047355224	15804.32419204712
24	-94.79125	9.574989	-85.597	-110.608	1000.0	95999	-12.56182	4.815236	-1.496083	-25.565231	12.56254	0.0038993536	16881.159852981567
25	-145.6615	30.949715	-93.488	-174.15	1000.0	99999	-12.620116	4.847014	-1.7281065	-25.62732	12.620975	0.004139122	18070.61082983017
26	-141.70175	37.615963	-97.685	-194.308	1000.0	103999	-12.793858	4.898709	-1.6909119	-25.83908	12.794637	0.0036313091	18155.01414322853
27	-91.36	46.83344	-8.045	-152.793	825.2	107999	-12.753126	4.869496	-1.6985779	-25.690907	12.753694	0.0038686024	19354.05226945877
28	-136.1035	37.2148	-92.396	-181.174	1000.0	111999	-12.819165	4.8623967	-1.6406883	-25.978266	12.819791	0.0040024593	19438.515334129333
29	-112.3738	71.14564	-30.277	-192.128	817.2	115999	-12.937109	4.9188647	-1.7928536	-25.896603	12.937577	0.0030898056	20445.3229906559
30	-109.27321	60.82049	-15.549	-178.534	848.2	119999	-12.959667	4.9829626	-1.7329022	-25.8737	12.960075	0.0048663598	22536.80763554573
31	-129.7285	38.168526	-96.196	-191.836	1000.0	123999	-12.920059	4.98041	-1.6232947	-25.786077	12.920535	0.0046495916	22765.697284936905
32	-111.74899	42.195595	-64.588	-180.094	1000.0	127999	-12.890244	4.998071	-1.6538639	-26.024124	12.890754	0.0051757945	23766.370323181152
33	-174.48726	9.651778	-165.973	-190.888	1000.0	131999	-13.016546	5.0493236	-1.6663362	-25.979456	13.016899	0.0036414142	23846.926443576813
34	-102.36625	52.15912	-39.081	-184.195	911.75	135999	-13.037228	5.0670376	-1.6241028	-25.992752	13.037672	0.0045234845	24472.92735362053
35	-131.882	41.33924	-83.641	-176.432	1000.0	139999	-13.103026	5.1083016	-1.7053149	-26.072342	13.103702	0.0048983744	25631.083688020706
36	-151.75075	27.115726	-104.894	-169.55	1000.0	143999	-13.165991	5.122717	-1.7082928	-25.944082	13.166461	0.004404582	25713.01022362709
37	-136.58499	40.256523	-80.34	-185.9	1000.0	147999	-13.218845	5.125644	-1.659756	-26.175852	13.219162	0.0044501205	26790.150542497635
38	-114.90825	22.10302	-89.721	-148.163	1000.0	151999	-13.174522	5.1228666	-1.8059996	-26.045061	13.175021	0.0033887012	28015.765290021896
39	-111.5366	53.008972	-21.556	-171.248	873.2	155999	-13.15165	5.0986805	-1.812731	-26.134594	13.152148	0.0066158953	28419.64803171158
40	-150.76526	37.94024	-91.217	-185.907	1000.0	159999	-13.213625	5.1037807	-1.7584671	-26.143274	13.214174	0.0040581254	28655.59349656105
41	-97.477005	7.6315947	-88.984	-108.551	1000.0	163999	-13.214629	5.0936356	-1.8778664	-26.195179	13.215152	0.0047267717	30667.633458852768
42	-144.32175	25.619572	-102.985	-172.054	1000.0	167999	-13.189086	5.0681977	-1.8829461	-25.990652	13.189536	0.0043662935	30748.760415315628
43	-133.81726	34.426147	-90.17	-178.147	1000.0	171999	-13.223682	5.0756245	-1.8725654	-26.127096	13.2239485	0.0038423846	31980.950108766556
44	-163.95525	34.96405	-105.483	-198.098	1000.0	175999	-13.3200865	5.0919433	-1.914341	-25.986115	13.3203745	0.0035750552	32064.661367177963
45	-140.50626	33.639	-103.154	-175.179	1000.0	179999	-13.386145	5.1171155	-1.8176298	-26.106705	13.386318	0.004951403	32146.331924915314
46	-96.1436	64.98755	-18.001	-174.181	761.8	183999	-13.360876	5.1169863	-1.8977841	-26.04574	13.361278	0.004283427	32904.96467614174
47	-138.575	40.248127	-94.602	-180.916	1000.0	187999	-13.452488	5.1371717	-1.8958101	-26.07019	13.452823	0.0031969952	33942.98470020294
48	-126.854004	60.60732	-21.307	-179.523	864.2	191999	-13.439887	5.1367154	-1.9737369	-26.142305	13.440354	0.0036372487	35182.80867123604
49	-153.71625	27.846453	-107.73	-182.621	1000.0	195999	-13.510985	5.1494236	-1.926173	-26.260834	13.511328	0.004235115	35268.78652596474
50	-132.41925	32.656223	-85.347	-169.633	1000.0	199999	-13.550927	5.169655	-1.9490526	-26.049551	13.551169	0.00416465	36419.89765048027
51	-131.931	56.242737	-36.246	-180.897	927.25	203999	-13.559579	5.1733813	-1.7739564	-26.063648	13.559949	0.003459395	37214.45088648796
52	-144.96625	16.843876	-119.356	-166.645	1000.0	207999	-13.584654	5.1570005	-2.0263128	-25.985601	13.585071	0.0027964	37295.46484851837
53	-117.011246	33.73439	-87.884	-173.69	1000.0	211999	-13.591718	5.153009	-2.0454464	-26.02638	13.5921545	0.0050627654	37379.88503193855
54	-154.34924	32.277317	-101.585	-188.583	1000.0	215999	-13.616295	5.1526365	-1.9928383	-25.9873	13.616559	0.0043827915	37461.38907265663
55	-104.014496	21.847593	-74.104	-135.37	1000.0	219999	-13.607435	5.156359	-2.0618274	-25.988035	13.607682	0.004075653	38379.148478746414
56	-94.661255	46.845818	-29.432	-161.077	881.25	223999	-13.579694	5.1436343	-2.185861	-25.952536	13.580164	0.00335692	40049.20095825195
57	-143.34676	28.49544	-95.804	-169.373	1000.0	227999	-13.566479	5.143057	-2.118418	-26.23942	13.566807	0.004832578	40133.29402279854
58	-117.5634	60.89953	-12.877	-194.03	841.4	231999	-13.588871	5.140835	-2.182698	-25.977041	13.589107	0.0044548805	40297.24626612663
59	-91.488	45.33556	-21.893	-162.607	869.0	235999	-13.564935	5.157737	-2.1141706	-25.981186	13.565103	0.0059099407	41500.921555519104
60	-125.7365	36.260624	-87.243	-169.806	1000.0	239999	-13.532016	5.1596885	-2.0536456	-26.14795	13.532314	0.004942934	41583.06385111809
61	-144.84825	24.458382	-116.147	-170.626	1000.0	243999	-13.529761	5.1526017	-2.155125	-26.214952	13.529825	0.0055041076	41668.57340884209
62	-127.32424	23.978634	-89.895	-153.464	1000.0	247999	-13.570735	5.139015	-2.1351583	-26.20226	13.570939	0.0037515045	41751.66046977043
63	-136.203	30.956944	-100.62	-180.601	1000.0	251999	-13.569242	5.1295996	-2.1759243	-26.185394	13.56953	0.0035328954	41965.174797058105
64	-147.104	40.707233	-80.225	-185.325	1000.0	255999	-13.5999365	5.1397696	-2.106029	-26.094517	13.60033	0.0043277997	42864.06373953819
65	-121.34375	26.423906	-98.905	-166.43	1000.0	259999	-13.6112175	5.1396003	-2.0214624	-25.965063	13.611471	0.0037748173	42946.26151871681
66	-151.16174	33.016323	-96.189	-179.729	1000.0	263999	-13.61963	5.1345253	-1.891373	-26.02783	13.619842	0.004031772	43032.53488826752
67	-128.371	40.788906	-83.973	-187.163	1000.0	267999	-13.639543	5.129379	-1.8425764	-26.067831	13.639755	0.0041438285	43975.060670375824
68	-146.59326	29.192308	-100.223	-176.542	1000.0	271999	-13.655228	5.141249	-1.8465288	-26.02962	13.655585	0.003670283	44057.04149508476
69	-133.48274	37.393204	-88.228	-179.533	1000.0	275999	-13.677726	5.130248	-1.7953033	-26.135178	13.678076	0.0034295288	44139.78679609299
70	-112.47775	23.094625	-91.364	-151.495	1000.0	279999	-13.660041	5.118823	-1.7222106	-26.058668	13.660232	0.0035302653	45333.19904470444
71	-142.7155	34.370274	-86.076	-175.227	1000.0	283999	-13.65908	5.1147013	-1.9120313	-25.933846	13.659317	0.0031130076	45415.75188231468
72	-117.1828	53.65722	-22.621	-162.608	875.0	287999	-13.681497	5.1210275	-1.8420209	-26.030994	13.68175	0.003708422	45613.86111998558
73	-100.12875	15.890163	-78.675	-119.636	1000.0	291999	-13.684782	5.11494	-1.8890659	-26.043623	13.685	0.00274268	46816.449687957764
74	-112.10776	53.775345	-36.11	-168.713	893.25	295999	-13.640011	5.123842	-1.8878045	-25.977129	13.64033	0.004513251	48576.25155854225
75	-165.551	11.647728	-151.198	-183.595	1000.0	299999	-13.659477	5.1265297	-2.0453343	-26.060326	13.659712	0.003998443	48657.300016880035
76	-155.5475	32.909176	-108.076	-187.588	1000.0	303999	-13.720644	5.1354785	-1.9836549	-25.977259	13.721024	0.004447991	48740.05001425743
77	-108.3765	31.553543	-76.434	-158.53	1000.0	307999	-13.697667	5.131127	-2.1690917	-26.041252	13.697906	0.004106783	49789.66270160675
78	-121.655754	37.177776	-83.556	-182.971	1000.0	311999	-13.689117	5.124926	-2.0904536	-25.943583	13.689424	0.0027634231	49874.03046107292
79	-131.31325	36.464764	-92.555	-168.066	1000.0	315999	-13.694324	5.1335883	-2.1118157	-25.953835	13.694545	0.0033252824	51115.010550260544
80	-143.91125	24.477518	-102.574	-166.169	1000.0	319999	-13.703523	5.1176987	-2.14472	-25.964684	13.703719	0.0034756365	51196.512179136276
81	-59.094856	51.62601	-11.35	-154.529	581.2857	323999	-13.58792	5.075268	-2.0536551	-25.905027	13.57399	0.004850261	52318.65413594246
