Epoch	AverageEpRet	StdEpRet	MaxEpRet	MinEpRet	EpLen	AverageVVals	StdVVals	MaxVVals	MinVVals	TotalEnvInteracts	LossPi	LossV	DeltaLossPi	DeltaLossV	Entropy	KL	ClipFrac	StopIter	Time
0	-127.47626	15.421084	-102.608	-142.432	1000.0	0.38197938	0.010264536	0.3897279	0.3614021	4000	1.1920929e-07	153.0076	-0.0052939095	-104.63937	0.918938	0.0030488018	0.052	39.0	867.6278820037842
1	-106.97375	9.739725	-97.114	-122.915	1000.0	-5.4516234	0.019927047	-5.4217987	-5.4790874	8000	4.4703484e-08	26.88292	-0.004895189	-17.34477	0.9182338	0.00870971	0.06525	39.0	890.3957965373993
2	-131.50525	25.425293	-91.592	-160.226	1000.0	-7.6450796	0.18180607	-7.3408875	-7.792741	12000	-5.9604645e-08	36.627327	-0.0041736457	-19.86317	0.915642	0.0054231635	0.03975	39.0	1271.3229320049286
3	-128.0055	21.1831	-91.61	-143.956	1000.0	-10.049326	0.0056303507	-10.041114	-10.054625	16000	1.4901161e-08	13.745605	-0.0044129267	-5.9031825	0.90794957	0.004232455	0.032750003	39.0	1623.2626616954803
4	-97.847496	45.575848	-33.123993	-150.997	843.5	-11.514604	0.006537845	-11.504767	-11.524481	20000	0.0	11.34795	-0.005249463	-0.0688175	0.9015804	0.0042595165	0.051749997	39.0	1783.863656282425
5	-107.516174	65.37844	-24.485716	-174.1	819.0	-11.445524	0.027669875	-11.345643	-11.460354	24000	-1.4901161e-08	27.45774	-0.0056215525	-1.0506518	0.88810736	0.006535126	0.077750005	39.0	1834.1684811115265
6	-109.847496	26.833908	-91.198	-156.055	1000.0	-11.948518	0.013729124	-11.927074	-11.9637985	28000	-7.4505806e-08	9.123055	-0.0048879907	-0.38386053	0.8773392	0.007483372	0.04625	39.0	2299.76118350029
7	-102.89078	55.53509	-15.021087	-166.353	809.25	-11.587964	0.15774943	-11.348167	-11.696379	32000	2.9802322e-08	11.554834	-0.0076786634	-3.2822824	0.88415486	0.008362412	0.0755	39.0	3116.7900586128235
8	-114.42675	23.99798	-87.657	-152.307	1000.0	-10.560973	0.77839947	-9.505192	-11.60656	36000	0.0	5.362036	-0.0073726997	-2.0841188	0.8863557	0.006572914	0.098	39.0	3143.4990894794464
9	-90.37904	45.81064	-15.883164	-138.592	819.25	-11.310243	1.3818073	-9.821911	-12.906376	40000	2.9802322e-08	8.791948	-0.003950559	-3.2759604	0.8839384	0.010927776	0.09225	39.0	3294.5870323181152
10	-72.08739	56.397213	-14.977807	-135.144	635.75	-11.260672	1.1699984	-8.39909	-12.310457	44000	1.4901161e-08	6.7439814	-0.0060687717	-4.31868	0.8818148	0.0023485955	0.04	39.0	3494.054944038391
11	-86.88969	52.017624	-21.395954	-133.988	730.6	-11.456215	2.6599157	-3.5619278	-12.914318	48000	-1.4901161e-08	3.350336	-0.0059194155	-0.8386254	0.88412815	0.008338606	0.07924999	39.0	3796.7632184028625
12	-85.03327	58.333652	-12.854962	-164.902	711.4	-11.11565	2.8382113	-4.4299893	-13.1999855	52000	0.0	6.3591385	-0.0047464035	-2.0993395	0.8816462	0.007958512	0.0435	39.0	4127.360590219498
13	-92.648834	42.18452	-26.855345	-144.008	858.25	-11.250962	2.6795387	-5.3494678	-13.744917	56000	1.4901161e-08	9.661634	-0.0039614197	-6.961581	0.86937535	0.0070751603	0.04325	39.0	4600.417151689529
14	-97.24675	14.528025	-78.352	-116.354	1000.0	-9.5387945	2.1384585	-5.991005	-11.769666	60000	-5.9604645e-08	9.064564	-0.0021713898	-7.797548	0.8701869	0.0029071765	0.027	39.0	4968.753022909164
15	-127.323	27.401693	-97.221	-171.894	1000.0	-10.843854	1.6852906	-8.372516	-12.88843	64000	5.9604645e-08	8.737592	-0.005015008	-3.9549987	0.8772026	0.0026581592	0.0625	39.0	4999.13548874855
16	-47.126842	26.659641	-12.547426	-85.788	626.8333	-11.548489	0.50417197	-9.491679	-11.877524	68000	8.195639e-08	24.989708	-0.006593596	-20.482437	0.88011587	0.0028908667	0.04175	39.0	5836.837885379791
17	-108.3165	38.820503	-51.713	-160.591	1000.0	-7.7505913	0.4502332	-7.107337	-8.4260645	72000	-1.1175871e-08	23.864267	-0.003137719	-18.130266	0.8743183	0.0056518344	0.0485	39.0	6370.614124774933
18	-100.62857	52.486973	-29.714281	-165.25	858.5	-9.875274	1.9626781	-8.357301	-14.552974	76000	1.4901161e-08	22.896584	-0.006203674	-17.990625	0.87095433	0.0031763152	0.044	39.0	6704.861511468887
19	-70.9238	50.341484	-20.286058	-136.301	640.75	-10.257853	2.739646	-6.5149817	-14.021934	80000	-1.4901161e-08	7.6422253	-0.005057593	-5.823467	0.8632004	0.0045431065	0.039499998	39.0	7264.500733137131
20	-102.6679	53.409367	-17.447601	-152.921	817.0	-10.437362	2.4855597	-4.748217	-13.700943	84000	7.450581e-09	6.1014624	-0.005011321	-4.3929396	0.8608339	0.0077858274	0.05625	39.0	7439.006475448608
21	-64.72429	38.86785	-16.89406	-122.863	762.5	-9.56777	2.5910566	-5.0090313	-13.905987	88000	1.4901161e-08	5.191983	-0.005343441	-3.1727672	0.85798967	0.0064305314	0.074	39.0	7838.577723026276
22	-55.074036	38.053112	-20.952803	-115.168	558.0	-12.0100155	3.830892	-4.8929543	-15.216494	92000	-4.4703484e-08	7.2337427	-0.0043474548	-4.4988937	0.8561873	0.003710486	0.04525	39.0	8024.69043636322
23	-97.87603	52.71024	-19.282112	-150.85	806.25	-12.116668	2.6778016	-5.605492	-14.372481	96000	2.2351742e-08	4.5374403	-0.0041450094	-1.5517999	0.8510811	0.005121636	0.04525	39.0	8403.22146821022
24	-80.36069	61.17173	-18.58127	-165.764	662.25	-11.504808	3.9276853	-4.285267	-15.127012	100000	3.9115548e-08	3.2072291	-0.007577666	-0.93839574	0.8426133	0.009114282	0.095	39.0	8672.70559167862
25	-83.32157	51.516357	-20.057474	-141.519	711.2	-11.433271	3.9408417	-4.1140056	-16.09049	104000	5.9604645e-08	5.4274163	-0.007320546	-3.4755626	0.84040105	0.008650854	0.087	39.0	8860.666734933853
26	-87.32392	37.800922	-27.541674	-119.942	884.0	-12.49773	2.8414176	-6.6751614	-15.173856	108000	7.450581e-09	6.9195347	-0.0047276616	-4.6979675	0.8387271	0.0053433417	0.04575	39.0	9042.466547727585
27	-69.62876	51.281532	-13.894687	-128.874	652.1667	-10.435104	3.4058163	-3.8730438	-12.69281	112000	2.6077032e-08	1.9131846	-0.007264551	-0.348585	0.83967584	0.005191127	0.0565	39.0	9570.570810317993
28	-74.29252	65.57055	-14.412316	-177.786	631.75	-7.768662	3.2323291	-3.1959035	-12.489504	116000	7.0780516e-08	13.257523	-0.0044547133	-10.258656	0.82588214	0.005472432	0.046499997	39.0	9703.774383068085
29	-50.64848	42.25538	-16.648357	-115.395	550.3333	-7.0938535	4.2099204	-3.0540223	-16.158855	120000	-5.9604645e-08	15.002186	-0.006341763	-10.1903925	0.82634246	0.0069228574	0.057000004	39.0	10595.157098770142
30	-132.23724	16.083204	-109.418	-153.255	1000.0	-12.461536	0.50846857	-11.688527	-13.16626	124000	-1.4901161e-08	6.5830956	-0.0053036395	-3.4504657	0.8258692	0.0016393692	0.063999996	39.0	10618.902695655823
31	-78.73616	50.192764	-24.026184	-139.878	752.0	-11.585801	3.8977375	-4.57878	-15.768898	128000	-1.1175871e-08	4.689742	-0.0053772973	-2.0100849	0.8242061	0.006671614	0.0375	39.0	11290.608778715134
32	-92.68515	73.104965	-19.4018	-170.657	632.5	-13.044333	2.8670833	-5.3964067	-15.54823	132000	-3.7252903e-08	5.599512	-0.007317298	-2.5294132	0.82597435	0.010320073	0.074750006	39.0	11424.557395219803
33	-37.397495	30.383484	-5.00908	-76.175	507.4	-9.018188	4.411242	-4.2775283	-16.541546	136000	-1.4901161e-08	4.8011484	-0.0057466477	-2.4505508	0.8175062	0.0060034264	0.059	39.0	11809.000824213028
34	-104.648605	51.87367	-18.006405	-154.592	815.75	-6.949459	3.7427065	-4.0096397	-13.334771	140000	2.9802322e-08	34.380066	-0.0062080845	-30.03756	0.81667084	0.00672711	0.064500004	39.0	12757.324477910995
35	-91.04999	40.57466	-24.22798	-129.23	817.0	-12.51206	1.4768131	-10.712882	-14.903541	144000	-1.6763806e-08	7.513022	-0.004586205	-3.1693294	0.8076738	0.0068306485	0.0535	39.0	13663.88713669777
36	-60.824574	40.397247	-6.957102	-110.403	639.3333	-9.775977	0.6709457	-7.7440834	-10.635339	148000	3.7252903e-08	4.8482428	-0.004937639	-2.4237733	0.7981251	0.0049022697	0.047	39.0	14131.067838191986
37	-49.801712	26.786491	-22.056635	-79.971	664.25	-8.780888	2.4948168	-2.2068062	-12.074873	152000	-1.4901161e-08	2.834144	-0.0061436817	-1.3534	0.80040765	0.0068105394	0.08525	39.0	14865.995471715927
38	-72.680405	47.798267	-16.63412	-132.737	688.2	-11.186117	2.76359	-6.2200956	-14.915619	156000	-1.1175871e-08	1.9874804	-0.0048290156	-0.799496	0.79544395	0.0033951486	0.06625	39.0	14972.705688238144
39	-99.820755	13.10573	-86.549	-120.537	1000.0	-7.7711596	2.8955512	-3.5506973	-11.350385	160000	0.0	13.496686	-0.005193025	-11.512821	0.79471344	0.007180591	0.051749997	39.0	15842.754470348358
40	-97.989746	25.581453	-71.065	-127.852	1000.0	-9.626825	1.7680755	-7.280687	-11.758427	164000	-8.940697e-08	1.7403072	-0.004243508	-1.1586998	0.8031712	0.004947762	0.0565	39.0	16398.610567092896
41	-66.022	34.34978	-41.7325	-125.246	814.75	-8.501364	2.4723454	-6.8170943	-13.043255	168000	0.0	3.691465	-0.0051060226	-1.3317083	0.8004324	0.0061215423	0.04875	39.0	16942.307015657425
42	-74.0611	57.642693	-9.624921	-162.042	696.2	-9.275727	3.8865473	-5.976232	-15.861513	172000	-1.4901161e-08	5.1396155	-0.006987728	-3.4752412	0.8076748	0.005887232	0.04775	39.0	17272.855274438858
43	-59.238586	44.806984	-18.030542	-137.899	604.4	-9.477215	3.835707	-5.1596313	-15.054227	176000	7.450581e-09	4.3438983	-0.0065724775	-2.4434736	0.8111264	0.0068051447	0.043250002	39.0	17618.712373018265
44	-56.189224	32.504864	-26.412477	-109.982	723.0	-7.836092	3.032169	-4.361299	-12.642068	180000	-1.4901161e-08	2.1728137	-0.005183258	-0.38802397	0.8148073	0.009945538	0.06075	39.0	18073.74805855751
45	-78.64896	47.08949	-29.682833	-151.413	881.25	-10.148252	3.3168523	-7.4367266	-15.711839	184000	-5.2154064e-08	5.306549	-0.0057694092	-3.662694	0.806116	0.0040107807	0.04125	39.0	18619.37495136261
46	-37.13067	27.80613	-17.532076	-92.072	546.8	-5.2502365	1.9531246	-3.0669825	-10.799044	188000	-3.3527613e-08	5.644478	-0.006350469	-4.11803	0.7973762	0.006758638	0.0815	39.0	19121.006256580353
47	-92.019745	8.936021	-83.412	-105.184	1000.0	-9.268212	2.3633027	-6.227844	-12.86161	192000	0.0	1.9657073	-0.0049346834	-1.5737373	0.7931991	0.0031700833	0.039	39.0	19535.10522723198
48	-97.37748	46.050655	-23.486912	-150.254	831.75	-11.077157	3.4527621	-5.666189	-15.135566	196000	0.0	5.988283	-0.004345664	-4.6655684	0.78089446	0.0029282828	0.054750003	39.0	19676.16890311241
49	-68.11395	36.59908	-14.520123	-102.434	759.0	-9.339338	2.2572062	-5.365521	-12.370189	200000	-1.4901161e-08	2.6930337	-0.0035685953	-1.5308132	0.77313143	0.0067428206	0.05925	39.0	20122.42019701004
50	-42.50128	43.428288	-9.983057	-117.213	439.5	-8.35537	2.290936	-3.9556355	-10.82147	204000	-5.2154064e-08	6.5847063	-0.0074261585	-5.143712	0.76517975	0.0026770588	0.051	39.0	20259.583713293076
51	-97.27375	25.856161	-64.637	-124.391	1000.0	-11.641183	1.2876556	-10.063075	-13.75393	208000	-4.4703484e-08	6.2751875	-0.004378684	-5.310272	0.7572089	0.00775978	0.05275	39.0	20636.27209997177
52	-55.26259	25.871464	-11.058367	-76.433	803.75	-7.7427125	2.896519	-3.0116377	-12.552474	212000	2.9802322e-08	1.7078595	-0.0063632913	-0.89218897	0.7587167	0.008441833	0.08775	39.0	21367.24383544922
53	-86.62819	34.329422	-40.991753	-135.241	891.25	-9.521935	2.1071727	-5.6619916	-12.682872	216000	1.3038516e-08	2.117423	-0.004182484	-0.83459604	0.7587525	0.0041761524	0.04025	39.0	21929.997034311295
54	-96.248245	16.577068	-73.34	-115.52	1000.0	-9.206212	1.0987444	-6.880574	-10.4741745	220000	2.9802322e-08	1.5161057	-0.0045552645	-0.9846277	0.75149286	0.0030030007	0.0435	39.0	22443.26574730873
55	-106.58325	13.27261	-97.957	-129.54	1000.0	-11.109491	1.1132022	-8.490058	-12.428166	224000	2.9802322e-08	1.1705074	-0.0065221786	-0.7748318	0.7394376	0.008359383	0.070999995	39.0	22468.436931610107
56	-86.39039	28.721184	-40.539555	-118.55	904.75	-8.864582	1.7224352	-5.845368	-11.39438	228000	-7.450581e-09	2.3272092	-0.0040155426	-1.2995313	0.7292692	0.015097143	0.12325	11.0	23271.892208337784
57	-78.70274	25.141	-47.55	-115.681	1000.0	-7.338124	3.38863	-4.012672	-12.990291	232000	-2.9802322e-08	4.5240946	-0.004129328	-3.8461974	0.72788227	0.0052405717	0.0425	39.0	23821.49181675911
58	-106.908	11.534678	-93.015	-119.381	1000.0	-11.157897	0.99405324	-8.992549	-12.5193205	236000	8.940697e-08	2.9263015	-0.0032294467	-2.0645766	0.72812706	0.008714027	0.059	39.0	24708.442920684814
59	-88.97525	16.309076	-70.828	-114.348	1000.0	-8.783598	1.9278882	-5.7304034	-11.434215	240000	5.9604645e-08	1.6597131	-0.004902065	-1.184532	0.7301286	0.008839007	0.07625	39.0	24733.857671260834
60	-27.401632	16.820496	-8.6255045	-62.119	447.83334	-7.295423	1.9439739	-3.4962087	-9.780668	244000	3.7252903e-08	8.071802	-0.0056419875	-5.7713385	0.728149	0.011124686	0.06775001	39.0	25359.11935210228
61	-96.71725	10.73467	-87.085	-113.108	1000.0	-8.061502	0.98691267	-6.2558208	-9.189805	248000	1.1920929e-07	3.575038	-0.00389494	-3.06765	0.7277307	0.005286276	0.0385	39.0	25909.726771116257
62	-67.504036	54.425266	-12.188403	-134.977	613.25	-9.3658	1.5757835	-5.11901	-11.165395	252000	2.2351742e-08	2.8755004	-0.0040855515	-2.2599967	0.7263435	0.0057881023	0.06075	39.0	25997.31331896782
63	-32.121014	29.51204	-12.590468	-95.433	422.83334	-7.8577237	3.3773139	-3.5497768	-13.445525	256000	1.8626451e-08	1.8344291	-0.0047723115	-0.29947993	0.7274244	0.004446573	0.041	39.0	26358.63980293274
64	-70.82064	34.463776	-24.042572	-113.81	859.25	-9.461016	1.9096584	-4.463957	-11.333845	260000	2.9802322e-08	3.7861505	-0.005345531	-3.0752642	0.72794735	0.005856869	0.058000002	39.0	26492.407836914062
65	-60.00465	28.469957	-19.267124	-93.578	760.8	-4.912739	1.9636045	-3.3329875	-12.477518	264000	5.9604645e-08	9.2543545	-0.0057675596	-7.55453	0.7260535	0.0040568463	0.057499997	39.0	27387.81575536728
66	-77.03904	27.81548	-36.018173	-113.238	899.75	-8.324878	1.9288845	-6.10184	-11.411643	268000	0.0	1.1539837	-0.004480573	-0.26115388	0.72321093	0.008382633	0.055749997	39.0	27917.313956022263
67	-69.97819	23.111921	-31.318752	-92.654	858.0	-7.3409696	1.7726073	-4.485933	-9.883497	272000	-1.4901161e-08	1.5142429	-0.004198756	-0.36657828	0.7233492	0.0044588423	0.056250002	39.0	28285.44740796089
68	-32.057865	14.689389	-9.969539	-46.544456	614.0	-6.795171	2.5008233	-4.281742	-11.064418	276000	-1.9557774e-08	2.9207978	-0.0049217083	-1.0757365	0.7142617	0.0033520237	0.0415	39.0	28839.33944272995
69	-73.421036	34.5148	-14.930131	-100.951	819.25	-8.6508875	1.5307146	-3.4106257	-9.856872	280000	-4.4703484e-08	0.8415216	-0.0041170567	-0.57280207	0.7101022	0.007218681	0.0565	39.0	28998.16633796692
70	-89.659744	18.12316	-66.435	-112.031	1000.0	-9.193617	0.7626472	-8.29611	-10.459771	284000	-4.4703484e-08	2.4555612	-0.004680042	-2.0747926	0.7096208	0.005687938	0.05775	39.0	29023.494120836258
71	-73.72388	12.638871	-63.915	-95.441	979.75	-7.323033	1.7853346	-3.2555296	-9.828431	288000	4.4703484e-08	2.246034	-0.006537254	-1.0363874	0.7117944	0.008541465	0.07075	39.0	29551.021246671677
72	-95.40725	15.745495	-68.145	-105.081	1000.0	-9.269294	1.3442444	-6.8983583	-10.620413	292000	-7.450581e-09	0.30394378	-0.0066451505	-0.16102365	0.7145437	0.004760134	0.082	39.0	29576.127269744873
73	-54.78347	26.310482	-24.33938	-96.015	779.2	-5.6033263	2.7439163	-2.5549033	-10.156822	296000	2.2351742e-08	4.276038	-0.0035431162	-2.3998706	0.71948177	0.0033072915	0.03675	39.0	30043.54829955101
74	-50.926575	18.772148	-28.305481	-75.7	778.75	-6.964883	1.1417837	-5.4004784	-9.324914	300000	1.1175871e-08	1.9447764	-0.005961344	-0.5023846	0.7157924	0.0052683614	0.07975	39.0	30249.574094057083
75	-71.84075	27.13949	-27.054005	-95.606	872.75	-7.988394	1.8463871	-3.4573436	-10.045362	304000	1.4901161e-08	0.7074833	-0.0045166835	-0.2413614	0.7078886	0.004323466	0.03925	39.0	30485.795170545578
76	-60.82135	34.29588	-23.56786	-123.391	787.2	-7.54619	1.779862	-5.122296	-10.455691	308000	1.4901161e-08	3.1322002	-0.004442948	-1.8027494	0.6998886	0.0050043217	0.043250002	39.0	30978.959530591965
77	-82.34295	22.642479	-45.518795	-107.253	939.5	-7.894541	2.4999611	-3.5019534	-11.29301	312000	-7.450581e-09	1.825658	-0.0035657957	-0.5707692	0.69447535	0.0037765843	0.05475	39.0	31334.13104367256
78	-73.37517	24.730484	-32.342678	-98.187	896.25	-7.4006133	1.1369386	-4.733487	-8.734749	316000	-3.7252903e-08	1.2306151	-0.0035644853	-0.60787785	0.6921853	0.0072716502	0.05025	39.0	31535.7231798172
79	-56.21499	29.621498	-9.145277	-88.582	748.75	-7.5423646	1.390261	-3.8270376	-9.173874	320000	0.0	1.8522735	-0.005973285	-1.0946566	0.69498765	0.0069531603	0.087	39.0	32058.895407676697
80	-58.41638	37.859203	-21.82328	-113.821	654.0	-8.046889	2.84005	-3.6125312	-11.663305	324000	0.0	1.9878714	-0.0064919665	-0.58540815	0.69901896	0.00610514	0.0685	39.0	32374.90512728691
81	-61.080013	24.535076	-29.48105	-96.46	896.5	-6.393903	1.8163341	-4.234643	-9.363173	328000	-1.1175871e-08	1.9480197	-0.0032950866	-0.32368803	0.69950855	0.0074148383	0.049999997	39.0	32859.969526052475
82	-74.2877	33.862186	-23.29078	-106.299	853.75	-8.507776	2.814534	-2.9166193	-11.631529	332000	-7.450581e-09	0.9691144	-0.0063559795	-0.31378764	0.6960052	0.0056493836	0.080249995	39.0	32950.48195910454
83	-52.938583	43.768383	-7.6437206	-99.021	608.75	-8.234426	2.387554	-3.435338	-10.50637	336000	-2.2351742e-08	0.85308313	-0.0072075166	-0.49443948	0.6973636	0.004464949	0.06775	39.0	33133.14592719078
84	-69.38384	32.431458	-22.761374	-103.155	854.0	-6.588741	2.7458177	-2.849606	-10.131488	340000	-2.9802322e-08	11.374261	-0.0044981986	-10.141096	0.69693327	0.0035740135	0.0555	39.0	33889.94319033623
85	-42.845055	14.343958	-23.834146	-61.84868	649.2	-6.585135	1.6718811	-4.0217867	-9.886087	344000	-1.4901161e-08	6.6523685	-0.003255139	-4.3416886	0.7040665	0.01580353	0.2295	3.0	34570.20401716232
86	-38.39112	21.802471	-20.890898	-80.312	546.0	-6.4598823	1.5172749	-3.8715785	-8.710287	348000	1.1175871e-08	2.4976423	-0.004422275	-0.78327185	0.7046243	0.0042051175	0.04225	39.0	34893.012041807175
87	-74.367744	8.0388565	-65.406	-86.562	1000.0	-6.422753	1.1141508	-5.0264316	-8.089844	352000	-1.4901161e-08	3.9097927	-0.0038675964	-3.5207038	0.7021197	0.0044213375	0.05525	39.0	34953.566735744476
88	-70.887	10.961388	-55.869	-82.473	1000.0	-7.3472586	0.4882083	-6.804912	-8.196588	356000	-5.9604645e-08	1.2849184	-0.002841808	-0.71216446	0.6990735	0.0052340035	0.03775	39.0	35785.35662150383
89	-57.927322	38.198418	-17.144217	-116.12	731.0	-6.228752	2.3043885	-1.2978864	-8.950544	360000	-2.9802322e-08	4.9574604	-0.006647341	-3.7356791	0.69237494	0.007468146	0.058	39.0	35995.51168727875
90	-58.405052	18.971386	-30.06819	-81.109	826.25	-6.365305	1.2318181	-3.7017872	-7.7601023	364000	2.2351742e-08	1.3302183	-0.0041312315	-0.19686663	0.6853179	0.0068760356	0.06575	39.0	36300.95828080177
91	-47.52627	19.183998	-15.072094	-64.944	846.0	-6.5792804	0.97634673	-3.6380298	-7.307349	368000	-6.7055225e-08	1.1642671	-0.0041333167	-0.8119376	0.6830266	0.005860911	0.033	39.0	36544.49481630325
92	-47.622295	14.179238	-34.095177	-69.507	883.25	-5.1868916	1.7232748	-2.3451512	-8.438283	372000	2.9802322e-08	2.0551562	-0.003559553	-0.87787056	0.6815556	0.0071912534	0.04075	39.0	37237.69698905945
93	-68.57275	13.05192	-52.355	-85.661	1000.0	-6.169456	1.0054544	-4.8194265	-7.5949287	376000	1.4901161e-08	1.6901174	-0.0034751273	-0.9107193	0.6781407	0.0026174225	0.04425	39.0	37554.78790688515
94	-35.1292	25.293644	-10.346151	-74.34	562.2	-6.4321637	1.6816196	-2.3120432	-8.792913	380000	0.0	0.7812854	-0.0037046615	-0.12124823	0.6685753	0.0054504946	0.02825	39.0	38318.55511569977
95	-36.927162	27.029165	-6.5450125	-87.025	586.2	-4.5280614	1.8538245	-2.3672147	-7.964268	384000	-1.4901161e-08	2.543902	-0.007321695	-0.96671903	0.65945184	0.008348208	0.089	39.0	39037.293138980865
96	-32.99563	17.390604	-17.339514	-59.346	599.4	-6.2732863	1.9126831	-2.774027	-10.906294	388000	3.7252903e-09	2.0494761	-0.0074366294	-0.8170059	0.6568994	0.009678144	0.096	39.0	39709.952129364014
97	-43.642715	28.785475	-11.158656	-86.827	632.0	-5.671889	1.824014	-2.642773	-8.483124	392000	-7.0780516e-08	2.3576753	-0.00467336	-1.3735552	0.65501666	0.007885598	0.051250003	39.0	40396.24845981598
98	-38.57833	23.74495	-6.7333164	-74.055	644.2	-5.758376	1.946879	-3.5182362	-8.998339	396000	0.0	2.2645376	-0.0054355375	-0.85082483	0.6550738	0.0046391473	0.049500003	39.0	40752.17321252823
99	-45.043327	29.349388	-14.404156	-88.092	659.25	-6.6817107	1.9088955	-3.6871107	-8.656687	400000	2.2351742e-08	1.3765063	-0.0056334585	-0.71275866	0.6532695	0.012452291	0.08375	39.0	41568.20897769928
100	-52.464745	25.830297	-21.973804	-89.529	775.6	-6.3991885	1.8467607	-2.7392678	-8.307137	404000	1.4901161e-08	1.3778911	-0.00547169	-0.935997	0.65431356	0.0047046677	0.05575	39.0	42121.85471010208
101	-54.17604	22.46878	-25.792774	-82.49	793.25	-7.308626	2.28862	-2.5024452	-9.468067	408000	-1.4901161e-08	2.6281178	-0.0059074126	-1.9085652	0.6524278	0.0047806557	0.0485	39.0	42562.14621210098
102	-33.34198	10.731283	-23.6558	-51.017	609.0	-4.48648	1.045765	-3.7040918	-8.026075	412000	0.0	2.5400214	-0.005711369	-0.58399993	0.6550714	0.0070503745	0.09275	39.0	43057.42196536064
103	-58.30579	10.993752	-40.69317	-68.177	998.25	-6.571	1.288696	-4.592915	-8.060511	416000	2.514571e-08	3.8306012	-0.004404097	-1.8234055	0.65552044	0.0050791316	0.051749997	39.0	43819.352144002914
104	-55.8016	10.149519	-43.029835	-66.211	843.0	-5.930472	0.4202498	-5.205212	-7.4317813	420000	-3.7252903e-08	2.5546327	-0.004425904	-0.84763086	0.6458936	0.010446147	0.06775	39.0	44056.218484163284
105	-45.097176	20.210135	-14.024575	-75.373	748.8	-6.2278247	1.7476192	-2.742554	-8.388838	424000	-4.284084e-08	3.0942302	-0.008460749	-1.2672578	0.6499856	0.011758288	0.066750005	39.0	44619.0344209671
106	-40.12675	22.373184	-12.517672	-68.668	673.5	-5.80152	1.6804799	-3.0748909	-8.089486	428000	1.8626451e-08	1.5614198	-0.0042107636	-0.6586677	0.6523591	0.0064661447	0.062499996	39.0	45434.32287788391
107	-54.62516	20.890242	-20.201637	-72.358	849.0	-5.030732	1.209313	-2.9797475	-7.840216	432000	-7.450581e-09	2.9886725	-0.0072080214	-2.4291224	0.6559358	0.013282286	0.08675	39.0	46229.99480319023
108	-40.29718	33.290833	-8.923099	-106.829	624.6667	-5.666268	2.7761059	-2.9561334	-10.228205	436000	1.4901161e-08	2.2151737	-0.0064512677	-1.0343804	0.6674957	0.0061124987	0.074750006	39.0	46687.90293645859
109	-38.754642	19.807589	-14.0382395	-70.619	685.6	-6.451444	2.525766	-0.977613	-10.169269	440000	-1.1175871e-08	5.142837	-0.008004947	-3.185029	0.66993976	0.006428661	0.0965	39.0	47188.018005371094
110	-29.38684	15.923909	-16.217363	-60.193657	475.6	-4.409965	0.98963463	-2.2813628	-6.7336326	444000	1.8626451e-08	3.6896305	-0.0077959895	-1.3463271	0.66315496	0.007924129	0.09025	39.0	47633.55547428131
111	-22.243015	7.1691213	-12.364005	-33.020218	401.42856	-4.950779	1.3465234	-2.1394386	-8.440195	448000	-3.7252903e-09	3.052445	-0.0057541155	-0.8483741	0.652415	0.005000957	0.047250003	39.0	48067.436868190765
112	-33.963245	28.578016	-9.540752	-82.194	520.25	-6.6827483	1.4439297	-4.049729	-8.660476	452000	1.4901161e-08	4.0760894	-0.007572187	-2.9815269	0.648167	0.0110095795	0.10025	39.0	48550.49588346481
113	-55.53248	19.152973	-34.64	-86.66	922.75	-5.566184	2.0430322	-3.1464415	-9.173076	456000	-7.4505806e-08	3.4818616	-0.0043549314	-2.4740455	0.64943326	0.0066842474	0.062000003	39.0	49346.85175323486
114	-48.815178	26.369194	-11.366078	-72.261	708.2	-5.9954667	1.4261034	-1.8144985	-7.695741	460000	1.5832484e-08	1.9365296	-0.0055389036	-0.7195928	0.65255857	0.006844487	0.050499998	39.0	50210.444034338
115	-34.423496	11.149478	-16.663164	-44.802	733.25	-4.8570256	1.4511149	-1.8032188	-7.803343	464000	-3.7252903e-09	2.404614	-0.005846844	-1.2844174	0.65030694	0.0027067005	0.047	39.0	50920.77173137665
116	-26.842262	22.288893	-8.56199	-74.693	448.16666	-4.4368935	1.958314	-1.9689075	-7.5346107	468000	1.4901161e-08	3.196272	-0.005026643	-2.3718214	0.6475001	0.0041222684	0.06725	39.0	51408.59992647171
117	-29.747631	16.131065	-12.3485565	-55.186	527.0	-5.2924495	2.512893	-0.84850025	-7.82358	472000	0.0	4.5957327	-0.0040905634	-3.3646584	0.641387	0.0074180695	0.06275	39.0	52209.255838871
118	-46.61613	21.298748	-9.169194	-68.313	752.6	-6.3994474	1.9217378	-2.872653	-8.296635	476000	1.1175871e-08	3.384145	-0.004718244	-1.4959772	0.6434707	0.0057441224	0.037	39.0	52690.91943478584
119	-28.785582	19.291739	-9.092102	-64.409	500.7143	-5.7880254	1.7769915	-3.1299481	-9.643553	480000	-7.4505806e-08	5.5502095	-0.0065945834	-3.913276	0.6511931	0.008802529	0.06525	39.0	53279.80560517311
120	-32.55382	23.897982	-11.578022	-78.522	549.5	-5.6803713	1.2446998	-2.1343758	-7.990577	484000	8.754432e-08	2.2514849	-0.0066815615	-1.5497185	0.6398596	0.006032376	0.09925	39.0	54089.52874541283
121	-20.147463	11.956106	-10.274444	-49.388	375.0	-4.172599	1.926752	-0.76937246	-8.590613	488000	-2.9802322e-08	2.7003345	-0.00626118	-1.4144839	0.6378412	0.0049878294	0.060000002	39.0	54920.11310553551
122	-51.2148	27.154457	-16.378555	-92.626	744.6	-6.937878	1.9635023	-2.9002678	-8.623297	492000	0.0	5.3935633	-0.007791288	-3.5551717	0.6294996	0.010747062	0.077250004	39.0	55496.04594492912
123	-36.280273	10.219287	-24.347761	-57.324	537.3333	-5.494208	1.4634655	-4.245903	-8.90582	496000	7.450581e-09	3.6510968	-0.004957758	-1.1996114	0.6270603	0.005699804	0.048750002	39.0	56212.047320604324
124	-24.288015	15.533817	-6.3862	-45.398354	337.4	-6.1415076	1.3515493	-2.8897398	-9.450575	500000	3.7252903e-09	3.403583	-0.0040702964	-0.57135224	0.61843914	0.004100427	0.04025	39.0	56794.60023522377
125	-30.401678	14.262344	-10.621853	-48.484	556.5	-5.524532	2.5143635	-0.7166009	-9.934375	504000	2.9802322e-08	5.3356047	-0.004111193	-3.4323578	0.61973834	0.0046124235	0.05025	39.0	57540.3862092495
126	-31.031713	22.153383	-15.757684	-69.122	485.0	-5.6419663	1.0977948	-2.163252	-7.4533596	508000	-7.450581e-09	2.2560835	-0.005422309	-1.2817688	0.6251582	0.0073800078	0.065749995	39.0	58154.7474360466
127	-59.908302	12.289771	-48.694	-79.885	956.25	-5.755892	1.5678614	-4.1328554	-8.570562	512000	2.2351742e-08	2.0832572	-0.004851153	-0.3697543	0.6199459	0.0014236851	0.042999998	39.0	58993.61866593361
128	-25.902237	9.705208	-11.657274	-36.04567	400.57144	-5.081954	1.7570422	-0.7766655	-8.2836895	516000	1.3038516e-08	4.4424524	-0.005938622	-1.5496907	0.6075462	0.008463077	0.081	39.0	59467.30650997162
129	-37.602287	22.458944	-16.945204	-73.256	639.75	-3.6665528	1.583035	-0.94334966	-8.328375	520000	7.4505806e-08	3.1662624	-0.0047893785	-2.6642065	0.6067597	0.004987063	0.0315	39.0	60078.847722530365
130	-35.535892	19.746246	-11.048052	-61.513	598.8	-6.818163	0.7883826	-5.8096	-8.486909	524000	1.4901161e-08	5.3671255	-0.0051551387	-3.282747	0.60196215	0.009425131	0.08	39.0	60541.120952129364
131	-42.651157	24.361885	-9.020769	-76.254	641.1667	-4.9945188	1.8880479	0.12970628	-7.2286487	528000	-5.9604645e-08	4.122239	-0.0055180937	-2.7786756	0.59508604	0.0053028916	0.071499996	39.0	61353.198853731155
132	-35.812843	18.08569	-14.187719	-65.395	598.8	-6.0737476	1.8480756	-3.8574524	-9.809684	532000	-3.7252903e-09	3.2556	-0.008224172	-1.308924	0.5843775	0.00798942	0.085999995	39.0	62132.032499313354
133	-20.379293	11.574308	-6.5035915	-43.26249	355.2857	-4.389422	1.2738	-0.68470097	-9.28613	536000	1.4901161e-08	2.0341983	-0.005765221	-0.93090355	0.58133787	0.0039697764	0.03575	39.0	62588.28458189964
134	-23.806328	8.541409	-7.802305	-33.532795	411.33334	-5.89263	1.9637198	-4.1607366	-9.482169	540000	0.0	3.168251	-0.00803661	-0.96715915	0.5732656	0.007997807	0.087500006	39.0	62936.67464542389
135	-23.231052	5.441726	-14.92459	-30.290249	393.2857	-4.609622	1.4924066	-0.5679482	-7.6503143	544000	2.2351742e-08	3.252484	-0.0045811613	-1.2810687	0.56983685	0.00817071	0.06425	39.0	63371.28652071953
136	-26.05819	22.581152	-12.0901785	-83.854	390.5	-5.1338944	1.7331644	-1.1368027	-9.115869	548000	0.0	1.7876685	-0.008246708	-0.95195866	0.5676282	0.009494996	0.09675	39.0	63722.8915207386
137	-20.819738	8.364621	-10.946522	-34.301586	339.5	-4.8602657	1.6760327	-0.3728009	-7.434641	552000	0.0	2.3832989	-0.004938633	-1.3090587	0.56873953	0.0075508123	0.052	39.0	64239.02258491516
138	-17.097897	9.350306	-8.915301	-39.458183	322.33334	-3.957575	1.6157559	-1.0092298	-7.9327006	556000	7.450581e-09	3.7381792	-0.004837957	-2.7598548	0.5582748	0.0070886877	0.05625	39.0	64678.03970003128
139	-25.967283	20.412796	-13.699419	-71.294	389.5	-4.709799	1.8401842	-0.48250595	-8.434478	560000	0.0	2.1263669	-0.0078025647	-1.5577744	0.5510326	0.008255911	0.09375	39.0	65093.98316860199
140	-23.6801	14.617684	-14.239751	-61.379	401.75	-5.5426726	1.6147527	-0.47141576	-9.334046	564000	0.0	2.4128065	-0.0046237726	-1.6322312	0.5415274	0.005092125	0.05775	39.0	65924.72759866714
141	-21.051226	8.2832985	-12.366611	-39.536015	354.14285	-4.9422765	2.412529	-0.039709896	-10.609505	568000	-3.3527613e-08	3.9212604	-0.0056514926	-3.13089	0.532156	0.0039884653	0.047000002	39.0	66483.9867670536
142	-40.814415	25.43419	-17.203342	-74.548	588.4	-6.2176223	1.7582291	-1.4064351	-9.831653	572000	-1.0244548e-08	1.2979546	-0.007522597	-0.8001275	0.5308297	0.008428261	0.0755	39.0	67018.26353049278
143	-21.48767	21.554804	-8.225071	-77.927	358.0	-4.727597	2.2998195	0.46206594	-8.532133	576000	-7.450581e-09	1.9527589	-0.0054959776	-1.2852929	0.53123325	0.006825514	0.062	39.0	67760.7492492199
144	-15.727847	7.6887546	-6.790093	-36.42315	280.81818	-4.087312	1.8944715	0.17725343	-8.296051	580000	-5.5879354e-08	1.6947697	-0.006970591	-1.417989	0.5232892	0.008312193	0.05975	39.0	68057.68701577187
145	-29.93547	20.948101	-11.284783	-59.436	519.8333	-4.9640226	1.9249842	-0.43273944	-10.887332	584000	0.0	1.484351	-0.0069308877	-1.30775	0.5186758	0.0061958516	0.08475	39.0	68874.25153660774
146	-18.656376	4.923946	-12.572942	-28.36386	299.375	-4.683768	1.9819756	0.16309589	-9.364274	588000	-1.4901161e-08	2.8423345	-0.00631004	-2.48005	0.51615345	0.008598296	0.087	39.0	69258.48960351944
147	-26.682444	11.587073	-15.42134	-50.504	509.5	-4.8117704	2.0311942	0.4631804	-9.088611	592000	2.9802322e-08	1.7994974	-0.0052524153	-1.5288515	0.5176327	0.0063699074	0.06925	39.0	70130.11920714378
148	-28.11361	10.599858	-12.543272	-41.964947	461.66666	-5.678627	2.298155	-0.46234724	-11.62548	596000	-1.4901161e-08	2.9982624	-0.009632178	-2.484762	0.52347726	0.007163485	0.1155	39.0	70679.06591677666
149	-17.97219	6.5659785	-9.79833	-31.016512	303.1111	-3.9689867	2.0666177	0.112427235	-8.760745	600000	7.450581e-09	1.8255466	-0.005666391	-1.5347216	0.518003	0.007911637	0.06375	39.0	71199.41550946236
150	-25.278612	14.731645	-7.8589444	-53.70203	390.83334	-3.8805292	1.8004954	0.09664333	-8.634299	604000	2.2351742e-08	7.494694	-0.0076899827	-6.256531	0.5131261	0.0075733336	0.0855	39.0	71814.05889344215
151	-19.728462	6.4205585	-14.072747	-32.43078	311.0	-5.5890956	1.5277004	-0.4507563	-9.004494	608000	-1.3969839e-09	4.4452887	-0.00793583	-3.3901024	0.5134996	0.007375491	0.092	39.0	72468.4925544262
152	-21.724169	4.4674716	-12.212055	-26.371964	369.0	-4.4841933	1.3746954	-0.8007169	-7.532312	612000	7.450581e-09	1.6080798	-0.007135842	-1.102318	0.5031644	0.008460733	0.088	39.0	72948.37933731079
153	-25.61271	13.323272	-13.043087	-58.63118	427.625	-4.687032	1.856746	0.16849734	-8.728196	616000	-1.8626451e-08	2.1482885	-0.0060829297	-1.6792405	0.49169168	0.009103022	0.059	39.0	73440.93653988838
154	-15.921213	6.7656503	-6.720051	-28.638186	285.7	-2.4162915	2.3763843	1.5019264	-7.4140573	620000	0.0	4.885256	-0.0075220317	-4.286546	0.48360384	0.005648239	0.0735	39.0	74182.16284966469
155	-19.681799	4.745124	-12.5551195	-26.453356	349.5	-3.5481784	1.478915	-0.5603026	-7.755872	624000	7.450581e-09	0.9082651	-0.008454649	-0.6640274	0.48294425	0.0073452103	0.092250004	39.0	74535.664945364
156	-19.64909	9.212829	-3.5384004	-30.84934	328.8	-4.684064	2.2636611	0.061252832	-9.151055	628000	2.9802322e-08	1.9358902	-0.006207075	-1.5367672	0.48131287	0.008214485	0.091	39.0	74908.29818320274
157	-20.143478	11.281576	-9.895928	-47.964	365.66666	-3.9015112	1.610296	-0.5752565	-8.229425	632000	-1.1175871e-08	0.8005972	-0.0052997726	-0.45003933	0.47525492	0.006166432	0.051000003	39.0	75756.79509902
158	-20.225386	14.329574	-6.481052	-60.871	335.63635	-4.220211	2.0452	1.0358492	-9.201449	636000	0.0	1.469315	-0.0048692226	-1.2351384	0.47931188	0.0010987907	0.041500002	39.0	76607.4023361206
159	-32.02549	19.737606	-8.860231	-73.389	453.66666	-4.621858	1.6338185	-0.3855387	-7.886898	640000	2.7939677e-09	1.817633	-0.007025102	-1.2951953	0.47046876	0.0070348596	0.0875	39.0	77501.75383257866
160	-20.792337	7.178979	-10.747514	-33.41496	342.44446	-5.139456	2.095313	-0.44330764	-10.190042	644000	-3.9115548e-08	3.67611	-0.0069153775	-3.3320186	0.46341008	0.0072814543	0.078999996	39.0	78129.47066354752
161	-22.609507	14.952646	-10.18651	-64.021	362.2	-3.873346	2.1959646	3.8564265	-8.490323	648000	1.8626451e-08	1.9875131	-0.0083016455	-1.7908717	0.46014926	0.010122476	0.0765	39.0	79021.53583407402
162	-18.258562	11.218318	-7.949009	-40.815083	285.27274	-4.561294	2.192645	2.0862322	-8.5105505	652000	-3.7252903e-09	1.5179826	-0.0071901623	-1.203262	0.45429868	0.0034842712	0.058749996	39.0	79449.98794341087
163	-15.579789	5.9892817	-6.2490883	-26.847315	257.75	-3.8210037	2.0148602	1.0691162	-7.880323	656000	1.4901161e-08	1.3457396	-0.0068229567	-1.1779709	0.45066434	0.0055139298	0.06175	39.0	79772.26689386368
164	-15.865815	7.341167	-5.9946885	-34.705326	258.85715	-4.433292	2.4665527	2.5861814	-9.553043	660000	-7.450581e-09	2.1725125	-0.008596115	-1.7036071	0.44627115	0.008000758	0.093	39.0	80145.1586484909
165	-16.34873	5.3174677	-7.15615	-24.297815	274.0	-3.229335	2.3055544	1.996108	-8.359269	664000	2.9802322e-08	1.7501771	-0.0073953117	-1.525935	0.4413579	0.0053897174	0.08725	39.0	80508.22512340546
166	-16.329163	7.5126195	-7.106766	-31.39969	274.83334	-3.9108002	1.9912161	1.5907102	-9.056422	668000	-3.7252903e-09	0.99356186	-0.009946374	-0.81617486	0.43666255	0.01050348	0.11075	39.0	80802.20889186859
167	-16.265076	6.383688	-5.90399	-28.103191	264.3846	-3.8136804	2.1565187	0.5804727	-8.798726	672000	0.0	0.7844833	-0.007832847	-0.67074966	0.4303743	0.007960739	0.077250004	39.0	81120.95022320747
168	-16.904257	6.8594236	-8.6765995	-36.651848	267.46155	-4.297954	2.1397464	0.47338486	-9.604542	676000	-1.3038516e-08	0.9361619	-0.009364663	-0.74780726	0.43797514	0.009736178	0.09725	39.0	81477.61286258698
169	-15.59666	5.9567356	-7.6687417	-31.832256	253.57143	-3.0873806	2.1311264	1.4389533	-8.168124	680000	-2.2351742e-08	1.3277456	-0.0098075215	-1.1657014	0.43565983	0.009112297	0.1255	39.0	81827.93792104721
170	-13.213287	6.7339478	-5.0736823	-23.842	227.5	-3.8449214	2.4328518	0.85006696	-9.4557085	684000	-7.450581e-09	0.7955147	-0.008433057	-0.6927604	0.4381472	0.002591864	0.075	39.0	82331.43612146378
171	-14.650807	4.9896827	-6.700451	-22.343134	252.41667	-3.835685	2.2024496	0.6882693	-9.003881	688000	2.9802322e-08	0.9155383	-0.008249499	-0.79313415	0.42850992	0.008363698	0.08499999	39.0	82719.31751561165
172	-13.970897	4.9805503	-4.922858	-25.91862	224.11765	-3.3583486	2.2200994	2.0139575	-8.459113	692000	-4.0978193e-08	1.3767431	-0.0070901103	-1.1563351	0.4294039	0.007640107	0.073750004	39.0	82982.16285037994
173	-15.189648	3.2798197	-6.981378	-20.189484	250.6923	-3.6489747	2.0798357	0.11234696	-8.648962	696000	-2.2351742e-08	0.4205758	-0.0027704383	-0.30336714	0.42476124	0.01578955	0.19549999	5.0	83216.46054792404
174	-13.432149	5.185013	-5.2550745	-23.861443	228.0	-3.19087	2.0972133	1.7863467	-8.380262	700000	-4.4703484e-08	1.3001018	-0.007880263	-1.1559777	0.4240019	0.0063637616	0.087500006	39.0	83605.47207355499
175	-13.603746	4.3556876	-6.3638306	-20.741768	239.14285	-3.5733163	1.8894475	0.19922568	-8.296604	704000	7.450581e-09	0.3209824	-0.0073193256	-0.20283097	0.41134143	0.0064786393	0.073750004	39.0	83899.024330616
176	-16.13566	7.617986	-7.3606033	-29.660408	256.6154	-4.0458555	2.2780316	0.27160478	-8.957704	708000	0.0	1.59284	-0.0052922573	-1.3022186	0.40121385	0.008096777	0.1005	39.0	84279.42030572891
177	-15.012446	7.161919	-6.6485043	-30.891115	239.73334	-3.7085214	2.04049	0.18300429	-8.291365	712000	-2.9802322e-08	0.66384006	-0.00785199	-0.39610195	0.39032796	0.006490621	0.07925	39.0	84698.1494653225
178	-16.68874	5.929051	-6.3289323	-28.417526	262.07144	-3.71858	2.0950227	0.84654886	-8.814288	716000	-1.4901161e-08	0.431724	-0.00901003	-0.30788893	0.3868317	0.0074375207	0.0875	39.0	84986.17681622505
179	-12.559065	4.8960433	-6.5794535	-27.109468	217.86667	-3.5441074	2.1726243	1.1777927	-8.554087	720000	-1.1175871e-08	0.46181706	-0.008082349	-0.37914923	0.3761563	0.0068425154	0.08275	39.0	85272.83203458786
180	-15.827	6.0255485	-5.342357	-25.269316	262.6154	-3.2733116	2.163843	0.5244796	-8.210456	724000	-3.7252903e-09	0.5772333	-0.008181652	-0.3791917	0.3684123	0.003953611	0.05175	39.0	85686.42738938332
181	-13.432072	5.3280025	-5.3945074	-27.017895	219.5	-3.856555	1.8020653	-0.37109652	-8.982945	728000	5.5879354e-09	0.69703984	-0.008967601	-0.60042685	0.37274218	0.008927029	0.09424999	39.0	85988.38097262383
182	-14.940844	5.2641454	-6.2508426	-24.7768	250.07143	-3.7607026	2.251635	0.8068869	-8.574495	732000	4.4703484e-08	0.5500456	-0.009688126	-0.42969593	0.37668917	0.01056478	0.07725	39.0	86308.36695194244
183	-16.486835	6.168891	-5.6784563	-28.01413	255.64285	-3.9046068	2.0748737	0.11368716	-8.558763	736000	0.0	0.63947594	-0.006053824	-0.49354154	0.38506866	0.007520859	0.086500004	39.0	86645.43051218987
184	-11.801825	4.3459697	-6.7404184	-20.325853	206.86667	-3.311579	2.146186	1.5813227	-8.321965	740000	1.4901161e-08	0.6755583	-0.0063333362	-0.5548453	0.38354626	0.0076032076	0.07875	39.0	86970.46301341057
185	-11.515886	3.6974556	-7.1185775	-19.080305	204.94444	-3.3711455	1.8975278	0.42030042	-8.867024	744000	-3.7252903e-09	0.6256027	-0.0019029579	-0.5201098	0.38350028	0.016616898	0.1525	3.0	87272.78681325912
186	-14.937353	6.6421113	-5.0385222	-32.511734	234.46666	-3.7143004	1.9599439	0.09521508	-8.282635	748000	0.0	0.40936646	-0.00827801	-0.3142689	0.3833257	0.0075463178	0.1045	39.0	87659.64408254623
187	-15.524033	4.6149845	-7.514114	-24.800116	238.53334	-3.890107	1.9937785	0.7809816	-8.256445	752000	7.450581e-09	0.6088774	-0.009002747	-0.46652102	0.38215622	0.00964305	0.07325	39.0	87981.59646058083
188	-14.498224	4.79833	-5.8999195	-25.522911	234.21428	-3.6338782	2.0891035	0.6846536	-8.617419	756000	9.313226e-09	0.22883616	-0.0077918475	-0.15625918	0.38672987	0.008966188	0.077	39.0	88287.69696187973
189	-14.504223	6.27365	-4.5227604	-28.301222	230.4	-3.841836	1.8426708	0.122688964	-8.083147	760000	0.0	0.48800638	-0.007032062	-0.27203554	0.38615298	0.008251342	0.07875	39.0	88636.16330909729
190	-13.870898	4.530555	-5.488191	-21.618597	216.70589	-3.724327	2.0379076	0.16790205	-8.150301	764000	4.656613e-09	0.33466774	-0.0031180733	-0.24015722	0.38321567	0.018498674	0.159	5.0	88905.46950793266
191	-15.326776	4.354754	-5.7850714	-24.038414	238.0	-3.531769	1.9908614	0.49378443	-7.6468196	768000	1.4901161e-08	0.21934754	-0.007962894	-0.13853592	0.38287666	0.004553064	0.0665	39.0	89180.15356945992
192	-14.084395	3.6093817	-8.669337	-19.951527	221.82353	-3.5350647	2.0431855	0.34017062	-8.141762	772000	-3.3527613e-08	0.33338395	-0.008701891	-0.24675688	0.37849072	0.004366647	0.075	39.0	89469.38315463066
193	-18.791275	11.627702	-5.6198683	-52.659	300.66666	-3.2844038	1.9590108	0.12395641	-8.758823	776000	-1.0430813e-07	2.1485431	-0.007459156	-1.8794234	0.37275296	0.004210612	0.082	39.0	90370.1957142353
194	-12.914415	4.808969	-6.2800407	-21.848736	216.0	-3.3550582	2.1419513	2.449806	-7.7516766	780000	-2.2351742e-08	1.7983074	-0.008741894	-1.7012856	0.3680644	0.00434138	0.087	39.0	90686.47642302513
195	-17.612295	16.952103	-5.461105	-68.785	274.54544	-3.7765532	1.831596	-0.3742118	-8.574933	784000	1.4901161e-08	4.189319	-0.004068807	-3.8326204	0.36898044	0.00083546917	0.043750003	39.0	91610.54676556587
196	-15.625283	6.872458	-5.8175325	-30.777014	239.66667	-4.2405667	2.0686297	0.39018115	-8.846312	788000	-1.8626451e-08	0.71813387	-0.0073260833	-0.56220955	0.37009045	0.0056215245	0.07325	39.0	92008.31288862228
197	-12.995821	3.989772	-4.032382	-19.66792	221.375	-3.7356818	2.1171649	0.7646469	-9.028088	792000	-3.7252903e-09	0.49018335	-0.006811669	-0.30971557	0.36434436	0.005621057	0.054750003	39.0	92351.65122771263
198	-12.461199	4.265325	-5.481457	-21.016912	206.5625	-3.659915	2.192351	1.3692423	-8.480507	796000	1.4901161e-08	0.72031164	-0.008302201	-0.56031567	0.36029023	0.005316691	0.058	39.0	92576.18199133873
199	-14.648393	6.975814	-7.2608786	-29.751913	224.13333	-3.767619	2.0640168	0.3140644	-8.530359	800000	-3.7252903e-09	1.0509882	-0.0068057105	-0.90174365	0.3595334	0.0061155455	0.075	39.0	92923.79022431374
200	-15.267568	14.453549	-4.908944	-62.852	259.53845	-3.6664424	1.801409	0.7437468	-8.351293	804000	1.4901161e-08	1.5038033	-0.0050094686	-1.3188182	0.3581535	0.004450603	0.06475	39.0	93842.61430692673
201	-11.449003	5.4663715	-4.7018237	-23.72231	198.66667	-3.1318035	1.9012449	0.9829427	-8.119809	808000	2.6077032e-08	0.91530395	-0.007059592	-0.7711179	0.3545822	0.005019027	0.078999996	39.0	94218.86418175697
202	-14.143514	5.6294646	-4.62402	-24.459454	216.58824	-3.8484938	1.9291645	0.17359564	-8.183277	812000	-7.450581e-09	0.28095376	-0.007183708	-0.14509007	0.354519	0.0010572881	0.057000004	39.0	94510.43250894547
203	-11.438813	5.241702	-3.712535	-21.121756	196.72223	-3.1738431	2.0312107	0.73705995	-9.238412	816000	-1.4901161e-08	0.4241656	-0.008943089	-0.3481653	0.35194975	0.0069577517	0.091000006	39.0	94784.1541838646
204	-12.997972	2.9859333	-7.6752243	-19.0895	212.375	-3.749639	2.0450869	0.84516275	-8.762632	820000	1.4901161e-08	0.6004507	-0.008371745	-0.46534142	0.34469482	0.009126174	0.08225	39.0	95057.02359509468
205	-12.902791	4.623607	-4.00336	-21.718674	214.0	-3.8554845	1.8655598	0.5116515	-8.316535	824000	-1.8626451e-09	0.5913868	-0.0064777564	-0.45642728	0.34169117	0.003870912	0.069749996	39.0	95502.05523085594
206	-14.306797	4.704008	-6.6226554	-24.47022	225.26666	-3.8417687	2.0906475	0.064392656	-8.625844	828000	-1.4901161e-08	0.7244719	-0.0067492677	-0.58866614	0.33274353	0.002602214	0.06075	39.0	95790.94712662697
207	-14.473597	3.625482	-7.6096115	-23.161093	222.29411	-3.655964	1.9604535	1.1140103	-8.005534	832000	0.0	0.39192688	-0.009083195	-0.28151298	0.32643732	0.009286904	0.08	39.0	96043.45947575569
208	-12.382134	4.343639	-6.3405113	-20.202127	199.11765	-3.2451713	1.9065238	0.5929803	-7.5970845	836000	1.4901161e-08	0.59569025	-0.010733731	-0.4817558	0.32881266	0.007512699	0.09725	39.0	96426.45012974739
209	-13.619524	5.647485	-4.5826464	-26.040007	215.58824	-3.5593038	2.1288776	1.0924438	-8.780018	840000	2.6077032e-08	0.54440033	-0.00851662	-0.4205808	0.32389277	0.0038484214	0.07625	39.0	96754.75646066666
210	-17.370968	16.273996	-7.0367093	-75.769	258.93332	-4.227931	2.095455	-0.045125194	-8.061089	844000	0.0	0.9184037	-0.008057415	-0.72011197	0.3191732	0.0052476344	0.078999996	39.0	97674.66500997543
211	-11.167595	3.2616346	-5.7680826	-18.564255	184.78947	-3.6944962	1.7778566	0.03723368	-8.284968	848000	3.7252903e-09	0.6063092	-0.008206098	-0.50784194	0.3114489	0.008804171	0.0835	39.0	97916.9494793415
212	-19.41373	17.253176	-8.37912	-75.94	288.53845	-4.496664	2.0685027	0.6588905	-8.414501	852000	-2.9802322e-08	0.9411037	-0.0055301413	-0.8146373	0.30402148	0.00045310892	0.052249998	39.0	98846.59950876236
213	-10.957482	3.8263693	-4.8769693	-19.768906	187.11111	-3.514856	2.0291257	0.766211	-7.9116898	856000	-1.8626451e-09	0.6815165	-0.0105967885	-0.5730002	0.3007557	0.00938711	0.10975	39.0	99130.98295068741
214	-11.263646	3.5339437	-5.098142	-18.182146	194.41176	-3.3305082	1.932911	0.46458417	-8.712073	860000	1.4901161e-08	0.45598957	-0.009680645	-0.3107135	0.2848652	0.011982587	0.1255	39.0	99664.934019804
215	-12.011148	5.733468	-3.765974	-27.57584	189.57895	-3.2393332	1.8832021	2.0748074	-7.79949	864000	3.7252903e-09	0.66852033	-0.006868827	-0.5739781	0.27755713	0.0065309405	0.072500005	39.0	100005.2388997078
216	-12.813514	3.7193382	-6.948444	-24.613922	203.88235	-3.5554805	1.8371261	0.0759033	-7.83415	868000	0.0	0.17206617	-0.009643625	-0.07842198	0.275049	0.008923421	0.09975	39.0	100248.75924038887
217	-12.653207	5.095462	-3.8931885	-21.542818	201.64285	-3.5970118	2.0138774	0.811527	-8.987638	872000	0.0	1.3161278	-0.0063769203	-1.1379535	0.26879233	0.004833716	0.08125	39.0	100927.27355599403
218	-12.815926	5.7132974	-5.233531	-26.299698	209.625	-3.5772421	1.897016	0.08546771	-7.638923	876000	-1.8626451e-08	0.488096	-0.007937036	-0.37189388	0.26365593	0.007545541	0.07675	39.0	101220.76554965973
219	-12.642201	4.976216	-5.0973964	-21.09619	204.41176	-3.4674907	2.2462094	0.77462137	-8.803783	880000	1.8626451e-08	0.39114743	-0.009423643	-0.32390773	0.25129414	0.010412502	0.09425	39.0	101524.4988822937
220	-14.848418	5.274858	-5.265759	-24.65578	238.6	-3.7444875	1.9117819	0.11834963	-8.568396	884000	-1.4901161e-08	0.54162675	-0.006486574	-0.38066533	0.25012645	0.0069460836	0.069749996	39.0	101884.21496510506
221	-15.799465	16.86135	-4.9739714	-76.915	240.86667	-3.847616	1.8926207	0.19444242	-8.593704	888000	1.4901161e-08	3.2733037	-0.006937094	-3.0556853	0.24529387	0.002239749	0.05475	39.0	102748.23138332367
222	-15.853277	5.248423	-4.8419447	-26.010342	247.86667	-3.8109162	2.0156455	1.3191532	-8.20817	892000	3.7252903e-09	0.73318815	-0.008243252	-0.62586373	0.2493265	0.0091706235	0.0955	39.0	103012.58995556831
223	-12.276899	4.1063614	-5.934401	-24.234777	198.33333	-3.6146145	2.1843174	0.37333602	-8.379729	896000	2.2351742e-08	0.8424219	-0.0065165656	-0.6446749	0.2548548	0.0040159514	0.037249997	39.0	103280.88071393967
224	-12.41521	4.610339	-4.7748523	-21.763332	206.94118	-3.2913237	1.7413116	-0.2915491	-7.6257663	900000	-2.2351742e-08	0.21853149	-0.0069286767	-0.11326234	0.24490769	0.007630986	0.074	39.0	103589.61449980736
225	-11.536059	5.226465	-5.0601306	-22.623404	188.21053	-3.3215265	1.8979596	1.517333	-8.490223	904000	-7.450581e-09	0.46400878	-0.00732236	-0.2876418	0.23789828	0.0050555877	0.067	39.0	103984.47780561447
226	-13.490727	5.094833	-3.791905	-23.67145	214.4375	-3.7861059	1.8876348	0.024517417	-8.025304	908000	-1.8626451e-08	0.30034655	-0.0073377155	-0.16605811	0.23431242	0.0026259131	0.06775	39.0	104264.32714247704
227	-12.035631	4.746006	-3.7641325	-23.094906	191.8421	-3.3529277	2.111319	0.739594	-8.410926	912000	2.2351742e-08	0.22692472	-0.009232365	-0.14872074	0.23001711	0.010260468	0.08625	39.0	104515.40131616592
228	-13.7266865	3.7326503	-6.0752716	-19.291506	229.6923	-3.6435304	1.952185	1.0032934	-8.062825	916000	-5.9604645e-08	1.131392	-0.003537681	-0.8387278	0.2301784	0.018818121	0.24774998	7.0	105160.8292889595
229	-17.782187	13.984086	-5.4045143	-62.911	280.53845	-3.7632651	1.8588043	-0.2583152	-7.782989	920000	5.9604645e-08	2.3164935	-0.006991662	-2.1169353	0.23049031	0.0013401227	0.06325	39.0	106046.5883436203
230	-16.688013	17.227036	-6.744157	-76.743	250.07143	-4.877358	2.5813882	0.2511367	-9.073578	924000	2.0023435e-08	0.6361889	-0.0088029485	-0.5436219	0.23074402	0.012087273	0.1075	39.0	106921.56040263176
231	-13.246966	5.035878	-3.387277	-23.947647	207.35294	-3.4806762	1.9558339	0.33734185	-8.282187	928000	9.313226e-09	0.3711318	-0.010131635	-0.2753995	0.23265025	0.008730854	0.09325001	39.0	107146.09190177917
232	-16.29085	11.951475	-7.3374434	-58.223	263.92856	-3.3224838	1.9250964	0.40208033	-7.4688506	932000	5.9604645e-08	2.7142055	-0.005143568	-2.4634638	0.2329917	0.0017846271	0.061249997	39.0	108047.54480433464
233	-12.925373	5.7729783	-4.4364448	-26.937609	218.29411	-3.2312121	1.9273509	0.72622645	-7.4149246	936000	5.9604645e-08	0.50157523	-0.00690436	-0.35127342	0.23180243	0.0072088474	0.098749995	39.0	108444.0194375515
234	-13.361867	3.4589567	-7.3172975	-19.82288	210.46666	-3.491872	1.7233661	-0.20719521	-7.0731325	940000	-2.7939677e-09	0.277702	-0.010212389	-0.18160528	0.2253486	0.0072155036	0.095750004	39.0	108709.10502696037
235	-13.712598	6.3120756	-4.8640895	-29.811596	215.25	-3.5992405	1.9564033	-0.2036825	-8.047266	944000	4.4703484e-08	0.5164293	-0.0097656455	-0.40089557	0.21353868	0.007130517	0.1135	39.0	109069.76553344727
236	-13.460375	3.8659775	-9.638446	-22.098804	216.0	-3.1932504	2.1726263	2.7320535	-7.9159727	948000	-4.4703484e-08	0.9468391	-0.006300034	-0.8093873	0.20847948	0.005266637	0.07625	39.0	109400.90906620026
237	-14.238041	4.5615377	-6.398998	-23.656618	223.4375	-3.872372	1.8254662	-0.49341553	-8.008713	952000	-4.8428774e-08	0.3870386	-0.00680318	-0.29275486	0.20473094	0.0038858424	0.070250005	39.0	109657.21052861214
238	-11.617094	4.239728	-3.5534437	-18.94714	188.88889	-3.0958087	1.9460111	0.88551086	-7.4734993	956000	0.0	0.41237795	-0.010755737	-0.33609295	0.19237807	0.003683567	0.1035	39.0	109902.35217905045
239	-14.790888	4.442044	-9.021928	-23.102217	235.4	-3.5600197	2.0337217	1.6755017	-8.1846895	960000	-2.2351742e-08	0.42193437	-0.008427102	-0.29528785	0.18321063	0.0061441576	0.0775	39.0	110246.59817647934
240	-13.313226	4.4088116	-5.98174	-20.616026	205.0	-3.720237	2.0314364	0.32765543	-8.157487	964000	7.450581e-09	0.34080788	-0.010188738	-0.23594168	0.18046482	0.008421883	0.105	39.0	110519.11887335777
241	-13.934303	5.2052484	-5.73609	-25.913488	217.29411	-3.519405	1.9431516	0.45065117	-7.83152	968000	1.8626451e-08	0.26029542	-0.007167953	-0.17588855	0.17261344	0.007661222	0.076000005	39.0	110773.19213700294
242	-12.315125	4.855392	-5.408968	-21.433924	191.72223	-3.2669432	2.0628295	0.6849611	-8.72109	972000	0.0	0.39969197	-0.009489577	-0.32878292	0.17025912	0.009364189	0.0985	39.0	111015.8847193718
243	-11.611318	5.0820303	-2.966255	-21.561657	189.94444	-3.3231297	2.1141174	1.9143513	-8.128716	976000	0.0	0.51321995	-0.010754578	-0.43988526	0.16093008	0.006006631	0.12274999	39.0	111308.95090150833
244	-11.986888	3.9145758	-6.4572954	-19.449408	196.76923	-3.4654615	1.8179635	0.13527168	-8.479874	980000	-2.9802322e-08	2.4038742	-0.006706178	-2.1772666	0.15260889	0.0021549044	0.0605	39.0	112026.27271533012
245	-14.465317	5.7122626	-6.3821206	-23.994291	228.25	-4.30351	2.2716973	2.0326715	-8.057583	984000	7.450581e-09	0.49871886	-0.006883092	-0.39596176	0.1475118	0.007167168	0.1005	39.0	112800.82501530647
246	-13.0908	4.3647656	-3.840807	-21.810701	208.22223	-3.9585059	2.1232193	1.5529953	-8.057118	988000	0.0	1.0764005	-0.0056261737	-0.94710386	0.14235465	0.0060145124	0.09025	39.0	113166.18896818161
247	-13.262694	5.0704107	-5.329025	-24.654089	209.55556	-3.0918694	2.0790315	1.3826597	-8.371892	992000	-2.2351742e-08	0.41241315	-0.010454748	-0.33437523	0.14081195	0.007433743	0.102249995	39.0	113485.17673325539
248	-13.550456	4.8632216	-5.4253254	-22.499119	202.64706	-3.4988785	1.9416507	0.49618718	-7.936031	996000	-2.2351742e-08	0.29452145	-0.007844761	-0.20927419	0.14010638	0.008306815	0.083	39.0	113737.0900092125
249	-13.455306	3.1522505	-5.1514153	-18.443573	210.58824	-3.6537254	2.034643	0.9921227	-8.221143	1000000	1.4901161e-08	0.22033419	-0.009206841	-0.14488444	0.13783364	0.008655831	0.0855	39.0	113975.3765425682
250	-11.39318	3.5286098	-5.811672	-19.036102	187.8	-3.2857096	1.9368242	0.62361157	-7.817278	1004000	7.450581e-09	0.3822588	-0.004965715	-0.31100377	0.13569117	0.015492781	0.17325	8.0	114240.27395105362
251	-13.587051	5.944844	-5.815931	-23.000843	215.46153	-3.4350874	1.8176169	0.83349013	-8.185395	1008000	4.4703484e-08	2.2781632	-0.007982086	-1.9822199	0.13422601	-6.8717636e-05	0.0785	39.0	114993.10232305527
252	-13.183519	2.8472004	-8.022989	-19.759634	207.73334	-4.153442	1.8434894	0.2994129	-8.155737	1012000	-3.7252903e-09	0.5705588	-0.008100066	-0.39973897	0.13419794	0.004615851	0.0855	39.0	115475.05817937851
253	-14.9200535	3.783507	-7.650139	-20.8435	230.23077	-4.128082	1.7844086	0.38878304	-7.53448	1016000	-3.7252903e-09	0.3837803	-0.0068459976	-0.26484266	0.13087776	0.007109966	0.089	39.0	116179.7577419281
254	-19.953749	20.035711	-7.915817	-87.221	281.15384	-3.4698684	2.024999	1.8258394	-8.092699	1020000	0.0	7.932851	0.00011177361	-7.190007	0.12429421	0.015614461	0.16675	2.0	117073.90483903885
255	-12.858149	4.788567	-7.141688	-23.507793	200.46666	-3.6781147	1.8763567	0.8447304	-8.311942	1024000	-1.4901161e-08	0.897975	-0.008189723	-0.5780902	0.124070406	0.0074257283	0.10225001	39.0	117708.4175145626
256	-13.021962	4.348653	-6.232962	-21.634394	207.44444	-3.8412173	2.085966	1.0821108	-8.481265	1028000	1.4901161e-08	1.2603924	-0.008434091	-1.1336507	0.11552075	0.005156774	0.09975	39.0	117997.84698987007
257	-14.218417	4.413463	-7.06905	-20.83248	228.83333	-3.7763166	1.9504075	-0.07530692	-8.078514	1032000	2.9802322e-08	0.80620426	-0.008460522	-0.5559952	0.10875953	0.009216115	0.081	39.0	118656.81083464622
258	-13.1775675	5.2660947	-4.974895	-26.845552	202.73334	-3.7155237	2.013109	0.7733339	-8.282689	1036000	1.6763806e-08	0.47361562	-0.0072678356	-0.3505986	0.100029744	0.0035226408	0.070250005	39.0	119068.92889261246
259	-17.661444	16.085691	-8.0467615	-73.843	264.42856	-4.681469	2.0085337	0.18351278	-8.540132	1040000	1.4901161e-08	1.0852635	-0.0062877275	-0.9796888	0.09681156	0.007097414	0.074	39.0	119922.96155834198
260	-18.937418	18.981602	-6.743146	-86.008	266.92856	-4.357154	2.3779335	0.7120727	-8.892452	1044000	0.0	1.2971385	-0.008005839	-1.1195699	0.095336534	0.0039808345	0.08400001	39.0	120857.36241292953
261	-12.690353	4.977377	-4.8359556	-23.306181	198.05556	-3.7241428	1.9715251	1.1912262	-7.881455	1048000	3.7252903e-09	1.0242357	-0.0076933764	-0.9144161	0.087373115	0.007454985	0.080249995	39.0	121068.74967193604
262	-13.297791	5.7487984	-7.0786257	-24.8739	210.90909	-4.6255183	2.288783	0.7147833	-8.637674	1052000	8.940697e-08	4.101076	-0.006645128	-3.7030134	0.082163505	0.0022443202	0.06275	39.0	121870.52745342255
263	-11.448737	4.162876	-6.456644	-22.934845	192.46666	-3.9708617	2.5476282	0.8460765	-9.861517	1056000	-2.9802322e-08	1.254159	-0.010502756	-1.0771295	0.06787907	0.008713971	0.1285	39.0	122604.42739248276
264	-18.980867	21.101374	-5.582136	-90.339	274.69232	-5.4661293	2.920766	-0.6622537	-11.227854	1060000	-2.2351742e-08	0.4361161	-0.0071238345	-0.29978687	0.067441	0.0072911577	0.06925	39.0	123520.05107307434
265	-11.448767	3.7306206	-5.4017987	-17.673391	187.94118	-2.760104	1.7609214	1.1333435	-7.1547728	1064000	-1.1175871e-08	0.8902315	-0.0070259385	-0.682729	0.06514771	0.008170135	0.0555	39.0	123753.44110870361
266	-17.439013	14.37977	-4.661237	-62.933	282.0	-4.100958	1.912384	-0.22964261	-9.230403	1068000	1.4901161e-08	1.2008932	-0.008007761	-0.9862125	0.06640761	0.0066118333	0.08675	39.0	124617.58302688599
267	-13.258173	5.5997796	-6.662281	-26.142021	211.8	-3.4539306	2.034521	0.31655413	-8.424971	1072000	2.9802322e-08	0.8032473	-0.007200239	-0.5638213	0.057121832	0.008198954	0.076000005	39.0	124947.22531270981
268	-16.794003	16.4869	-3.9964721	-70.371	262.7857	-3.9611151	2.6520922	1.5636809	-9.91361	1076000	3.7252903e-09	0.73987293	-0.0075990763	-0.50434554	0.05579556	0.00736835	0.058750004	39.0	125815.13617873192
269	-14.380538	4.813652	-3.9722764	-24.525534	227.6	-3.9496675	1.9785042	0.98648405	-8.461314	1080000	-9.313226e-09	1.1173005	-0.00795885	-0.86769134	0.056933064	0.004588236	0.073	39.0	126140.11672472954
270	-13.641226	5.459371	-7.2730823	-21.67451	221.36363	-3.630401	1.8900573	-0.310929	-8.316827	1084000	-1.4901161e-08	4.3880167	-0.007641688	-3.629296	0.0470227	0.005472077	0.07775	39.0	126898.33347439766
271	-14.50659	5.885017	-6.641641	-31.797817	231.73334	-3.72656	1.9319645	0.23516372	-8.400487	1088000	-1.1175871e-08	0.4854807	-0.008983986	-0.28727493	0.041191258	0.010537885	0.09725	39.0	127322.29159736633
272	-12.280812	3.684249	-4.7017226	-16.500164	199.0	-4.4530673	2.2218604	0.82655185	-9.301203	1092000	-1.4901161e-08	0.34630275	-0.0082071405	-0.19805801	0.03686143	0.009243158	0.087	39.0	128037.30013847351
273	-15.068389	6.1532516	-4.969836	-26.067427	227.9375	-3.9099174	2.1450317	0.43867698	-8.692257	1096000	0.0	0.50856787	-0.009074098	-0.38607073	0.034677736	0.011501993	0.08625	39.0	128333.0162460804
274	-15.100479	16.67751	-4.405614	-77.697	231.875	-3.348089	2.1931365	1.2683178	-7.6034026	1100000	-2.9802322e-08	4.519517	-0.00666745	-4.2554617	0.037943844	0.005306413	0.062250003	39.0	129241.71031236649
275	-13.658763	6.379128	-5.4156165	-26.839588	230.42857	-3.7337198	2.2235093	0.47233927	-8.149016	1104000	1.8626451e-08	0.54941726	-0.0078325365	-0.41537452	0.036127906	0.0099076	0.08400001	39.0	129569.61767935753
276	-12.753251	3.5566728	-4.5768886	-18.176695	196.66667	-4.4532213	1.813507	-0.56390417	-8.6390915	1108000	7.450581e-09	1.7656171	-0.0069062896	-1.5020211	0.039372	0.008010948	0.08925	39.0	129909.98466777802
277	-15.786948	18.124146	-4.521497	-84.233	233.5625	-3.5929756	2.2638946	1.0053787	-8.825076	1112000	4.4703484e-08	3.8676147	-0.007749371	-3.617632	0.04207113	0.0023223546	0.082	39.0	130834.59515452385
278	-12.337366	4.1594267	-5.7092543	-20.680923	193.8125	-4.925033	2.5113711	0.006659746	-10.565019	1116000	3.7252903e-09	1.9379274	-0.00130866	-1.5082089	0.035273258	0.023406113	0.26099998	3.0	131501.94120812416
279	-19.239946	19.353146	-6.8853	-84.526	270.6154	-4.8126345	2.6404874	0.44518828	-10.661624	1120000	1.4901161e-08	0.7106041	-0.006626635	-0.461039	0.03476544	0.0071867397	0.065249994	39.0	132388.94871664047
280	-11.897446	4.9002504	-4.227496	-23.178453	192.05556	-3.213807	2.0746906	0.7455348	-7.906615	1124000	7.450581e-09	0.49417955	-0.008361299	-0.33764756	0.028995188	0.010339415	0.08075	39.0	132701.4329750538
281	-14.46427	6.090781	-3.7148921	-28.984772	230.875	-3.9748735	2.3133912	0.6821381	-8.014922	1128000	-3.7252903e-08	2.055474	-0.009278063	-1.8049908	0.026650596	0.009834495	0.09925	39.0	133000.12329483032
282	-14.571107	4.735466	-7.18128	-21.403893	220.0	-3.6371367	1.9645097	-0.036004916	-8.619729	1132000	-7.450581e-09	0.39521593	-0.008094033	-0.3056594	0.019314729	0.008553039	0.10175	39.0	133265.6457195282
283	-14.27161	3.708039	-7.690078	-20.042715	218.875	-3.7284513	2.0112803	0.25012177	-8.225785	1136000	-1.1175871e-08	0.3032059	-0.007367636	-0.19745672	0.013523457	0.007228298	0.081	39.0	133555.52288913727
284	-16.976078	18.774714	-5.378124	-83.558	255.46666	-3.743542	1.9921911	0.20306657	-8.179708	1140000	0.0	3.894573	-0.0059483945	-3.674188	0.013075756	0.003131736	0.06125	39.0	134463.33998322487
285	-12.014897	4.6525426	-5.3517447	-20.522371	197.26315	-3.0341733	1.9412862	0.9867445	-7.4398956	1144000	0.0	0.5249776	-0.007610403	-0.40467513	0.00609704	0.008478081	0.0635	39.0	134764.93809437752
286	-17.884758	22.102802	-4.441191	-79.704	262.66666	-4.178666	2.289569	0.3958622	-9.175775	1148000	0.0	3.664084	-0.0073505975	-3.1324766	0.002394437	0.0057918937	0.067499995	39.0	135686.1241288185
287	-13.7892685	4.686855	-5.0325885	-20.59257	219.41176	-3.65722	1.6341118	0.32149655	-7.2901683	1152000	7.450581e-09	1.106787	-0.008436901	-0.85943145	-0.00021262963	0.007472356	0.087	39.0	136069.68950867653
288	-11.343848	3.665692	-5.8786907	-22.093622	193.55556	-3.3672123	1.6013923	0.11496171	-7.0139756	1156000	-3.7252903e-09	0.51783943	-0.0036640437	-0.38659412	-0.0039387536	0.016748609	0.1695	5.0	136410.27323293686
289	-12.023161	4.7503448	-3.724342	-21.79369	193.17647	-3.5446572	1.9876151	0.19454522	-8.368774	1160000	-3.7252903e-08	0.34466356	-0.00691565	-0.18600085	-0.004427274	0.008111457	0.082	39.0	136829.26071953773
290	-14.803619	6.215187	-6.1054473	-29.655365	236.53847	-3.483458	1.9280528	0.22716376	-8.190426	1164000	-1.4901161e-08	1.0281361	-0.007698521	-0.7592968	-0.004805725	0.004092768	0.0665	39.0	137308.80677509308
291	-11.024274	4.3046994	-4.727846	-21.149033	180.2381	-3.619369	1.8428617	0.34527868	-7.86137	1168000	-1.4901161e-08	0.5237352	-0.009453419	-0.38941458	-0.012610433	0.0071288547	0.09125	39.0	137591.1068959236
292	-13.959978	6.6565356	-6.5977445	-34.630753	225.93333	-3.7005394	1.8014873	0.20097196	-7.5946126	1172000	-1.4901161e-08	0.7277931	-0.0069913603	-0.4188266	-0.013171864	0.005580049	0.0715	39.0	138160.39303016663
293	-12.239899	5.749346	-4.974369	-26.919247	200.16667	-3.4010942	2.0760164	1.449614	-8.077631	1176000	1.4901161e-08	0.34241816	-0.01025674	-0.21278441	-0.014775111	0.0075793797	0.094	39.0	138467.79906368256
294	-12.0462475	4.1848397	-5.3367734	-21.505337	188.5	-3.3436437	1.8551074	0.27240485	-8.335509	1180000	1.4901161e-08	1.014112	-0.008578556	-0.79675114	-0.024835084	0.004641001	0.0915	39.0	139048.00637030602
295	-16.415348	12.878993	-4.0512786	-55.623	271.15384	-4.6677	2.283783	0.60763913	-9.381225	1184000	0.0	1.9972289	-0.0071849134	-1.8325876	-0.031649694	0.01078929	0.085	39.0	139886.22111415863
296	-12.971616	4.4600105	-4.580957	-24.835846	207.16667	-3.810079	1.8383132	-0.19989522	-8.269004	1188000	1.8626451e-08	0.5946989	0.0011477489	-0.44509596	-0.028542686	0.018929321	0.22275001	2.0	140212.3228211403
297	-13.936165	5.154061	-5.6013074	-24.192272	223.1875	-3.6265101	2.239364	0.61406064	-8.8781185	1192000	1.4901161e-08	0.19698924	-0.009079859	-0.11296714	-0.028414745	0.005622408	0.07	39.0	140506.86457037926
298	-11.754059	4.9548845	-4.8165092	-22.439205	191.8421	-3.3532696	1.867543	0.3001589	-7.923729	1196000	-4.0978193e-08	0.20102273	-0.011488604	-0.11179567	-0.03860309	0.008422948	0.117000006	39.0	140816.10895133018
299	-11.987801	4.604957	-5.972988	-24.509125	198.0625	-3.4068906	2.0382848	0.22497575	-8.126798	1200000	3.7252903e-09	0.24124523	-0.00968516	-0.12852822	-0.039895568	0.010212451	0.106000006	39.0	141114.6437675953
300	-13.825025	4.624353	-5.038066	-23.681889	212.33333	-4.043263	1.7415452	0.008067548	-7.84048	1204000	0.0	0.42760113	-0.008426172	-0.27178326	-0.044918492	0.00495191	0.08025	39.0	141482.19480204582
301	-14.731989	5.2978525	-5.950698	-25.218943	236.26666	-3.5742743	2.1737437	1.0922415	-8.171354	1208000	7.450581e-09	0.27662772	-0.009587739	-0.18689059	-0.043138266	0.0057093347	0.0745	39.0	141819.17721915245
302	-12.992806	6.4706664	-5.2860374	-32.519405	207.33333	-3.4380908	2.0403306	1.0104542	-7.6289873	1212000	3.5390258e-08	0.24932297	-0.008241046	-0.11843571	-0.044524908	0.006683224	0.091749996	39.0	142253.2113146782
303	-13.879962	5.0369716	-5.488045	-23.43608	224.5625	-3.980883	1.8876678	-0.027080238	-8.921807	1216000	9.313226e-09	0.5453284	-0.0070862565	-0.4105846	-0.04948133	0.008712342	0.06825	39.0	142517.16447353363
304	-14.289618	4.968103	-7.327585	-25.466446	221.0625	-3.6627913	2.1000102	1.3618187	-8.3503895	1220000	-1.8626451e-08	0.27048346	-0.010274515	-0.18618236	-0.05499141	0.010292665	0.089	39.0	142776.1618590355
305	-12.437725	3.7219398	-6.466692	-23.583567	202.05556	-3.296192	1.9401354	0.8249843	-7.9646454	1224000	2.9802322e-08	0.40966675	-0.010347456	-0.28630137	-0.059948083	0.010933775	0.09225	39.0	143104.48492217064
306	-14.404012	3.786846	-5.778273	-21.514023	227.0625	-3.6812842	1.7657052	0.31295434	-7.985651	1228000	1.3038516e-08	0.31047416	-0.009540159	-0.21124734	-0.06449527	0.006902272	0.09125	39.0	143409.41009545326
307	-12.096446	3.8364253	-6.039211	-21.249744	197.33333	-3.2216508	2.0377412	1.7536664	-7.8415747	1232000	1.4901161e-08	0.29972327	-0.007616516	-0.23209392	-0.07328895	0.00635632	0.082	39.0	143650.8779850006
308	-12.832832	5.089947	-5.81298	-25.057367	201.94118	-3.5794234	2.0049314	0.9198412	-7.829603	1236000	2.2351742e-08	0.3730112	-0.008885777	-0.28143743	-0.07914719	0.0040134364	0.081750005	39.0	143961.5237994194
309	-13.83082	4.2122836	-7.529222	-20.295818	216.15384	-3.673038	1.9197515	0.5605649	-8.170041	1240000	-7.450581e-09	3.6080546	-0.0052378327	-3.162517	-0.078700036	0.0018551771	0.057	39.0	144709.67244768143
310	-11.5397005	5.017335	-4.1953197	-21.279964	185.73685	-3.7599356	2.0358315	0.9776727	-8.048791	1244000	3.3527613e-08	1.1030285	-0.0030620012	-0.9756892	-0.079590455	0.016814882	0.20025	4.0	145000.5386209488
311	-13.720604	4.9271936	-6.8235245	-27.003597	218.1875	-3.217241	2.0380437	1.7885385	-7.367917	1248000	-7.450581e-09	1.0599561	-0.008608114	-0.93615276	-0.07981702	0.00548177	0.09075	39.0	145382.28625702858
312	-14.185177	6.1968813	-6.2129745	-24.728413	229.73334	-3.4123201	2.2276611	1.1459731	-8.237388	1252000	1.4901161e-08	1.2986212	-0.0082262885	-0.9616814	-0.08737247	0.0041883923	0.068749994	39.0	145727.53482937813
313	-17.263176	18.13168	-4.419493	-82.043	254.4	-4.049758	1.8953032	0.7562219	-7.8657675	1256000	0.0	2.627248	0.0008824244	-2.2793982	-0.09173592	0.015077302	0.17875001	2.0	146616.93358778954
314	-23.054865	16.950087	-6.313832	-68.023	355.7	-4.629073	1.9025725	0.48040187	-8.220629	1260000	0.0	1.5336667	-0.009472102	-1.2310401	-0.09183544	0.007083067	0.086	39.0	147485.05855488777
315	-20.790007	13.494133	-9.956047	-56.46	342.77777	-3.3178208	2.1797912	0.8563118	-8.586407	1264000	-2.2351742e-08	3.831026	-0.0072930106	-3.4178922	-0.09753033	0.0045609977	0.06299999	39.0	148374.86347007751
316	-10.608264	4.2190247	-4.1681204	-20.619295	184.10527	-3.5227482	1.8063836	-0.07425525	-7.8048806	1268000	-7.450581e-09	0.970731	-0.00882966	-0.7648773	-0.09686522	0.011921709	0.09275	39.0	148697.16774106026
317	-13.20153	4.6554065	-7.1438255	-23.115742	208.5	-3.6979716	1.7973375	0.02588451	-7.9483747	1272000	-1.0244548e-08	0.4992553	-0.009603473	-0.38265473	-0.102686025	0.0060757753	0.08075	39.0	148957.77964639664
318	-12.647533	3.6987495	-4.883309	-19.57187	193.52632	-3.6684332	1.8722435	0.21037482	-7.8195024	1276000	-3.7252903e-09	0.37954324	-0.006380575	-0.25891063	-0.11098463	0.016005816	0.1505	13.0	149201.5605289936
319	-11.942827	3.7735825	-6.3146176	-18.648174	193.35294	-3.6429234	1.8745862	0.69778967	-7.7009115	1280000	-1.4901161e-08	0.4317577	0.0049658455	-0.29853863	-0.11348276	0.022061665	0.27275002	2.0	149540.96303796768
320	-13.362925	6.69684	-6.2785783	-27.012236	220.0	-3.5155103	2.014569	0.3526682	-7.793017	1284000	-1.4901161e-08	1.0468842	-0.0064905006	-0.6566073	-0.11372822	0.01394115	0.11225	39.0	149952.83871412277
321	-16.183514	6.96099	-4.663154	-32.89235	272.83334	-3.544318	2.0961642	1.479137	-8.657993	1288000	2.2351742e-08	0.59765077	-0.0074502416	-0.39788857	-0.11499784	0.005895111	0.08025	39.0	150464.24656295776
322	-13.824458	5.764411	-4.8186126	-22.9569	219.21428	-3.604689	1.8187816	-0.1076901	-8.18498	1292000	1.4901161e-08	2.1785612	-0.0066163465	-1.7721123	-0.11752359	0.005647083	0.06475	39.0	151132.87761735916
323	-10.7704735	3.035589	-3.7739434	-17.12128	173.65	-3.5929644	1.9184433	0.5430455	-7.964702	1296000	-2.8871e-08	0.8603622	-0.007859587	-0.70577574	-0.1162054	0.008892836	0.07425	39.0	151358.42044997215
324	-17.303055	14.253944	-4.0206485	-66.483	273.7857	-3.862964	1.8502996	0.29176697	-7.39636	1300000	-2.9802322e-08	1.249428	-0.0073925676	-0.9773247	-0.1222658	0.009679884	0.07875	39.0	152239.67276263237
325	-13.32077	3.5136902	-7.026564	-18.702806	215.0625	-3.7775793	1.9700783	0.0124583095	-7.937202	1304000	-1.1175871e-08	0.44385785	-0.00960018	-0.30832937	-0.121485986	0.009748783	0.0775	39.0	152554.870677948
326	-14.984598	10.178169	-5.6925087	-47.513	256.92307	-3.2018836	1.8516834	0.15930314	-7.408338	1308000	0.0	0.9983806	0.003659062	-0.6934348	-0.11741373	0.017021205	0.27875	10.0	153377.5715856552
327	-13.079505	7.4757056	-3.7720602	-37.04223	218.86667	-3.6434717	2.0138078	0.59850335	-7.497801	1312000	2.9802322e-08	0.43440378	-0.007425135	-0.22548275	-0.118509606	0.00870466	0.0885	39.0	153869.1326751709
328	-14.230592	9.529082	-4.259679	-45.154083	252.07143	-3.464009	1.9605991	0.52558273	-7.6361566	1316000	2.2351742e-08	0.3879994	-0.007115567	-0.2318342	-0.12322769	0.00798853	0.09825	39.0	154554.0750796795
329	-11.789411	4.4245057	-4.9372663	-19.219976	196.23529	-3.4398718	1.740286	-0.09610155	-7.239072	1320000	7.450581e-09	0.4135759	-0.0017631575	-0.28445193	-0.12541834	0.015010089	0.23375	4.0	154857.30880641937
330	-11.991611	4.358025	-4.7804065	-20.139671	195.4	-3.0254602	1.9704404	0.55657643	-7.7280297	1324000	-7.450581e-09	0.33556154	-0.008041173	-0.21789469	-0.12574176	0.0118064955	0.13525	39.0	155149.5250544548
331	-10.987358	4.9805164	-4.0976167	-22.04208	184.73685	-3.3058634	2.1209188	1.1934375	-7.835853	1328000	-1.4901161e-08	0.33410108	-0.008829758	-0.20449471	-0.12903368	0.0036161558	0.10525	39.0	155438.52967572212
332	-13.658503	4.144626	-7.2894745	-21.346153	223.0	-3.6793032	1.9975749	0.09725888	-8.193727	1332000	-2.2351742e-08	0.3252424	-0.009276133	-0.19408223	-0.13191226	0.0065948805	0.091000006	39.0	155802.4119875431
333	-18.772072	21.179161	-3.692035	-83.614	279.81818	-3.8167222	1.9961786	0.8062702	-8.1066885	1336000	2.9802322e-08	4.0735106	-0.006247595	-3.6292417	-0.13964748	0.0022770711	0.07225	39.0	156727.89573431015
334	-11.531634	4.0397573	-5.172024	-19.770658	189.16667	-3.3246982	1.7119135	0.24589154	-7.9551625	1340000	2.9802322e-08	0.64911354	-0.007911541	-0.5210402	-0.15018211	0.0051628053	0.103999995	39.0	157017.9157717228
335	-13.7669115	7.288957	-7.065202	-33.856464	236.3	-2.5265257	1.9311527	0.8767444	-6.8169847	1344000	2.9802322e-08	4.452759	0.012098407	-3.4816244	-0.15416463	0.025188021	0.3195	16.0	157733.91144108772
336	-11.376274	5.0343275	-4.781658	-23.38515	186.0	-3.1169293	1.6086359	-0.22978216	-7.3681846	1348000	-1.6763806e-08	0.5417471	-0.009201698	-0.3890016	-0.15375854	0.008918326	0.1035	39.0	158068.17169761658
337	-10.796458	3.8786097	-4.719378	-18.104107	180.35	-3.1752849	1.9197094	0.6460565	-7.44806	1352000	-5.5879354e-09	0.28168416	-0.0106403185	-0.19854137	-0.16072997	0.008124183	0.09774999	39.0	158298.6728079319
338	-17.767336	17.683819	-4.2568965	-74.383	262.75	-3.7425034	1.912931	0.45714346	-7.7702675	1356000	0.0	3.1258547	-0.006750187	-2.8738804	-0.17289415	0.0037005476	0.06575	39.0	159168.30649328232
339	-10.95934	3.7674415	-4.8573036	-16.320484	186.55	-3.4036794	1.6234583	0.066995576	-6.980734	1360000	-1.1175871e-08	0.59195846	-0.009390115	-0.4690743	-0.18041584	0.008137073	0.0985	39.0	159415.4717438221
340	-10.809277	3.5052812	-5.8668385	-19.47723	184.77777	-2.9833467	1.777447	0.91850245	-7.8620915	1364000	1.4901161e-08	0.43372703	0.001551006	-0.3253431	-0.18477783	0.019408405	0.254	2.0	159678.1727437973
341	-11.902548	7.117368	-3.875546	-32.94422	198.53847	-3.43981	1.8893903	0.39014703	-8.061491	1368000	1.1175871e-08	1.0549259	-0.006308454	-0.8239769	-0.1849589	0.0055001685	0.064500004	39.0	160192.19128918648
342	-13.765347	5.5726266	-3.1944773	-25.077002	222.66667	-3.9131348	1.8198775	0.015875638	-8.244837	1372000	0.0	0.31397215	-0.007173786	-0.24719238	-0.18177406	0.008951306	0.07475	39.0	160446.5558810234
343	-12.382863	4.5732813	-7.071747	-22.409327	193.35715	-4.163441	2.3465297	0.6833268	-8.733197	1376000	-1.4901161e-08	0.5107181	-0.009627	-0.2985961	-0.17834601	0.0067313667	0.096999995	39.0	161117.54320406914
344	-12.094363	5.4456205	-4.340232	-24.092537	205.33333	-3.3778565	1.8531376	0.57993656	-7.680836	1380000	7.450581e-09	0.45683032	-0.006076988	-0.3469452	-0.17920884	0.015050819	0.1415	9.0	161428.41332769394
345	-11.155879	3.6625893	-5.145972	-17.498543	178.90475	-3.408485	1.7582703	0.11670655	-7.600291	1384000	-4.8428774e-08	0.22336382	-0.009847205	-0.14448974	-0.17910951	0.014026638	0.14475	39.0	161705.71559548378
346	-13.544938	3.4473584	-8.099082	-18.285149	210.23529	-3.5342412	1.9872912	0.1967414	-7.6761065	1388000	1.4901161e-08	0.306996	-0.006970103	-0.21827184	-0.17824227	0.007001375	0.07825	39.0	161997.46432995796
347	-11.222965	4.6244674	-2.780955	-18.441126	179.63158	-3.3239195	1.9894842	0.7755713	-7.9390464	1392000	4.4703484e-08	0.2873791	-0.005164517	-0.18124413	-0.17895451	0.016979001	0.18474999	5.0	162288.43678617477
348	-12.377431	3.7417252	-7.9214373	-21.116402	200.11111	-3.4333706	1.8646841	0.53792274	-7.648479	1396000	1.0244548e-08	0.22558406	0.0037576659	-0.13405922	-0.17909513	0.022305816	0.29799998	6.0	162510.88629484177
349	-11.683482	4.173834	-5.843387	-22.780886	186.9	-3.2329204	1.9709148	0.8594812	-8.2529545	1400000	1.8626451e-08	0.2873276	0.0017766766	-0.19244413	-0.17955607	0.016802846	0.24375	1.0	162764.1959002018
350	-11.02154	4.3229017	-3.79392	-20.029001	180.9	-3.2869837	1.7833858	0.8460934	-7.963639	1404000	-3.7252903e-08	0.36057806	-0.008874993	-0.2605603	-0.17964272	0.0075795525	0.09325	39.0	163076.65021395683
351	-11.265757	3.787877	-4.7258434	-19.258295	177.73334	-3.1823692	1.9719976	0.9322477	-7.9525948	1408000	1.8626451e-08	0.9641799	-0.009060901	-0.7674642	-0.18264909	0.00555189	0.07525	39.0	163497.04707360268
352	-17.535955	16.19652	-8.140138	-74.842	259.2143	-3.998229	1.7501259	0.26007098	-8.451802	1412000	1.4901161e-08	2.0431228	0.0016700588	-1.7738014	-0.18496889	0.019295976	0.23924999	18.0	164368.87069368362
353	-13.759549	3.105137	-8.176001	-19.256598	211.41667	-4.575493	1.9559102	-0.54715705	-8.149328	1416000	0.0	0.8816358	-0.0060474686	-0.7624768	-0.18660398	0.008503256	0.071	39.0	165026.53725075722
354	-11.213585	6.580091	-3.2373817	-27.816635	183.78947	-3.4056392	2.406155	1.4561875	-8.348857	1420000	-1.8626451e-09	1.9158316	-0.006528659	-1.6081446	-0.19433579	0.0080457125	0.09675	39.0	165331.64626646042
355	-15.790268	5.2345734	-9.240001	-26.031225	243.08333	-4.0796623	2.1436813	1.3086532	-8.438493	1424000	4.4703484e-08	1.0930276	-0.008024586	-0.9162792	-0.1995971	0.009200208	0.09975	39.0	165928.330422163
356	-14.190805	6.019759	-4.72364	-29.519293	227.5625	-3.8660927	1.9129972	0.4926389	-7.9321475	1428000	-1.8626451e-08	0.7618805	-0.009489663	-0.6296897	-0.21404557	0.0103715975	0.120749995	39.0	166241.41775655746
357	-12.631044	4.817213	-5.108942	-22.013958	204.77777	-2.9840784	2.2719772	1.45299	-8.690778	1432000	2.9802322e-08	0.9932324	-0.008211818	-0.88709825	-0.22524853	0.007353318	0.0815	39.0	166571.39317297935
358	-13.806754	5.1088963	-7.835867	-26.069098	220.11765	-3.6903868	2.001945	0.1431068	-7.646274	1436000	3.7252903e-08	0.38337362	-0.008652128	-0.28108245	-0.22507343	0.009591695	0.099999994	39.0	166859.02878928185
359	-18.535383	20.848547	-7.5338473	-88.123	267.23077	-4.0124536	2.1553378	0.5101253	-8.268192	1440000	0.0	4.149498	-0.006220028	-3.903633	-0.23776484	0.0025506702	0.051	39.0	167742.64615345
360	-12.1963415	4.9806767	-7.0781217	-25.746695	199.5	-2.9156063	1.9861426	0.93289334	-8.580473	1444000	-1.8626451e-09	0.8529522	-0.009988815	-0.7654728	-0.24868096	0.0031520207	0.096750006	39.0	168047.23110628128
361	-11.209269	4.8285294	-5.7400427	-24.231127	187.8	-3.3992574	2.0652993	0.9650472	-8.53695	1448000	7.450581e-09	0.5607152	-0.007523842	-0.42340028	-0.25940096	0.0052876896	0.092	39.0	168400.7749786377
362	-10.830778	4.4615436	-5.211429	-18.509962	179.63158	-3.457849	2.0232134	0.47180673	-8.147185	1452000	-2.2351742e-08	0.30125317	-0.008560274	-0.15095566	-0.26564565	0.00675817	0.088	39.0	168672.40773367882
363	-12.958426	4.2373796	-5.058911	-20.869394	202.11111	-3.8238485	1.9569814	0.4424047	-8.050665	1456000	1.1175871e-08	0.27773762	-0.007927015	-0.15824126	-0.2692759	0.010178863	0.103750005	39.0	168924.7893307209
364	-12.780645	4.744733	-4.4534783	-22.788183	205.17647	-3.6320348	2.0426643	0.12478839	-8.103746	1460000	-1.8626451e-08	0.44055998	-0.007286718	-0.34401333	-0.278555	0.0050313314	0.0945	39.0	169215.2865486145
365	-11.595029	4.889625	-5.3447533	-24.123589	190.36842	-3.3425624	2.0613945	0.46559173	-7.856898	1464000	7.450581e-09	0.6021681	-0.0074409717	-0.45068133	-0.28038397	0.0049544442	0.083000004	39.0	169536.71921634674
366	-15.4770355	7.2258964	-4.684845	-27.966085	243.28572	-3.9033787	1.9422768	-0.15453613	-7.62433	1468000	2.0489097e-08	0.41562325	-0.008852532	-0.2755521	-0.2834362	0.0045467475	0.070250005	39.0	169869.1095237732
367	-12.773736	5.1401777	-6.7198524	-28.501997	198.94444	-3.6793964	2.028558	0.46253183	-7.958941	1472000	2.9802322e-08	0.21689221	-0.0106382035	-0.12764437	-0.29215237	0.0109742265	0.11325	39.0	170166.43052268028
368	-14.458081	5.410768	-6.834468	-22.63333	226.33333	-3.8174682	2.0903556	0.3971488	-8.653936	1476000	5.2154064e-08	0.44583985	0.01551434	-0.3358543	-0.2904616	0.03428019	0.41225	6.0	170465.40028500557
369	-15.145259	3.6672955	-7.7171607	-23.353333	241.66667	-3.6629136	2.0152993	0.32182688	-7.7256026	1480000	-1.7695129e-08	0.24068661	-0.0026525753	-0.13166337	-0.2905417	0.016247941	0.15525001	3.0	170785.5212881565
370	-11.510262	5.042217	-6.0684967	-26.91042	188.61111	-3.3539326	1.945796	0.40375447	-7.9926147	1484000	-7.450581e-09	0.27490273	-0.010425561	-0.18971024	-0.29070687	0.00835799	0.090500005	39.0	171070.1404953003
371	-12.983806	5.4259644	-4.9272056	-23.945648	206.625	-3.5728676	1.9713976	-0.03219253	-7.556126	1488000	2.6077032e-08	0.27764753	-0.0072291885	-0.19202414	-0.29583237	0.0066273874	0.073249996	39.0	171351.048463583
372	-16.48749	7.6425037	-5.692424	-27.697453	265.53845	-3.240526	2.0987113	0.6516419	-7.5481534	1492000	-4.8428774e-08	1.8479317	-0.009093566	-1.4836959	-0.3003355	0.0037078955	0.076	39.0	171737.51820373535
373	-12.593205	5.7902856	-3.9249218	-25.654518	204.73334	-3.9249935	2.0426366	0.89925474	-7.952607	1496000	-2.2351742e-08	1.4224296	-0.0005211886	-1.2056785	-0.29887044	0.015936946	0.17225	2.0	172172.44823145866
374	-12.651976	7.2020283	-5.3844275	-36.772186	202.61111	-3.3751318	1.9677678	0.7622632	-7.8184214	1500000	-7.450581e-09	1.452504	-0.00767985	-1.3154072	-0.29884508	0.007520943	0.073249996	39.0	172666.66904115677
375	-16.798653	15.438493	-5.2831616	-70.415	256.42856	-3.435986	1.8305604	0.0109535605	-8.450189	1504000	-4.4703484e-08	4.120487	-0.005243089	-3.7005696	-0.3111388	0.0020863619	0.0745	39.0	173525.69491171837
376	-12.640548	4.756126	-5.9235425	-23.28968	199.89473	-3.381309	1.904788	0.4633186	-7.7292185	1508000	-2.9802322e-08	1.0939419	-0.008202605	-0.8685147	-0.31777018	0.006385063	0.1035	39.0	173886.1441295147
377	-17.22095	20.297316	-6.469044	-91.297	242.4	-4.6075892	2.2348099	-0.033860132	-8.034019	1512000	-2.9802322e-08	1.9113683	-0.0070460327	-1.6161532	-0.3167733	0.0064754747	0.0855	39.0	174773.2585325241
378	-12.734512	5.960837	-4.615145	-26.84307	211.06667	-3.3484468	2.0478253	0.32282096	-8.645748	1516000	-2.9802322e-08	0.87646127	-0.008169167	-0.6135714	-0.32079935	0.007847916	0.06424999	39.0	175110.20249056816
379	-11.383992	5.417713	-4.8328524	-24.947628	186.21053	-3.5545423	2.253692	0.3810138	-8.458699	1520000	2.2351742e-08	0.6965854	-0.00593343	-0.5832771	-0.32468233	0.005786078	0.08575	39.0	175404.26264500618
380	-19.035103	18.986385	-6.6721683	-83.188	271.0	-3.7934604	2.200382	0.8966857	-8.706793	1524000	-2.9802322e-08	5.5528426	0.0017018318	-5.307055	-0.32000846	0.015050707	0.16075	2.0	176294.1124727726
381	-10.888796	4.090878	-4.309379	-16.588772	182.38889	-3.0343912	2.0205164	1.0648429	-8.237173	1528000	3.7252903e-09	0.4898506	-0.0006141104	-0.39608023	-0.3198703	0.015452915	0.18575001	2.0	176533.43606972694
382	-13.385738	7.676674	-4.445284	-31.598345	215.6	-3.687682	1.960814	0.36068416	-7.616782	1532000	2.6077032e-08	0.38810256	-0.002764672	-0.23134847	-0.31972474	0.015943406	0.2025	5.0	176915.82429242134
383	-12.78014	4.584973	-4.6766224	-20.59878	200.375	-3.7940533	2.0024545	0.089141876	-8.653806	1536000	2.2351742e-08	0.42471546	-0.006533202	-0.31413722	-0.31938496	0.0034868165	0.07075	39.0	177366.6630551815
384	-11.029612	4.576315	-4.005081	-19.150177	182.45	-3.0876174	2.0041275	1.3835989	-7.5112715	1540000	2.6077032e-08	0.244329	0.007998602	-0.13349523	-0.3227912	0.022037506	0.308	6.0	177646.51597332954
385	-10.740347	4.4845047	-4.360231	-24.362219	180.125	-3.649517	2.144744	0.8077627	-8.183677	1544000	0.0	0.617936	-0.009042196	-0.44958648	-0.323585	0.0071244305	0.08675	39.0	178297.5690255165
386	-15.550195	16.24348	-5.4627433	-74.703	234.13333	-3.774671	1.7704225	-0.3303525	-7.907873	1548000	-5.9604645e-08	2.4884822	-0.0061727315	-2.2560833	-0.32216322	0.005622823	0.0695	39.0	179168.325422287
387	-16.157597	17.00826	-4.873996	-74.501	253.21428	-4.4666066	2.6836777	1.1333404	-9.460872	1552000	-7.450581e-09	0.6354972	-0.0038744397	-0.52577955	-0.32225454	0.015418884	0.18975	3.0	180029.1668188572
388	-14.000751	5.920759	-5.360878	-28.450256	217.35294	-4.094631	2.0148323	-0.1884742	-8.094768	1556000	-5.2154064e-08	1.1467183	-0.008202471	-0.7495872	-0.32239747	0.009118387	0.12325	39.0	180443.6371166706
389	-14.122745	3.1106017	-7.266935	-18.440739	219.45454	-3.4742086	1.976078	0.791782	-7.797231	1560000	7.450581e-09	1.4905628	-0.005850449	-1.1861099	-0.3202204	0.0046576	0.05725	39.0	181147.7630200386
390	-12.71188	4.669487	-4.4565606	-23.365927	207.44444	-3.2747538	2.034311	0.7167279	-7.6734734	1564000	0.0	0.3149963	-0.009606553	-0.19252828	-0.32060143	0.0058313617	0.100999996	39.0	181514.00695323944
391	-12.260171	4.6947083	-6.2167892	-21.605711	200.28572	-3.7270987	1.9417949	0.33127874	-7.679945	1568000	2.9802322e-08	2.2766025	-0.008708818	-2.008707	-0.3289465	0.006396332	0.09325001	39.0	182261.4291448593
392	-11.361611	5.6399755	-4.2836304	-24.334677	186.47368	-3.2768326	1.894206	0.19536814	-8.253424	1572000	-1.8626451e-08	0.41998792	-0.009006076	-0.31822532	-0.33690083	0.010299731	0.0955	39.0	182568.10341763496
393	-14.282564	6.0165005	-4.1054354	-26.10061	228.5	-4.223301	1.918359	0.21531758	-7.851281	1576000	1.4901161e-08	1.55339	-0.0050592385	-1.2225872	-0.34201393	0.007986089	0.0775	39.0	182949.3283073902
394	-15.229335	5.25708	-5.7204475	-24.74349	240.0	-3.6717167	1.9253134	0.43513626	-7.559069	1580000	1.6763806e-08	0.3270346	-0.008003436	-0.1393081	-0.3465963	0.005698925	0.07825	39.0	183266.57591819763
395	-11.841833	4.254362	-3.4630997	-20.693825	197.05556	-3.2465937	2.0174491	0.6306219	-7.933556	1584000	0.0	0.33022532	0.0023483569	-0.20091417	-0.34664157	0.016410667	0.2145	2.0	183581.27618145943
396	-12.660195	4.763403	-4.906425	-19.623816	197.1875	-3.3795524	1.8536843	0.3517695	-7.4799914	1588000	4.4703484e-08	0.37984312	-0.008769099	-0.22623849	-0.34664384	0.0063186754	0.10375	39.0	184090.13208293915
397	-19.341795	20.277937	-8.78141	-85.725	270.91666	-4.953174	2.4880707	0.20822784	-9.304725	1592000	-2.9802322e-08	0.50543547	0.0053869653	-0.39694053	-0.35558394	0.01779287	0.26175	20.0	184983.94137597084
398	-12.397339	3.6891098	-5.384166	-17.925337	198.6	-4.0449667	2.2353804	0.1459453	-8.932525	1596000	-2.9802322e-08	0.31240472	-0.007767572	-0.22542073	-0.35555533	0.0073182927	0.106000006	39.0	185613.17040395737
399	-13.219213	5.9198728	-3.840895	-26.056225	207.25	-3.5560634	1.9529878	0.36174375	-7.8853507	1600000	-1.7695129e-08	0.2870683	-0.009055939	-0.19876117	-0.35807452	0.0069976514	0.0735	39.0	185893.55326271057
400	-15.0585985	19.034594	-3.989516	-87.696	221.8125	-4.2781506	2.7332106	0.014426142	-10.025042	1604000	2.2351742e-08	0.46260852	-0.008288618	-0.36983132	-0.36078528	0.0062258355	0.077	39.0	186794.78318023682
401	-12.8935375	3.943986	-6.1393514	-22.28862	208.16667	-3.1282218	2.073137	0.9999802	-7.9837356	1608000	3.7252903e-09	0.5883523	-0.0074394513	-0.47000873	-0.35991162	0.006157414	0.06825	39.0	187126.99099731445
402	-13.756204	5.5285797	-6.20537	-25.020222	222.64285	-3.2201855	1.9002975	1.0736816	-7.023193	1612000	3.7252903e-09	0.90186846	-0.009056693	-0.69088876	-0.35852394	0.0063032517	0.09900001	39.0	187586.11898469925
403	-11.312251	2.233365	-7.4622135	-15.970865	187.21053	-3.4241483	1.6705583	0.1825804	-7.0607533	1616000	2.9802322e-08	0.40426657	-0.009188179	-0.29471654	-0.35664973	0.009939421	0.1225	39.0	187849.70059895515
404	-13.044069	5.1889486	-5.359117	-25.275997	209.46666	-3.5164576	1.9266452	0.32620138	-8.25242	1620000	-2.9802322e-08	0.89307404	-0.0074603437	-0.6504797	-0.3597458	0.0073749134	0.09125	39.0	188282.65118193626
405	-11.68737	5.7608767	-5.6719537	-27.478897	185.75	-3.5956929	1.9211999	0.0005734712	-7.2590733	1624000	5.2154064e-08	2.130078	-0.0060203634	-1.8517588	-0.36484754	0.0055475775	0.08475	39.0	188992.59435105324
406	-11.998343	3.2823026	-6.891754	-18.344757	189.88889	-3.038227	2.0302014	1.2634336	-8.396979	1628000	-1.1175871e-08	0.75112945	-0.008386914	-0.6881435	-0.3742744	0.0067673433	0.06925	39.0	189176.79890680313
407	-15.7750435	7.1279235	-4.9265466	-34.308975	250.92308	-3.0604496	1.9597532	0.48371255	-7.8812375	1632000	-3.7252903e-08	1.5147274	-0.00939848	-1.1244093	-0.36972573	0.005467057	0.086500004	39.0	189706.14756512642
408	-13.851207	5.2042694	-6.79746	-26.859709	225.0	-4.0505795	2.21207	1.2577852	-8.237586	1636000	-7.450581e-09	0.9893788	-0.010712148	-0.80034375	-0.37301305	0.0072617186	0.10525	39.0	190300.64975214005
409	-11.952292	4.886848	-4.4099574	-19.48775	193.27777	-3.6564426	2.011535	0.9161337	-7.9682045	1640000	-1.4901161e-08	0.5546434	-0.0099460855	-0.46117234	-0.38480225	0.010849096	0.09175	39.0	190562.59198784828
410	-14.609229	5.1911	-4.563815	-25.036507	221.42857	-3.9158144	2.1207802	0.08834797	-8.819537	1644000	-3.7252903e-09	0.23964795	-0.008194622	-0.17265555	-0.38761914	0.008612806	0.07575	39.0	190853.55531954765
411	-13.653812	5.4559693	-4.8289137	-24.428028	212.41176	-3.4711747	2.1175485	1.0584695	-7.7706656	1648000	-1.6763806e-08	0.65606445	-0.008895913	-0.5178849	-0.393403	0.0017279787	0.089	39.0	191171.568710804
412	-12.451308	5.5486884	-3.2960582	-24.29078	198.46153	-3.9074647	2.0994537	0.75597036	-7.8859124	1652000	-2.2351742e-08	1.9093423	-0.007866316	-1.6792661	-0.3963476	0.0023010417	0.08125	39.0	191672.4880542755
413	-11.119162	3.3621063	-5.4862666	-17.339949	180.36842	-3.623805	1.6639076	-0.13474834	-7.4620633	1656000	3.1664968e-08	0.51048315	-0.006581135	-0.43251753	-0.40110877	0.014127839	0.17225	39.0	191879.45078754425
414	-11.756175	4.2118363	-5.1612744	-20.966976	187.82353	-3.7343051	2.2517788	0.3502884	-8.416148	1660000	-2.6077032e-08	0.98211956	-0.007108829	-0.8801068	-0.40876362	0.008685551	0.105000004	39.0	192151.13784098625
415	-10.881113	5.029063	-3.692193	-20.474087	178.25	-3.2677763	1.9550025	1.1206862	-7.6957345	1664000	-5.9604645e-08	1.8191922	-0.0066698194	-1.4840105	-0.41914177	0.0030068741	0.0745	39.0	192590.2434232235
416	-10.866501	4.6281624	-4.5446687	-22.440262	183.27777	-3.3263094	1.7628374	-0.032362863	-7.4932613	1668000	1.8626451e-09	0.279888	-0.0056770416	-0.120558575	-0.41744602	0.008779928	0.11399999	39.0	192942.8763203621
417	-15.845067	10.02823	-5.303711	-41.82185	241.0	-3.9262393	1.8718456	-0.017388493	-7.704024	1672000	-1.4901161e-08	2.6069078	-0.0054791104	-1.8713646	-0.42170247	0.0048627434	0.08425	39.0	193427.32787179947
418	-18.315905	21.683128	-3.701092	-94.485	250.92857	-4.4117203	2.396035	0.56732017	-8.262864	1676000	1.4901161e-08	2.4475799	-0.005580522	-2.2362227	-0.42826757	0.004662211	0.0685	39.0	194312.95400881767
419	-10.885411	4.948378	-4.5093956	-19.70526	186.72223	-3.2829	1.9776571	0.90230334	-7.7858124	1680000	7.450581e-09	0.60500956	-0.008534642	-0.43307388	-0.43597254	0.007855221	0.10975	39.0	194787.6239566803
420	-12.326821	5.355705	-5.515092	-21.618622	199.94118	-3.576625	2.1506658	0.38660383	-8.091044	1684000	-7.450581e-09	0.38190442	0.0027785636	-0.2709068	-0.43881255	0.01685212	0.25075	2.0	195117.6309275627
421	-14.963098	4.6733813	-8.086867	-24.389269	235.57143	-3.3423555	1.8710247	0.75961286	-7.839908	1688000	3.5390258e-08	0.70867133	-0.0007192353	-0.60436857	-0.43890792	0.015673762	0.20075001	4.0	195394.9555966854
422	-12.622831	5.5501266	-3.673901	-21.670935	191.61539	-4.7584777	2.4442506	-0.12972589	-10.135905	1692000	-4.4703484e-08	1.030156	-0.0082429685	-0.7824137	-0.43918216	0.0064597577	0.096499994	39.0	196235.9889881611
423	-14.402727	5.903331	-5.393672	-25.733538	229.8125	-3.5742455	2.1168509	0.2656879	-8.416749	1696000	2.9802322e-08	0.46792847	-0.009134365	-0.341293	-0.44305822	0.008184584	0.11475	39.0	196575.05373573303
424	-16.370934	7.0399213	-5.593865	-33.742393	266.84616	-3.5316045	2.0659828	0.46095586	-7.587702	1700000	3.7252903e-09	0.9370753	-0.009719871	-0.7224946	-0.44703025	0.010269461	0.16075	39.0	197042.38633823395
425	-18.907251	13.379645	-7.7500963	-59.24	304.58334	-3.4110682	1.9433061	0.29521495	-7.762644	1704000	2.9802322e-08	2.9015563	-0.004682757	-2.4741201	-0.45486227	0.006868135	0.07525	39.0	197920.78584194183
426	-11.141457	4.879997	-5.384159	-22.904839	178.25	-3.446422	1.815997	1.0870054	-9.051751	1708000	0.0	0.4711604	-0.007835299	-0.3575328	-0.45551693	0.0073615173	0.0815	39.0	198227.2428841591
427	-13.109568	7.046282	-4.1038	-32.63843	210.6923	-4.4125967	2.622857	0.68811965	-10.331907	1712000	5.9604645e-08	1.5328568	-0.007927999	-1.1706536	-0.45647883	0.0008560802	0.0565	39.0	199041.74812674522
428	-13.655828	3.8572743	-6.8358703	-19.71997	208.0	-3.839621	1.9626212	0.34541017	-8.554224	1716000	-3.7252903e-09	0.78017366	-0.0066777933	-0.6643878	-0.4676664	0.007937087	0.07625	39.0	199306.978212595
429	-10.364409	4.786203	-3.28088	-18.100264	169.16667	-3.361834	2.0631535	1.1078587	-8.816913	1720000	2.2351742e-08	0.9174507	-0.0085552465	-0.69378173	-0.473377	0.00937133	0.1075	39.0	199906.9178967476
430	-19.039618	21.349237	-7.464705	-94.3	267.2857	-4.1389275	2.7066505	1.23714	-10.253563	1724000	2.9802322e-08	2.8673666	-0.0029127225	-2.7161283	-0.4769724	0.01896919	0.25774997	12.0	200821.75860738754
431	-12.717913	4.6156607	-4.8314133	-20.0966	204.5	-3.7793906	1.8626169	0.042702556	-7.590214	1728000	-3.7252903e-08	1.3230983	-0.0069399313	-0.9767039	-0.47859314	0.008704424	0.08225	39.0	201495.5946290493
432	-11.213142	3.9111242	-3.2340012	-17.042364	179.95	-3.663431	1.9089907	-0.13831629	-8.004766	1732000	-4.284084e-08	0.4093865	-0.01038509	-0.30093575	-0.48773465	0.010703681	0.10975	39.0	201740.4067864418
433	-11.408833	4.1240535	-4.5478415	-18.444393	180.4	-3.3576655	1.9118451	0.72886086	-7.914229	1736000	-1.1175871e-08	0.33293483	-0.0030887644	-0.2746815	-0.49695772	0.015178653	0.19	8.0	201978.70960736275
434	-12.18694	3.8309605	-5.687414	-17.050217	195.70589	-3.1998687	2.181838	1.6551517	-9.311391	1740000	7.450581e-09	0.70871174	-0.006901186	-0.5406971	-0.497958	0.0044578756	0.0705	39.0	202458.0592136383
435	-12.138195	3.6677341	-7.104241	-19.632483	190.5	-3.8523946	1.8485285	0.83436733	-7.845033	1744000	2.6077032e-08	0.43326634	-0.006890742	-0.34149256	-0.4996092	0.0070083863	0.07225	39.0	202717.1337070465
436	-11.727252	5.0969505	-6.0376253	-23.224901	191.42105	-3.2823555	2.1652856	1.1511514	-7.6503353	1748000	1.4901161e-08	0.43463966	-0.006918023	-0.30247855	-0.5045887	0.0019993805	0.05775	39.0	203058.12743115425
437	-16.028786	5.161045	-6.5988774	-26.461397	256.92307	-3.6735663	2.0079358	1.0837587	-8.186801	1752000	-3.7252903e-09	0.6409436	0.0037560537	-0.33685064	-0.51010716	0.025413912	0.251	6.0	203473.04521870613
438	-13.390488	6.6470513	-6.569973	-32.37977	219.85715	-3.3782938	2.013116	0.6720206	-9.285696	1756000	-1.8626451e-08	0.69882023	0.007876623	-0.38838196	-0.51059955	0.015360735	0.18725	3.0	203899.3540377617
439	-13.223874	4.6693077	-7.4251513	-22.688215	210.875	-3.3868754	1.8606788	-0.12363903	-8.041669	1760000	5.9604645e-08	0.31789085	-0.00946613	-0.18367258	-0.51080686	0.00267903	0.08375	39.0	204275.39579319954
440	-12.704131	5.8753366	-6.2497945	-29.368305	207.05882	-3.6377518	1.7834631	0.71967936	-8.064839	1764000	-1.44355e-08	0.39118573	-0.00419648	-0.2037951	-0.5133323	0.015098692	0.15275	5.0	204679.44248723984
441	-13.823855	12.911419	-3.6377783	-54.558	239.08333	-2.9098096	2.4751072	3.3199718	-8.139083	1768000	-4.4703484e-08	6.039454	0.008730046	-5.2235293	-0.513387	0.016669886	0.30125	6.0	205522.90944242477
442	-12.898796	4.159994	-4.693861	-22.479588	206.76471	-3.534626	1.6976835	0.124267116	-7.2806892	1772000	4.8428774e-08	0.99920785	7.455796e-05	-0.7799065	-0.5132598	0.019222695	0.28775	4.0	205814.55667066574
443	-10.49396	3.7094998	-4.849193	-18.108835	176.73685	-3.2026663	1.8652782	0.49426726	-8.713624	1776000	-2.9802322e-08	0.5220132	0.002396021	-0.34369317	-0.5130284	0.01565826	0.17925	2.0	206174.7174229622
444	-15.192351	5.8170943	-6.514133	-24.691721	241.36363	-3.9870043	1.9292119	-0.17059416	-8.295863	1780000	-7.450581e-09	2.4972267	0.0054194164	-2.206603	-0.51299113	0.019366136	0.241	6.0	206801.05505609512
445	-11.250498	5.2599177	-3.3144495	-19.838947	182.6875	-4.375972	2.4264448	0.67629004	-9.45378	1784000	1.4901161e-08	1.5421593	-0.006858133	-1.006493	-0.513714	0.00782778	0.13075	39.0	207478.59319067
446	-14.729131	5.180013	-7.2401567	-25.673347	228.78572	-3.7824957	2.0147133	0.1298392	-8.2966795	1788000	0.0	0.6580845	0.0020086952	-0.4775407	-0.5200351	0.019753706	0.3	2.0	207854.6300113201
447	-11.674998	5.1608853	-5.269522	-24.970472	181.77777	-3.8563268	2.0140958	-0.12407735	-8.573595	1792000	-4.4703484e-08	0.72280794	-0.010376945	-0.55841386	-0.5201836	0.008583761	0.094500005	39.0	208362.9378004074
448	-16.51426	6.9736457	-6.494775	-28.407173	250.7	-4.5562725	2.2994702	-0.13177967	-8.604793	1796000	-1.1175871e-08	2.5693562	-0.007415207	-1.6707567	-0.5287101	0.009199346	0.110750005	39.0	208949.01227211952
449	-11.516371	3.8595417	-4.7822566	-19.00528	186.05556	-3.754182	1.7670579	0.15447536	-8.443877	1800000	2.4214387e-08	0.7703116	-0.0072413255	-0.61560607	-0.5383614	0.00684946	0.08275001	39.0	209279.239477396
450	-12.116932	9.412846	-3.1773255	-45.759304	202.88889	-3.2417061	2.289302	0.716164	-8.015872	1804000	-5.5879354e-09	3.2899761	-0.005505599	-2.858695	-0.54701537	0.0041173957	0.055	39.0	209928.26333785057
451	-11.615553	4.5366597	-5.3569617	-19.679024	186.52942	-3.4689136	1.8787044	0.23932642	-7.757124	1808000	-1.4901161e-08	0.5617572	-0.011100503	-0.45629668	-0.5523617	0.009877617	0.10375	39.0	210365.49635767937
452	-11.747046	3.6936517	-5.2752476	-18.516975	190.33333	-3.3432767	1.8857704	0.38971558	-7.764312	1812000	-3.7252903e-08	0.67781055	-0.0046160184	-0.49447292	-0.55799127	0.0035723115	0.044749998	39.0	210644.5623435974
453	-12.633278	4.593199	-6.093376	-21.35684	201.25	-3.889893	1.9693855	-0.13654745	-8.552158	1816000	-1.8626451e-08	0.43325597	-0.00826639	-0.33883992	-0.56447554	0.00754654	0.0875	39.0	210919.75763440132
454	-11.113908	3.7228398	-4.39922	-20.16422	185.06667	-3.1457236	1.773936	0.39018208	-8.078945	1820000	-4.4703484e-08	1.0066606	-0.005720214	-0.8109393	-0.565886	0.00090461725	0.068	39.0	211646.73568415642
455	-12.521236	4.1883554	-6.0352006	-21.907072	207.41176	-3.5624187	1.9377545	0.21890453	-8.264482	1824000	3.1664968e-08	0.4119457	-0.011321288	-0.25960356	-0.5709151	0.010437019	0.1135	39.0	211981.77602815628
456	-12.947719	3.8454473	-7.452247	-19.330713	200.92308	-3.1100044	1.8336697	0.42853916	-7.60966	1828000	1.4901161e-08	1.1279061	0.0029494725	-0.92013097	-0.5854036	0.015764235	0.1865	3.0	212684.34637713432
457	-11.073445	4.3746657	-4.505168	-21.113302	175.77272	-3.724292	1.581017	-0.54929096	-7.6074715	1832000	2.6077032e-08	0.638237	0.007197815	-0.51210004	-0.5861267	0.01807411	0.19875	3.0	212946.23138523102
458	-13.869012	5.4402156	-6.7716584	-26.27341	219.85715	-3.5378222	2.1828094	0.2821613	-7.8810973	1836000	2.9802322e-08	2.0437448	0.0008192002	-1.7630768	-0.58691055	0.019630812	0.22325	2.0	213401.7138721943
459	-18.26915	17.435507	-6.978125	-69.042	282.7	-3.3964367	1.8870798	0.41363645	-8.393017	1840000	0.0	7.990477	-0.0046058446	-7.271528	-0.5874811	0.002557829	0.0525	39.0	214283.31899547577
460	-19.043211	23.890808	-5.8385344	-92.286	267.0	-5.158778	2.5120754	0.30296123	-8.56988	1844000	-2.9802322e-08	2.2200544	0.0025566332	-1.9634585	-0.59207225	0.015640989	0.18375	17.0	215193.28385353088
461	-11.868788	3.6617339	-5.0284843	-18.832987	189.72223	-4.050949	2.0249999	0.12215611	-9.405277	1848000	4.0978193e-08	1.0409381	-0.005834818	-0.8749983	-0.5923155	0.016590253	0.15175	10.0	215416.93899822235
462	-12.263068	4.409682	-5.0915546	-20.073341	193.05556	-3.5376651	1.9259726	0.2753554	-7.551127	1852000	-3.7252903e-09	0.37488967	0.00338521	-0.22211352	-0.5932419	0.01976006	0.26700002	2.0	215668.72650170326
463	-12.028816	5.4883156	-4.440694	-23.217752	191.11111	-3.8301353	2.1213238	0.1008282	-7.842545	1856000	0.0	1.1553444	-0.0068295905	-0.89227754	-0.59343874	0.007912235	0.088750005	39.0	215977.9533073902
464	-14.673572	17.846655	-4.1264467	-78.414	229.46666	-3.1750846	1.7854267	1.0174333	-7.7805614	1860000	2.9802322e-08	5.9740715	-0.004472308	-5.5483465	-0.5959945	0.0032139705	0.058000002	39.0	216851.87835383415
465	-11.876162	5.7566757	-5.3460183	-25.880512	192.21428	-4.024471	2.357339	-0.01982063	-9.156712	1864000	4.4703484e-08	0.5846753	-0.009074855	-0.47570136	-0.59275293	0.0077763163	0.088750005	39.0	217587.67768239975
466	-13.2602	4.060269	-6.0361648	-22.667738	207.1875	-3.6444786	1.9225955	-0.27603972	-8.115342	1868000	1.1175871e-08	0.5456478	-0.006979243	-0.37049592	-0.6041944	0.0077712317	0.096250005	39.0	217915.65804886818
467	-11.994695	4.502219	-6.364785	-22.543594	188.92857	-4.1815677	1.941252	-0.082745776	-8.161982	1872000	-5.2154064e-08	0.58139443	0.0069284625	-0.3890803	-0.6167452	0.020931955	0.28675002	6.0	218557.5819220543
468	-16.406956	19.654737	-5.8683677	-85.981	235.64285	-4.2877536	2.5174112	0.4923141	-9.1165285	1876000	-7.450581e-09	1.1694398	0.00493633	-1.0421307	-0.61780536	0.016812291	0.22925	1.0	219498.04138565063
469	-13.873953	6.136147	-4.7443457	-30.21255	215.8125	-3.7340744	1.9083848	0.013022333	-7.6118164	1880000	2.2351742e-08	0.51407635	0.0061161052	-0.3476768	-0.61788213	0.016566288	0.169	1.0	219833.85190701485
470	-12.942944	6.1221004	-4.543218	-30.658323	207.83333	-3.5678594	2.0142574	0.025808752	-8.332616	1884000	-3.7252903e-08	0.5689367	0.011548517	-0.40126675	-0.6179804	0.01545191	0.235	1.0	220234.30091404915
471	-14.507647	5.1095424	-4.599962	-25.477795	220.6923	-3.8424513	1.9880041	0.16675742	-8.367671	1888000	1.4901161e-08	3.0342689	0.008674521	-2.7572682	-0.61806345	0.028804973	0.263	1.0	220970.2731230259
472	-15.602404	13.30525	-6.6908665	-61.656	247.64285	-3.6397805	2.0234482	0.30030364	-7.568095	1892000	-4.4703484e-08	3.040604	0.021318458	-2.7962677	-0.6181286	0.027512299	0.28575	1.0	221869.3216290474
473	-11.753635	4.8937016	-4.6116533	-25.155855	192.94444	-3.5295913	1.7943127	-0.004843235	-7.699745	1896000	-2.9802322e-08	0.65421027	0.007334081	-0.47078776	-0.6181936	0.023328424	0.218	1.0	222208.9749546051
474	-11.642057	3.7785263	-5.5093513	-19.978106	188.35294	-3.7349675	1.770008	-0.25854975	-8.055252	1900000	-5.2154064e-08	0.40754476	0.01678941	-0.3000954	-0.6182415	0.028186167	0.28375	1.0	222518.88728666306
475	-12.456022	4.702153	-6.110404	-23.77862	195.72223	-3.640503	2.0806053	0.33163238	-8.272844	1904000	-2.2351742e-08	0.5336459	0.013501564	-0.36008358	-0.6182496	0.025275212	0.2715	1.0	222863.23465013504
476	-14.2553425	4.262193	-6.309714	-23.110693	225.93333	-3.5372438	2.0795004	1.35037	-7.8861127	1908000	-1.1175871e-08	0.4698165	0.01031455	-0.37207672	-0.618248	0.020242171	0.21075	1.0	223231.33861756325
477	-14.541198	6.8452435	-6.7569623	-33.395668	227.57143	-3.6804245	1.9335957	0.23845221	-7.3541317	1912000	1.4901161e-08	0.7110188	0.0036396272	-0.5691058	-0.6182595	0.01728412	0.28575	2.0	223678.17626190186
