Epoch	AverageEpRet	StdEpRet	MaxEpRet	MinEpRet	EpLen	AverageVVals	StdVVals	MaxVVals	MinVVals	TotalEnvInteracts	LossPi	LossV	DeltaLossPi	DeltaLossV	Entropy	KL	ClipFrac	StopIter	Time
0	-1269.61	0.0	-1269.61	-1269.61	1000.0	-0.4929189	0.0017332428	-0.48909235	-0.5018587	1000	3.6334993e-07	14298.018	-0.004006098	-1958.1133	0.918938	0.004311199	0.051	79.0	21.45029306411743
1	-516.92	0.0	-516.92	-516.92	1000.0	-8.345118	0.031992175	-8.315627	-9.2862625	2000	-5.5789947e-08	1528.9553	-0.0066720527	-236.90637	0.9119312	0.0076435483	0.048	79.0	692.3544058799744
2	-1530.09	0.0	-1530.09	-1530.09	1000.0	-11.850049	0.00038441998	-11.849521	-11.8575535	3000	2.0599366e-07	18523.652	-0.0055000237	-1797.7598	0.925554	0.0036648232	0.051	79.0	710.6227359771729
3	-1128.34	0.0	-1128.34	-1128.34	1000.0	-18.898758	2.1055781e-05	-18.898712	-18.898855	4000	4.467964e-07	7878.1006	-0.005459798	-814.4038	0.93226886	0.0018231678	0.036	79.0	731.8958327770233
4	-191.67	0.0	-191.67	-191.67	258.0	-23.78002	0.0029007497	-23.775091	-23.781734	5000	-1.4305115e-09	6172.153	-0.015273725	-541.8164	0.9309408	-0.0006380508	0.077	79.0	817.0262227058411
5	-203.3	0.0	-203.3	-203.3	302.0	-27.795696	0.0022797417	-27.792217	-27.79848	6000	6.365776e-08	6545.1475	-0.002940683	-535.57227	0.89708656	0.015701752	0.2	6.0	902.9069578647614
6	-984.52	0.0	-984.52	-984.52	1000.0	-31.803255	0.0014223682	-31.802755	-31.847761	7000	3.528595e-07	3745.4595	-0.00033918524	-433.8418	0.896108	0.015948875	0.2	3.0	927.1142182350159
7	-145.14	0.0	-145.14	-145.14	248.0	-35.586197	0.0011067655	-35.5797	-35.586834	8000	-5.1379203e-08	5007.58	-0.01087661	-426.78955	0.8958613	0.0041830987	0.04	79.0	1019.6342196464539
8	-1480.98	0.0	-1480.98	-1480.98	1000.0	-39.37299	4.7030744e-06	-39.372974	-39.373013	9000	7.05719e-08	10513.603	-0.00025960826	-1175.7891	0.88492644	0.023935385	0.322	2.0	1037.6241936683655
9	-257.2	0.0	-257.2	-257.2	327.0	-45.494476	0.00022215665	-45.494156	-45.496223	10000	-1.37090685e-08	4313.2383	-0.004791702	-380.0381	0.88461655	0.008579365	0.059	79.0	1136.9836194515228
10	-1549.25	0.0	-1549.25	-1549.25	1000.0	-49.218605	0.00021464624	-49.21849	-49.225243	11000	-3.6907196e-07	10075.366	-0.006316015	-1123.833	0.88118887	0.004881754	0.046	79.0	1154.9746520519257
11	-228.03	0.0	-228.03	-228.03	314.0	-55.20972	0.00090046873	-55.208714	-55.21106	12000	6.306171e-08	2892.5515	-0.011720574	-218.16455	0.89821625	0.0052893637	0.118	79.0	1256.1886036396027
12	-1211.72	0.0	-1211.72	-1211.72	1000.0	-58.142033	7.1833696e-05	-58.139763	-58.142036	13000	6.151199e-08	3739.141	-0.0076518958	-436.7119	0.8823011	0.0059327576	0.059	79.0	1279.5148282051086
13	-1056.79	0.0	-1056.79	-1056.79	1000.0	-61.992725	6.693212e-05	-61.9927	-61.994797	14000	6.985665e-08	1844.9304	-0.004675693	-237.41077	0.8844932	0.0010415437	0.014	79.0	1376.6814169883728
14	-299.06	130.94	-168.12	-430.0	375.5	-65.004456	0.0007499436	-65.00316	-65.00499	15000	-2.1792948e-08	728.6294	-0.0031100106	-2.1220093	0.88602155	0.01863946	0.229	4.0	1749.3621792793274
15	-1398.4	0.0	-1398.4	-1398.4	1000.0	-65.47228	1.2202262e-05	-65.47227	-65.47255	16000	-4.0721892e-07	4914.535	-0.0022129684	-602.4883	0.88585943	0.019131187	0.326	2.0	1767.3412387371063
16	-1110.04	0.0	-1110.04	-1110.04	1000.0	-70.09657	5.8163812e-05	-70.09475	-70.09658	17000	2.0217895e-07	1391.1858	-0.0019794672	-208.68518	0.8856927	0.015301401	0.177	4.0	1785.2289917469025
17	-916.08	0.0	-916.08	-916.08	1000.0	-73.13023	1.4567949e-05	-73.1302	-73.130226	18000	-2.4700165e-07	292.65994	0.00022092962	-47.480453	0.88530135	0.028670274	0.376	2.0	1802.9407527446747
18	-409.37	0.0	-409.37	-409.37	436.0	-74.62696	0.00013857194	-74.626785	-74.62722	19000	-7.56979e-09	460.93967	-0.0018401858	-4.9207153	0.8849997	0.015648084	0.145	2.0	2035.1265406608582
19	-440.81	0.0	-440.81	-440.81	559.0	-74.24963	0.00028589347	-74.24931	-74.249954	20000	9.544194e-09	490.24338	-0.00061658386	-2.5551758	0.88479006	0.017251816	0.193	2.0	2275.8052320480347
20	-691.22	0.0	-691.22	-691.22	1000.0	-73.888016	4.7528127e-05	-73.888	-73.889496	21000	4.4584276e-08	34.186153	-0.0064831185	-3.281128	0.88465565	0.0009409916	0.068	79.0	2837.5045216083527
21	-1040.34	0.0	-1040.34	-1040.34	1000.0	-73.489555	9.695636e-06	-73.489555	-73.489815	22000	1.9741059e-07	765.9919	-0.00403505	-117.70831	0.87560093	0.022993075	0.277	3.0	2855.2974371910095
22	-731.24	0.0	-731.24	-731.24	1000.0	-75.794205	1.4086515e-05	-75.79385	-75.79422	23000	-1.4841556e-08	59.503956	-0.008063983	-0.5586891	0.87544954	0.00490078	0.062	79.0	2882.0541892051697
23	-911.25	0.0	-911.25	-911.25	1000.0	-75.71659	2.952684e-05	-75.71567	-75.716606	24000	4.339218e-08	208.23538	-0.0074806428	-30.502518	0.88507164	0.0052908175	0.08	79.0	2909.008163690567
24	-870.08	0.0	-870.08	-870.08	1000.0	-76.932205	9.817937e-06	-76.93219	-76.93239	25000	3.9160252e-08	234.59406	-0.0054610632	-8.640411	0.87907624	4.9296974e-05	0.049	79.0	2950.1137199401855
25	-876.36	0.0	-876.36	-876.36	1000.0	-77.68504	1.9237576e-05	-77.68457	-77.68504	26000	1.05679035e-07	110.429474	-0.0017945906	-13.311562	0.87616676	0.015359443	0.193	4.0	3381.1755719184875
26	-948.63	0.0	-948.63	-948.63	1000.0	-78.57594	1.8332787e-05	-78.57596	-78.57615	27000	-1.2159347e-07	217.1519	-0.007938209	-42.029404	0.8755566	0.007850616	0.07	79.0	3406.0659844875336
27	-875.68	0.0	-875.68	-875.68	1000.0	-80.17599	4.7616835e-05	-80.17597	-80.17744	28000	1.6361476e-08	167.6188	-0.0070236996	-4.4931183	0.86451507	0.00502617	0.055	79.0	3428.0050666332245
28	-663.53	0.0	-663.53	-663.53	1000.0	-80.78944	1.9088739e-05	-80.789444	-80.78953	29000	-7.390976e-09	333.8722	-0.002442546	-47.78186	0.8711615	0.017312521	0.243	3.0	3448.760124206543
29	-562.71	0.0	-562.71	-562.71	1000.0	-79.086174	1.462975e-05	-79.08616	-79.08626	30000	1.07288365e-08	682.4017	-0.004519598	-128.94806	0.8711928	0.0056608105	0.038	79.0	3939.1227943897247
30	-185.82	0.0	-185.82	-185.82	300.0	-76.10111	0.00031697119	-76.09785	-76.1013	31000	-8.374452e-09	533.1047	-0.005736347	-17.332153	0.8709921	0.017854337	0.19	5.0	4036.0309891700745
31	-254.93	0.0	-254.93	-254.93	397.0	-74.85405	8.403701e-05	-74.85393	-74.8541	32000	-1.5065075e-08	589.41486	-0.005615901	-9.749817	0.87068325	0.015001877	0.121	7.0	4125.230692863464
32	-789.8	0.0	-789.8	-789.8	1000.0	-73.976326	6.2774666e-06	-73.97629	-73.97633	33000	2.1278858e-08	27.233582	0.0008801532	-2.574545	0.8689146	0.018178536	0.233	3.0	4143.56818652153
33	-382.56	0.0	-382.56	-382.56	657.0	-74.367744	0.0005854059	-74.36729	-74.36859	34000	9.208917e-09	955.72314	-0.0042399224	-29.879578	0.86813575	0.017232316	0.095	9.0	4469.957877635956
34	-615.08	0.0	-615.08	-615.08	1000.0	-72.88809	4.3049666e-05	-72.888054	-72.88931	35000	8.904934e-08	222.93462	-0.0073613375	-42.271454	0.86681664	0.012908159	0.032	79.0	5194.432313203812
35	-541.94	0.0	-541.94	-541.94	1000.0	-70.969925	7.3698924e-05	-70.96988	-70.972176	36000	-1.6009808e-07	376.79248	-0.006858261	-98.23465	0.85508823	0.00446429	0.066	79.0	5562.2748436927795
36	-497.54	0.0	-497.54	-497.54	1000.0	-67.63402	0.003606646	-67.58078	-67.63901	37000	-8.547306e-08	408.93307	-0.0037041982	-337.6383	0.86485875	0.006588273	0.023	79.0	6326.722500562668
37	-795.12	0.0	-795.12	-795.12	1000.0	-49.294064	0.00025879656	-49.293945	-49.30142	38000	-1.04427336e-07	819.1436	-0.0020543337	-324.09756	0.86499274	0.017714739	0.148	3.0	6348.89734172821
38	-555.44	0.0	-555.44	-555.44	842.0	-56.74687	0.002680375	-56.728737	-56.74831	39000	1.3291836e-08	273.40985	-0.005851726	-10.215912	0.8649791	0.015504465	0.234	2.0	6799.923255681992
39	-580.38	0.0	-580.38	-580.38	1000.0	-58.548412	0.024889635	-58.547543	-59.335094	40000	-3.0234457e-08	50.588665	-0.0059187743	-3.6647148	0.86516124	0.0068311337	0.062	79.0	7571.220314502716
40	-170.41501	9.635002	-160.78	-180.05	239.0	-57.55323	0.15546483	-57.369534	-57.703674	41000	4.4703484e-11	313.14832	-0.0095324125	-19.608856	0.8668829	0.015879408	0.292	12.0	8074.13264131546
41	-647.8	0.0	-647.8	-647.8	1000.0	-56.320618	0.09586422	-56.317593	-59.3506	42000	-3.1232833e-08	95.322	-0.0058751577	-24.19802	0.86486393	0.0044361576	0.053	79.0	8676.77595448494
42	-1067.55	0.0	-1067.55	-1067.55	1000.0	-60.674232	0.023427673	-59.933918	-60.677402	43000	3.0326842e-07	1889.1366	-0.0066157146	-1092.5852	0.8675885	0.005273401	0.069	79.0	8704.88698554039
43	-789.85	0.0	-789.85	-789.85	1000.0	-76.60392	0.00035213362	-76.60386	-76.61485	44000	3.4421683e-09	53.881767	-0.00095856213	0.01737976	0.86120063	0.017276071	0.139	4.0	9008.121075630188
44	-677.46	0.0	-677.46	-677.46	1000.0	-77.2303	0.0003584395	-77.21897	-77.230316	45000	-9.9539754e-08	114.13605	-0.004992083	-32.755318	0.8609142	0.01685392	0.163	2.0	9654.396841287613
45	-235.025	88.225	-146.8	-323.25	308.5	-75.36681	0.0036126967	-75.35976	-75.36901	46000	-2.8908254e-09	655.03595	-0.0022328272	-63.73987	0.8607429	0.01965705	0.278	2.0	10008.226885795593
46	-1151.15	0.0	-1151.15	-1151.15	1000.0	-72.63831	1.4888075e-05	-72.638306	-72.63872	47000	6.0033796e-07	1537.8135	0.0018236117	-481.27588	0.86055046	0.015013438	0.231	3.0	10030.170006275177
47	-702.85	0.0	-702.85	-702.85	1000.0	-79.634155	0.00051498786	-79.63411	-79.65037	48000	1.2218952e-08	239.92271	-0.008524785	-30.789856	0.8603682	0.0044285776	0.052	79.0	10062.140015363693
48	-572.45	0.0	-572.45	-572.45	1000.0	-78.1619	3.4227847e-05	-78.161865	-78.16211	49000	7.343292e-08	616.0759	-0.004307805	-266.71283	0.8648749	0.0047262223	0.022	79.0	10792.870918989182
49	-568.9	0.0	-568.9	-568.9	1000.0	-70.655846	0.015914112	-70.603516	-70.685814	50000	-8.7022784e-08	215.95256	-0.0031067259	-194.51295	0.87138873	0.007817623	0.027	79.0	11684.802025079727
50	-289.67	0.0	-289.67	-289.67	325.0	-59.02106	4.047561	-56.211956	-64.87102	51000	4.655123e-08	419.82925	-0.002752794	-96.22397	0.86852473	0.015581034	0.136	12.0	11815.303606510162
51	-364.0	0.26000977	-363.74	-364.26	486.5	-63.86693	0.49320778	-60.703583	-64.332565	52000	3.2037497e-09	424.08102	-0.0017156011	-27.056396	0.8678909	0.019105595	0.122	3.0	12225.23147058487
52	-501.81	0.0	-501.81	-501.81	811.0	-60.247	0.0012517648	-60.246876	-60.28651	53000	7.0314856e-09	478.51035	-0.009028973	-7.8454895	0.8674851	0.0052193464	0.063	79.0	12503.755283117294
53	-253.625	40.535004	-213.09	-294.16	357.0	-59.238884	0.022101691	-59.220955	-59.26682	54000	4.2393804e-09	362.4858	-0.006863679	-14.76355	0.87129617	0.008033512	0.057	79.0	12838.315617322922
54	-809.3	0.0	-809.3	-809.3	1000.0	-57.869858	0.004693479	-57.724045	-57.871655	55000	1.4257431e-07	435.23416	-0.0050427066	-341.98206	0.87094694	0.0067087957	0.027	79.0	13328.53274679184
55	-340.85	0.0	-340.85	-340.85	532.0	-68.29345	2.0972764	-66.32169	-70.52983	56000	2.3119151e-08	453.75052	-0.0051865894	-189.9187	0.88617975	0.007680887	0.089	79.0	13637.884495258331
56	-979.63	0.0	-979.63	-979.63	1000.0	-74.40166	0.002900018	-74.39808	-74.47867	57000	1.8119811e-08	448.6477	-0.01049951	-192.73662	0.8842051	0.004779398	0.046	79.0	13667.359421014786
57	-868.07	0.0	-868.07	-868.07	1000.0	-79.84005	2.0814408e-05	-79.839874	-79.84009	58000	-5.173683e-08	43.539886	-0.0026012203	-14.134018	0.8835971	0.015316758	0.226	3.0	14140.235950231552
58	-968.36	0.0	-968.36	-968.36	1000.0	-81.51289	3.0996383e-05	-81.51215	-81.51293	59000	1.783371e-07	203.01816	-0.006642397	-81.36936	0.8837426	0.008770062	0.046	79.0	14163.65398812294
59	-182.72	0.0	-182.72	-182.72	260.0	-84.05184	1.5796815	-81.37715	-85.008064	60000	2.6524067e-09	524.34705	-0.0047191484	-424.95804	0.8924854	0.009029208	0.081	79.0	14506.346048593521
60	-512.38	0.0	-512.38	-512.38	830.0	-50.65024	12.779273	-44.73711	-78.88832	61000	-4.181266e-08	394.6312	-0.01016715	-175.0953	0.87805736	0.0036919774	0.082	79.0	14908.514167785645
61	-263.12	0.0	-263.12	-263.12	335.0	-70.78025	9.486354	-56.934933	-77.52074	62000	5.212426e-08	244.04446	-0.0030815764	-187.50587	0.8552894	0.020473553	0.143	3.0	15091.034046411514
62	-348.79	0.0	-348.79	-348.79	502.0	-85.03419	0.31304732	-84.59706	-85.34667	63000	6.556511e-09	597.25055	-0.0007942107	-460.18213	0.8550322	0.015328424	0.126	5.0	15305.06246805191
63	-598.8	0.0	-598.8	-598.8	735.0	-78.743195	9.826125	-62.155144	-84.666794	64000	9.804964e-09	463.82394	-0.0066350508	-166.40317	0.8551993	0.021744661	0.333	3.0	15450.182166576385
64	-527.61	0.0	-527.61	-527.61	725.0	-68.29122	1.0965097	-67.16603	-70.0833	65000	2.0131468e-08	476.54395	-0.004815042	-119.9483	0.8553974	0.0020922688	0.057	79.0	15730.708356142044
65	-317.17	64.28001	-252.89	-381.45	431.5	-31.136562	19.175653	-14.267571	-75.54397	66000	-2.992153e-08	1200.9937	-0.009708776	-802.5187	0.854185	0.008583941	0.094	79.0	16154.296375751495
66	-227.73999	98.73	-129.01	-326.47	357.0	-56.400116	10.539297	-47.676075	-72.77269	67000	7.658032e-09	298.56476	-0.010125051	-96.04953	0.8502943	0.029596247	0.297	3.0	16400.391796827316
67	-739.59	0.0	-739.59	-739.59	1000.0	-65.63022	0.7039329	-64.80736	-75.51456	68000	-8.106232e-09	50.91873	0.0034323104	-36.770523	0.8505411	0.01675739	0.236	3.0	17151.898828029633
68	-279.69	0.0	-279.69	-279.69	437.0	-57.071346	1.0516126	-55.710346	-71.952095	69000	-1.1593103e-08	310.41568	-0.004098714	-145.13129	0.85090226	0.015471695	0.081	50.0	17645.79154443741
69	-511.49	0.0	-511.49	-511.49	713.0	-65.0795	6.430615	-60.71618	-75.24944	70000	1.1784024e-08	349.9938	-0.0037383628	-84.67673	0.8528089	0.016813455	0.378	4.0	17973.19656777382
70	-235.65332	44.33265	-174.26	-277.36	315.66666	-32.233994	27.172615	-4.0409265	-69.06349	71000	-3.7670137e-08	1589.867	-0.0035603498	-1123.4124	0.85248643	0.015570242	0.17	4.0	18384.610963106155
71	-208.37	0.0	-208.37	-208.37	186.0	-63.71231	4.5996103	-50.60931	-66.23749	72000	1.4829635e-07	1255.0857	-0.008462278	-1112.6914	0.8521455	-0.00094015704	0.06	79.0	18529.02653670311
72	-860.11	0.0	-860.11	-860.11	1000.0	-91.8905	0.044144463	-91.80918	-92.80907	73000	5.4359436e-08	51.468735	-0.0045740902	-39.592125	0.8519212	0.00563749	0.055	79.0	18551.262825727463
73	-290.36	50.759995	-239.6	-341.12	386.5	-80.428986	2.167458	-77.30195	-85.48262	74000	-8.314848e-09	985.35583	-0.007340517	-694.0475	0.8546441	0.0077857994	0.067	79.0	18888.573915719986
74	-720.7	0.0	-720.7	-720.7	1000.0	-89.950516	0.4074179	-80.446846	-90.311615	75000	8.940697e-08	290.61322	-0.0035869405	-254.11539	0.8616342	0.022922149	0.22	2.0	19711.776906728745
75	-251.31999	72.036606	-186.67	-351.83	278.0	-46.891876	2.984626	-39.515938	-73.09911	76000	-4.553795e-08	770.97394	-0.008248874	-350.91425	0.8616999	0.003185493	0.109	79.0	19957.85501909256
76	-222.32666	135.26874	-117.47	-413.32	321.33334	-56.12925	18.565695	-25.440516	-77.29863	77000	4.0233136e-10	400.2696	-0.007199911	-338.4381	0.8595937	0.017615082	0.241	11.0	20259.939324855804
77	-745.45	0.0	-745.45	-745.45	1000.0	-74.65537	0.20585676	-74.38468	-75.688194	78000	8.739531e-09	53.68672	-0.006154204	-10.580563	0.85910666	0.005466494	0.056	79.0	20646.88130378723
78	-819.38	0.0	-819.38	-819.38	1000.0	-76.3329	0.48987153	-74.41171	-77.28388	79000	4.6789648e-09	55.51616	-0.0016528982	-16.433369	0.8709333	0.018759565	0.287	4.0	21001.232715129852
79	-699.64	0.0	-699.64	-699.64	1000.0	-82.84222	0.2374925	-81.22292	-83.301056	80000	-5.710125e-08	260.38913	-0.006413372	-196.36246	0.87154335	0.0041731824	0.078	79.0	21141.97399020195
80	-408.84	0.0	-408.84	-408.84	446.0	-65.55176	6.0788956	-46.860935	-78.57987	81000	1.8790365e-08	160.14859	-0.0039498187	-109.66786	0.8753451	0.016097544	0.241	4.0	21495.345145463943
81	-1151.01	0.0	-1151.01	-1151.01	1000.0	-76.78371	0.84338707	-62.02176	-77.655655	82000	-1.859665e-08	1301.0862	-0.008842376	-1012.5962	0.8753304	0.007181547	0.075	79.0	21523.0743868351
82	-750.32	0.0	-750.32	-750.32	1000.0	-83.208	0.48152828	-82.917534	-96.99083	83000	-2.8610229e-08	157.93321	-0.006663876	-87.17452	0.8632293	0.0070925895	0.046	79.0	21998.610285282135
83	-142.06	18.260002	-123.8	-160.32	269.0	-78.036156	9.295088	-73.08577	-97.251465	84000	1.090765e-08	1876.3479	-0.004995448	-1616.9958	0.8749902	0.020851769	0.236	4.0	22336.371220588684
84	-304.67	0.0	-304.67	-304.67	527.0	-86.71311	1.9834071	-84.399345	-88.9976	85000	7.629395e-09	1232.0273	-0.0018015892	-1046.4767	0.87546897	0.024123928	0.231	3.0	22663.83163022995
85	-243.905	69.73501	-174.17	-313.64	349.5	-58.282993	23.30537	-24.626719	-82.280876	86000	3.2629817e-08	1368.3544	-0.0045992676	-784.3493	0.87590945	0.016763823	0.15	8.0	22863.667136907578
86	-469.75	0.0	-469.75	-469.75	721.0	-50.49851	0.025904007	-50.380287	-50.575924	87000	-5.453825e-09	406.9966	-0.009361357	-141.60764	0.8748131	0.018307956	0.314	2.0	23365.696033239365
87	-959.36	0.0	-959.36	-959.36	1000.0	-57.38149	0.30220976	-57.047726	-64.004074	88000	2.193451e-07	1237.0881	-0.0038308273	-1147.9153	0.87440175	0.0021621506	0.023	79.0	23394.052335500717
88	-1001.56	0.0	-1001.56	-1001.56	1000.0	-91.428406	0.014773345	-91.31473	-91.45279	89000	-4.0233136e-08	113.03197	-0.00523952	-47.63079	0.8872197	0.0044834064	0.022	79.0	23420.00377178192
89	-208.41	0.6500015	-207.76	-209.06	257.0	-82.186615	16.766966	-54.98203	-98.41827	90000	-2.3197384e-08	529.89777	-0.006677687	-396.75262	0.88821393	0.015067249	0.133	9.0	23588.321575403214
90	-931.59	0.0	-931.59	-931.59	1000.0	-107.75355	0.0015212033	-107.743454	-107.75512	91000	7.843971e-08	194.51729	-0.00014504814	-186.63223	0.8895391	0.0199427	0.32	3.0	23612.818336963654
91	-609.78	0.0	-609.78	-609.78	1000.0	-94.98733	0.016822426	-94.9569	-95.007645	92000	-4.1007996e-07	1055.8276	-0.007736554	-1006.96155	0.890055	0.003959263	0.055	79.0	24094.93496489525
92	-729.21	0.0	-729.21	-729.21	1000.0	-63.99644	0.2304852	-63.26206	-64.25263	93000	-1.1098385e-07	69.97554	-0.0031038176	-44.63588	0.8971403	0.016100155	0.105	3.0	24724.974977731705
93	-287.88998	135.66	-152.23	-423.55	426.5	-46.959633	21.997417	6.2235317	-70.45303	94000	-2.2463501e-08	683.389	-0.0060600955	-368.90784	0.89743197	0.018420026	0.329	4.0	25090.746401786804
94	-332.515	25.655014	-306.86	-358.17	429.0	-52.957024	1.3845553	-49.184387	-54.94913	95000	-1.3560057e-08	433.19373	-0.006621323	-240.75461	0.8975841	0.008173393	0.08	79.0	25432.659229278564
95	-395.77002	64.86	-330.91	-460.63	460.0	-44.487457	13.875674	-18.951778	-65.9237	96000	-6.234646e-08	665.65265	-0.0045351954	-492.87753	0.8932041	0.019695515	0.25	4.0	25902.76530623436
96	-266.22	16.899994	-249.32	-283.12	378.5	-69.1347	5.2167935	-48.132713	-72.1808	97000	-1.3053417e-08	507.3482	-0.005481188	-326.38818	0.89353067	0.015357768	0.262	4.0	26423.98858356476
97	-346.21002	18.569992	-327.64	-364.78	423.0	-66.513214	9.481283	-49.68474	-75.76423	98000	1.1220575e-08	441.28976	-0.003397995	-183.81885	0.8940173	0.015723908	0.293	5.0	26723.91276025772
98	-1074.39	0.0	-1074.39	-1074.39	1000.0	-66.30729	0.20781696	-60.7462	-66.47767	99000	1.5211106e-07	1480.2881	-0.0058412263	-1312.5248	0.8949337	0.02659604	0.334	3.0	26748.45717215538
99	-239.19	0.0	-239.19	-239.19	368.0	-76.590225	7.115058	-49.98925	-93.82931	100000	1.6152859e-08	339.39795	-0.00454337	-286.5956	0.89527154	0.015643992	0.212	5.0	26995.935359716415
100	-607.6	0.0	-607.6	-607.6	765.0	-86.568474	14.115829	-55.185616	-94.33159	101000	-2.387166e-08	1075.1646	-0.010962963	-390.16016	0.89557517	0.011366401	0.097	79.0	27296.51772236824
101	-216.65666	93.5905	-107.67	-336.19	303.66666	-81.2664	5.7597575	-66.53897	-86.12488	102000	7.253885e-08	1541.0977	-0.003531709	-1417.1079	0.9047382	0.021218337	0.203	4.0	27548.06065917015
102	-329.25497	207.96498	-121.29	-537.22	363.0	-43.248142	28.854843	15.331198	-67.93914	103000	1.4454127e-08	3173.7456	-0.010090581	-2848.7292	0.9046446	0.005890934	0.091	79.0	28036.828297138214
103	-197.97	0.0	-197.97	-197.97	317.0	-60.364334	7.9354587	-54.533974	-71.97748	104000	-1.1205673e-08	435.59268	-0.006679538	-175.24976	0.90512335	0.020623183	0.206	6.0	28581.12152504921
104	-1166.1	0.0	-1166.1	-1166.1	1000.0	-61.711918	0.06621467	-59.623714	-61.72281	105000	4.053116e-09	2980.3228	-0.002811176	-2279.643	0.9060914	0.01907756	0.278	3.0	29555.044115304947
105	-327.81	180.42001	-147.39	-508.23	462.0	-93.67664	0.60216504	-92.417946	-94.01689	106000	-4.0650367e-08	1767.8956	-0.0056106807	-1263.8671	0.90686464	0.026950622	0.308	3.0	29974.974018096924
106	-504.98	0.0	-504.98	-504.98	705.0	-60.0975	1.0163709	-58.518497	-78.706535	107000	2.7358531e-08	295.32983	-0.00375516	-35.204163	0.90777093	0.01810971	0.077	6.0	30234.46785759926
107	-239.43	0.0	-239.43	-239.43	319.0	-65.87266	7.982775	-60.40062	-77.53501	108000	1.4439225e-08	550.83734	-0.006176384	-195.67203	0.90896606	0.015318029	0.223	7.0	30439.116780281067
108	-286.41998	61.699997	-224.72	-348.12	391.5	-62.93478	0.20495343	-62.792084	-63.253994	109000	-1.7416664e-08	513.45306	-0.006547966	-4.9360046	0.90930235	0.007758855	0.089	79.0	30751.45684146881
109	-367.305	12.994995	-354.31	-380.3	403.0	-62.516422	0.22341219	-62.22671	-62.99269	110000	-9.0897085e-09	819.7771	-0.0023513748	-265.8448	0.9104587	0.017081223	0.226	5.0	31160.710683822632
110	-871.24	0.0	-871.24	-871.24	1000.0	-70.262184	0.23678544	-70.20882	-77.718605	111000	9.894371e-08	255.196	-0.007430162	-203.28682	0.91031486	-0.0018948045	0.062	79.0	31181.10911989212
111	-177.26335	70.72983	-127.0	-277.29	221.33333	-77.47908	1.8878123	-73.04938	-80.58799	112000	1.3828277e-08	1073.1842	-0.010834949	-596.948	0.9108562	0.0011631978	0.093	79.0	31480.895823955536
112	-464.01	0.0	-464.01	-464.01	515.0	-73.89657	1.8864619	-60.814373	-75.81353	113000	2.1755695e-09	706.1364	-0.0021332246	-462.54587	0.90601164	0.019370565	0.277	4.0	32103.661950826645
113	-282.93	0.0	-282.93	-282.93	342.0	-76.197655	9.603822	-69.217476	-96.08099	114000	-2.1196902e-08	808.71564	-0.0055879448	-627.8769	0.9053243	0.01737986	0.229	6.0	32285.40554356575
114	-261.99667	47.517002	-209.56	-324.61	313.66666	-71.08822	9.486673	-56.49217	-90.78697	115000	-4.9471853e-09	1031.2273	-0.01143846	-607.24896	0.9043144	0.0035732826	0.117	79.0	32532.360277175903
115	-353.29	0.0	-353.29	-353.29	497.0	-53.356262	3.9209921	-49.41312	-57.698948	116000	-8.46386e-09	359.12418	-0.008038064	-95.32059	0.893667	0.016107894	0.321	12.0	32907.03086400032
116	-352.87	0.0	-352.87	-352.87	478.0	-58.220634	3.0488818	-55.5998	-71.133804	117000	4.23193e-09	285.37292	-0.011444512	-212.35275	0.8924111	0.0076175397	0.109	79.0	33386.21378803253
117	-898.83	0.0	-898.83	-898.83	1000.0	-74.679	0.19074823	-70.56071	-74.82171	118000	-1.07288365e-08	201.08408	-0.0050150543	-168.36586	0.86909837	0.004141764	0.042	79.0	33406.990825653076
118	-810.2	0.0	-810.2	-810.2	1000.0	-87.39914	0.013827845	-87.36231	-87.433846	119000	5.352497e-08	70.90592	-0.008874987	-48.961143	0.8656061	0.0020809614	0.071	79.0	33428.6138586998
119	-179.35667	47.858788	-132.08	-244.94	239.33333	-69.61644	7.3941464	-60.04124	-82.11935	120000	1.463294e-08	706.0856	-0.00540788	-499.09637	0.8674521	0.01629864	0.096	8.0	33859.42587399483
120	-1119.67	0.0	-1119.67	-1119.67	1000.0	-56.216007	7.1834426	-47.785458	-74.21599	121000	-1.3184547e-07	2657.5452	-0.0071407254	-2498.1362	0.86677724	0.0025034505	0.065	79.0	34805.08918428421
121	-977.38	0.0	-977.38	-977.38	1000.0	-84.572296	0.5164674	-84.30503	-98.7521	122000	-1.1074543e-07	227.31148	-0.0052954196	-158.1734	0.85496247	0.006064908	0.04	79.0	34824.94665431976
122	-241.015	121.505	-119.51	-362.52	407.0	-94.09674	3.828181	-90.61272	-101.97407	123000	-2.1159648e-08	2638.1777	-0.010045042	-1841.0406	0.8581494	0.02598321	0.272	3.0	35293.558614730835
123	-878.96	0.0	-878.96	-878.96	1000.0	-75.60033	0.59365314	-75.562386	-94.36114	124000	2.4676323e-08	141.19666	-0.0029432902	-112.80018	0.85799295	0.017091667	0.168	4.0	35314.77281713486
124	-873.42	0.0	-873.42	-873.42	1000.0	-93.25956	1.1006839	-86.41267	-94.668	125000	9.477138e-09	109.302795	-0.008403863	-60.73132	0.8576594	0.00702316	0.078	79.0	36065.53293156624
125	-247.14001	24.376331	-218.91	-278.39	261.0	-78.07236	10.947184	-61.183853	-92.055046	126000	4.88013e-09	731.4563	-0.004518037	-236.18646	0.86601555	0.020321077	0.148	4.0	36309.086099624634
126	-285.41	80.10813	-177.72	-369.72	327.33334	-62.757618	12.957591	-47.14227	-85.70161	127000	1.6562641e-08	1147.6754	-0.003305561	-351.72192	0.8660638	0.018269489	0.272	4.0	36736.937186956406
127	-896.82	0.0	-896.82	-896.82	1000.0	-80.90041	0.09712224	-80.79499	-81.981575	128000	-4.1365624e-08	61.577206	-0.005104445	-49.16173	0.86591285	0.00039089477	0.029	79.0	36758.19294500351
128	-357.48502	159.09502	-198.39	-516.58	496.5	-74.65263	7.451838	-63.030796	-87.90097	129000	-6.556511e-09	1087.3389	-0.010004558	-922.66547	0.87114525	0.015106548	0.131	34.0	37437.942636966705
129	-264.99	66.1	-198.89	-331.09	398.0	-53.62755	13.644241	-39.41169	-77.9547	130000	5.4612754e-09	451.29742	-0.013152599	-173.75687	0.86674714	0.0015291701	0.103	79.0	37887.205384492874
130	-223.535	1.1650009	-222.37	-224.7	336.5	-48.227367	20.597786	-33.45759	-78.0073	131000	-4.3213366e-09	425.46262	-0.012112739	-120.64621	0.8601023	0.012754775	0.108	79.0	38266.52409315109
131	-337.815	101.91501	-235.9	-439.73	413.0	-57.952705	8.817704	-48.82723	-82.255165	132000	-9.417534e-09	605.3915	-0.006524688	-103.62192	0.83759964	0.008914562	0.067	79.0	38610.631566762924
132	-918.83	0.0	-918.83	-918.83	1000.0	-72.88478	0.35678282	-61.611774	-72.90821	133000	3.1352045e-08	330.97806	-0.0015111414	-282.8888	0.8296661	0.015612233	0.176	4.0	38632.078614234924
133	-1210.35	0.0	-1210.35	-1210.35	1000.0	-88.47956	0.017748583	-88.4448	-88.704124	134000	2.1457671e-09	1461.7227	-0.008495842	-889.01874	0.82967377	0.0027774798	0.072	79.0	39592.22658371925
134	-173.83	23.16702	-155.82	-212.79	211.75	-98.38621	10.583083	-80.33632	-108.24909	135000	-4.196167e-08	2557.4	-0.010253982	-2000.4498	0.82627094	0.016054831	0.179	13.0	39882.30587553978
135	-857.32	0.0	-857.32	-857.32	1000.0	-56.782032	0.8374983	-56.22774	-82.164795	136000	-1.4138222e-07	639.1468	-0.0072809905	-577.9494	0.8266236	0.0041124644	0.06	79.0	39903.21752381325
136	-208.27666	39.706528	-169.88	-262.96	277.66666	-72.95223	13.403854	-57.805058	-86.19745	137000	2.5510788e-08	1090.2396	-0.004393509	-643.5875	0.81337273	0.018224033	0.184	4.0	40186.368403196335
137	-235.25	0.0	-235.25	-235.25	244.0	-69.32868	4.4727864	-59.358513	-72.13761	138000	-9.0152025e-10	196.32294	-0.0068921125	-7.611786	0.8130507	0.0031147676	0.074	79.0	40794.65366148949
138	-191.01001	71.600716	-107.54	-290.89	247.25	-53.615757	3.7356753	-45.212444	-69.463295	139000	-1.7642975e-08	581.7114	-0.012242136	-184.9403	0.80341285	0.0034591323	0.147	79.0	41139.073165655136
139	-267.79333	124.869415	-101.75	-402.88	314.33334	-32.847702	2.166879	-30.366203	-37.590687	140000	-8.624792e-08	1369.1115	-0.0099971825	-778.852	0.7937239	0.0009466776	0.072	79.0	41660.90056490898
140	-252.59334	79.297134	-181.41	-363.23	318.33334	-59.044006	2.8670897	-51.58401	-62.13454	141000	1.0337681e-08	470.6682	-0.014804307	-50.191162	0.7808313	0.008353172	0.121	79.0	41993.595150470734
141	-315.55	111.35999	-204.19	-426.91	394.5	-49.69957	4.7708735	-42.555458	-56.44609	142000	-2.4199485e-08	619.34784	-0.0069645206	-175.80075	0.7767818	0.015086177	0.136	11.0	42390.274393081665
142	-306.865	4.5850067	-302.28	-311.45	365.5	-60.17731	0.47498918	-59.64009	-61.0432	143000	-5.972385e-08	340.29816	-0.012446858	-142.22499	0.7760127	0.014053781	0.246	79.0	42816.27530145645
143	-168.36499	35.424995	-132.94	-203.79	334.5	-71.56442	7.5576115	-55.459343	-75.94162	144000	-1.4841556e-08	1309.9379	-0.009458572	-1085.269	0.7672286	0.015419027	0.149	8.0	43221.895327329636
144	-217.71999	58.863605	-172.05	-300.83	262.33334	-48.614483	1.2993969	-47.705685	-71.82766	145000	4.9769877e-09	556.7754	-0.0031147234	-107.0936	0.7673901	0.015109072	0.26	5.0	43508.08319568634
145	-198.31999	35.21828	-156.2	-242.4	256.33334	-38.59179	9.43284	-28.850536	-50.30006	146000	-2.1517277e-08	578.49255	-0.00413071	-224.71436	0.767769	0.02014573	0.291	4.0	43907.90076971054
146	-230.07	50.320007	-179.75	-280.39	300.5	-55.78251	2.5114741	-50.898434	-59.600834	147000	-1.6033649e-08	468.50928	-0.008905856	-167.99823	0.76789683	0.018333042	0.209	3.0	44331.615599393845
147	-1160.25	0.0	-1160.25	-1160.25	1000.0	-68.78761	0.08393891	-68.66557	-69.3676	148000	4.7636033e-07	1926.7449	-0.008811105	-1715.3357	0.7679374	0.003290513	0.054	79.0	44354.45573401451
148	-249.97002	53.849407	-190.26	-320.76	325.33334	-87.47986	5.464143	-80.37629	-100.46199	149000	1.180172e-08	1705.1833	-0.0045923945	-1271.4259	0.745306	0.016929634	0.161	3.0	44783.338198423386
149	-136.49	0.0	-136.49	-136.49	153.0	-83.334595	11.661678	-54.963795	-88.851265	150000	-1.2606383e-08	251.50244	-0.007125786	-145.41013	0.7447382	0.0075903228	0.067	79.0	44820.71258735657
150	-891.09	0.0	-891.09	-891.09	1000.0	-100.0946	0.01281054	-100.070404	-100.16752	151000	-3.9219856e-08	148.38745	-0.0060084183	-93.2561	0.7417522	0.004253042	0.039	79.0	45679.40025305748
151	-1237.16	0.0	-1237.16	-1237.16	1000.0	-51.751656	1.2026758	-51.686794	-89.73536	152000	2.117157e-07	4545.7744	-0.009238668	-4314.8457	0.74466705	-0.0017727433	0.109	79.0	45700.076337337494
152	-220.22	0.0	-220.22	-220.22	306.0	-113.705635	5.546335	-104.36883	-117.691055	153000	-3.284216e-08	1337.8484	-0.0065389583	-1121.5137	0.73150593	0.008700698	0.116	79.0	45841.35610628128
153	-857.98	0.0	-857.98	-857.98	1000.0	-57.846672	2.8706949	-55.522537	-121.60986	154000	-1.06573104e-07	626.1503	-0.0036935273	-595.4284	0.71627504	0.019230893	0.337	3.0	45861.58887934685
154	-155.78	0.0	-155.78	-155.78	215.0	-107.763535	29.317862	-51.317837	-124.04563	155000	2.399087e-09	294.848	-0.010376655	-87.01607	0.715903	0.028273836	0.208	3.0	45936.60367393494
155	-1282.67	0.0	-1282.67	-1282.67	1000.0	-97.45854	1.2825583	-96.94231	-130.2537	156000	-2.2888184e-08	975.4227	-0.009221644	-854.1128	0.71558017	0.0032460853	0.057	79.0	46866.10070228577
156	-313.28	0.0	-313.28	-313.28	425.0	-119.86167	1.9383152	-116.042015	-121.45152	157000	-4.3332577e-08	1971.7172	-0.008846601	-1717.0065	0.7160554	-0.0006687547	0.037	79.0	47521.23391866684
157	-272.72998	45.979996	-226.75	-318.71	397.0	-74.7803	24.853994	-52.018696	-115.61171	158000	-6.392598e-08	595.17413	-0.010139827	-398.3896	0.6985351	0.029675456	0.319	3.0	47960.90648460388
158	-119.77	0.0	-119.77	-119.77	158.0	-52.207394	2.0927305	-51.785927	-113.082596	159000	1.0356307e-08	238.74858	-0.008354522	-24.159637	0.6983718	0.0005836652	0.057	79.0	48327.96621990204
159	-896.78	0.0	-896.78	-896.78	1000.0	-71.39331	1.7891302	-55.07369	-73.55946	160000	-6.5803526e-08	368.34167	-0.006389198	-321.35706	0.7023077	0.0071027214	0.032	79.0	48350.56855010986
160	-209.47	0.0	-209.47	-209.47	283.0	-65.90684	12.311952	-58.137306	-91.273125	161000	-1.4901161e-09	1150.6992	-0.0051832595	-998.547	0.7136077	0.022326631	0.23	5.0	48504.13788533211
161	-108.59	0.0	-108.59	-108.59	152.0	-82.70232	1.8543211	-81.47296	-89.82935	162000	-1.7791987e-08	868.5329	-0.003829829	-793.4403	0.71327126	0.020342113	0.186	3.0	49021.225771188736
162	-775.02	0.0	-775.02	-775.02	1000.0	-77.62822	1.4761255	-74.73182	-103.47277	163000	-1.4193356e-08	62.10733	-0.002401794	-12.841129	0.7129187	0.021503698	0.299	3.0	49725.506064891815
163	-1370.85	0.0	-1370.85	-1370.85	1000.0	-9.825177	3.4801443	-5.7207623	-75.09507	164000	-2.5749207e-08	15350.667	-0.0035207085	-14176.0625	0.7128606	0.026521493	0.242	2.0	50682.68904566765
164	-126.565	23.394009	-93.84	-159.5	195.0	-113.44935	8.761941	-105.81007	-127.71788	165000	-7.259846e-08	5480.5874	-0.0074139982	-4792.976	0.7128929	0.018728582	0.33	3.0	50934.355656147
165	-199.33667	33.163033	-163.32	-243.36	256.33334	-56.344017	21.623768	-34.337433	-80.28949	166000	4.6789648e-09	527.9758	-0.010643402	-127.08728	0.7129798	0.011480696	0.148	79.0	51159.54273438454
166	-570.94	0.0	-570.94	-570.94	1000.0	-67.62159	0.0016145007	-67.61822	-67.62434	167000	2.18153e-08	215.40932	-0.0026474507	-126.0338	0.70423627	0.019253265	0.212	3.0	51971.89275479317
167	-233.08	155.3498	-98.28	-450.72	309.33334	-61.5675	5.612714	-48.918514	-73.34337	168000	-7.107854e-09	663.24915	-0.0014485127	-131.63342	0.70429873	0.016242532	0.16	3.0	52144.28031492233
168	-738.25	0.0	-738.25	-738.25	1000.0	-56.817158	0.84187484	-52.57335	-59.70449	169000	1.5330315e-07	219.32733	-0.0011565549	-208.11598	0.7044317	0.01925814	0.198	3.0	52648.78451228142
169	-130.80667	29.31983	-89.62	-155.55	225.0	-54.700253	6.0456886	-43.08416	-71.50697	170000	-5.6028364e-09	622.16705	-0.003440996	-193.52576	0.7044678	0.016267981	0.18	3.0	52898.863887786865
170	-726.07	0.0	-726.07	-726.07	1000.0	-67.23247	0.51958704	-51.1028	-67.49948	171000	8.475781e-08	47.11074	-0.006083441	-11.863525	0.7044613	0.0065040025	0.078	79.0	53465.26421022415
171	-1614.74	0.0	-1614.74	-1614.74	1000.0	-49.826958	0.6751222	-49.75269	-71.08342	172000	8.34465e-09	11819.105	-0.0011253464	-10441.675	0.70906675	0.019818213	0.343	2.0	53485.242049217224
172	-1739.76	0.0	-1739.76	-1739.76	1000.0	-129.6103	0.011072502	-129.60402	-129.67052	173000	-7.152558e-08	2519.6726	-0.004962781	-1170.4382	0.7092579	0.002947976	0.029	79.0	53505.17149591446
173	-1214.6	0.0	-1214.6	-1214.6	1000.0	-136.77478	0.60131437	-136.3198	-145.6852	174000	-1.6164779e-07	194.42984	-0.0075011593	-184.73628	0.7072464	0.00064581406	0.041	79.0	53526.409162282944
174	-695.22	0.0	-695.22	-695.22	1000.0	-119.606186	0.14418954	-119.54534	-123.36068	175000	-2.1409988e-07	2361.7134	-0.0020671852	-2205.7876	0.70418715	0.0031334672	0.01	79.0	53554.48647904396
175	-723.64	0.0	-723.64	-723.64	1000.0	-68.93762	0.23360977	-68.77057	-71.70195	176000	2.0682812e-08	16.607998	0.00093704223	-7.241521	0.7157408	0.022813642	0.227	2.0	53581.39579606056
176	-1313.04	0.0	-1313.04	-1313.04	1000.0	-73.40712	0.041477807	-72.30594	-73.435326	177000	1.1920929e-08	3193.9814	-0.011129961	-2986.1936	0.71585214	0.008115347	0.075	79.0	53602.98057413101
177	-220.48	0.0	-220.48	-220.48	313.0	-105.88382	31.546751	-55.794025	-127.88433	178000	7.319451e-08	2303.882	-0.010232618	-2110.9775	0.71760577	0.0022791936	0.059	79.0	53843.015850543976
178	-165.35	0.0	-165.35	-165.35	242.0	-99.38193	22.942541	-41.19091	-112.102104	179000	1.5191734e-08	133.41853	-0.0030855434	-124.70665	0.7307156	0.02235859	0.217	4.0	53927.83373951912
179	-587.01	0.0	-587.01	-587.01	839.0	-95.58249	10.632654	-71.277596	-117.00944	180000	4.8577785e-08	1716.9167	-0.0055214604	-1620.597	0.7310611	0.0234356	0.296	4.0	54238.77263593674
180	-198.93333	25.274897	-168.93	-230.76	302.0	-0.29243922	20.455492	8.784566	-71.74606	181000	6.699562e-08	2381.3767	-0.007941346	-2236.6206	0.73105305	0.0022826968	0.04	79.0	54586.50879693031
181	-226.03	100.159996	-125.87	-326.19	487.0	-69.04214	7.226185	-46.12297	-75.06902	182000	7.253885e-08	1618.8145	-0.0069413264	-1391.9747	0.7301152	0.021251613	0.321	3.0	55232.732249975204
182	-164.575	40.835003	-123.74	-205.41	277.5	-37.001217	9.818728	-32.09894	-68.41018	183000	2.2143125e-08	558.36945	-0.009799713	-269.83044	0.7302429	0.0036332284	0.074	79.0	55584.800958395004
183	-151.35	0.0	-151.35	-151.35	222.0	-102.55618	32.509174	-41.88346	-122.43604	184000	-3.5464765e-08	778.91156	-0.0043001943	-593.41077	0.7292503	0.018644916	0.251	3.0	55669.08107948303
184	-1381.81	0.0	-1381.81	-1381.81	1000.0	-145.36485	0.00036687535	-145.36447	-145.36708	185000	1.1980534e-08	373.66425	-0.003890741	-4.867798	0.7294202	0.01591006	0.08	11.0	56647.50438666344
185	-121.4	0.0	-121.4	-121.4	189.0	-124.8286	40.618298	-30.818481	-144.40387	186000	4.887581e-08	177.5432	-0.011435244	-69.30281	0.73094106	0.006841964	0.07	79.0	56718.55488491058
186	-154.95667	49.17632	-113.84	-224.09	221.66667	-76.869064	41.816128	-41.578484	-139.08798	187000	5.3822994e-08	3562.179	-0.010500666	-3217.406	0.7345336	0.01107722	0.125	79.0	56984.98220992088
187	-174.53	0.0	-174.53	-174.53	237.0	-48.503593	1.7387507	-45.333557	-49.47492	188000	-5.066395e-10	235.06772	-0.0101851355	-28.058517	0.72612184	-0.0027770675	0.066	79.0	57635.56738615036
188	-127.104996	12.395	-114.71	-139.5	187.5	-40.850197	15.445998	-7.207448	-52.19992	189000	-1.6599893e-08	169.94571	-0.010515303	-105.39949	0.72169566	0.008948132	0.068	79.0	58184.095319509506
189	-178.11	0.0	-178.11	-178.11	230.0	-42.568546	16.454456	4.170411	-53.485603	190000	1.397133e-07	5286.0947	-0.0078016156	-4944.9634	0.7153757	0.0031982106	0.044	79.0	58230.97066092491
190	-142.34	53.96586	-101.4	-218.59	205.66667	-55.345585	41.674633	-16.696838	-123.12382	191000	9.596348e-09	2281.8784	-0.0049509834	-732.0095	0.6930849	0.016722973	0.132	3.0	58624.46197605133
191	-1273.53	0.0	-1273.53	-1273.53	1000.0	-110.186516	1.1336263	-74.356026	-110.22354	192000	-3.015995e-08	410.97302	0.00093829725	-132.05319	0.69255656	0.019163217	0.284	2.0	58645.32362341881
192	-1212.84	0.0	-1212.84	-1212.84	1000.0	-114.4015	0.00072866434	-114.39978	-114.40284	193000	2.3931264e-08	177.23834	-0.0069906297	-39.450592	0.6923007	0.0030485755	0.035	79.0	59619.35339450836
193	-260.995	49.415	-211.58	-310.41	294.5	-59.206444	15.37063	-26.580381	-117.13341	194000	2.9563903e-08	432.47134	-0.007301518	-291.81348	0.674268	0.0046576606	0.071	79.0	60036.68805408478
194	-496.9	0.0	-496.9	-496.9	780.0	-77.09629	20.84037	-53.869328	-116.43386	195000	-4.8577786e-09	420.79813	-0.0055008396	-126.24222	0.6784349	0.017064366	0.188	41.0	60685.78529548645
195	-199.12	0.0	-199.12	-199.12	221.0	-114.362	0.0059691714	-114.33505	-114.37043	196000	9.3579295e-09	1785.2172	-0.005325871	-47.792114	0.68149877	0.015935918	0.212	15.0	60798.7155585289
196	-1318.29	0.0	-1318.29	-1318.29	1000.0	-90.61933	1.1883543	-88.576744	-116.89336	197000	-1.0085106e-07	1645.1011	-0.01264528	-1535.445	0.6841582	0.003747487	0.087	79.0	60818.85680937767
197	-234.66	0.0	-234.66	-234.66	268.0	-120.655266	4.6923227	-117.80659	-128.85352	198000	-1.5199184e-09	2134.0635	-0.010358158	-1273.1843	0.6769411	0.007018403	0.117	79.0	60893.085178375244
198	-181.63	0.0	-181.63	-181.63	247.0	-69.16231	28.110373	-8.221606	-123.14767	199000	-8.404255e-09	904.2146	-0.009571077	-813.80334	0.6482618	0.007679307	0.112	79.0	61439.1936173439
199	-57.79	0.0	-57.79	-57.79	110.0	-111.39147	18.34361	-58.61361	-117.97005	200000	-4.2021275e-09	1035.865	-0.0119693	-505.9322	0.6387395	-0.0023114276	0.076	79.0	61521.86624741554
200	-182.82	109.417076	-91.4	-336.65	220.33333	-72.75953	44.173103	7.9390783	-127.26748	201000	3.8549302e-08	546.11926	-0.0069147083	-212.46231	0.61869246	0.015052643	0.186	6.0	61727.69888138771
201	-938.08	0.0	-938.08	-938.08	1000.0	-31.459429	3.0205579	-31.150719	-126.911446	202000	-4.386902e-08	3518.1523	-0.0024692947	-3203.8162	0.6178086	0.02021587	0.061	2.0	61748.097698926926
202	-1645.44	0.0	-1645.44	-1645.44	1000.0	-129.68451	1.3135258	-88.168	-129.73349	203000	1.5318394e-08	2373.2888	-0.0070961467	-856.7837	0.6174976	0.006781447	0.038	79.0	61768.425142765045
203	-186.18	92.42999	-93.75	-278.61	278.5	-72.97446	48.368668	-3.050756	-144.03905	204000	4.172325e-08	1890.9098	-0.0075356704	-1648.4949	0.63285834	0.015118779	0.166	13.0	62034.631757974625
204	-1544.79	0.0	-1544.79	-1544.79	1000.0	-144.3419	1.3644053	-101.217995	-144.41176	205000	1.3679266e-08	1176.4845	-0.008633178	-106.46887	0.6343333	0.010272631	0.069	79.0	63052.29278469086
205	-282.61	0.0	-282.61	-282.61	534.0	-97.86291	1.6642507	-97.23337	-148.61646	206000	4.1365624e-08	2267.309	-0.011120802	-1683.2632	0.6494658	-0.0022502516	0.054	79.0	63455.177693128586
206	-134.9	0.0	-134.9	-134.9	189.0	-69.22007	13.2811365	-41.345085	-75.81079	207000	-2.6255845e-08	101.56251	-0.003990153	-43.170006	0.6296888	0.018768063	0.256	7.0	63513.7302069664
207	-102.64	31.779999	-70.86	-134.42	135.5	-78.97692	25.414581	-30.808058	-131.1743	208000	-1.566112e-08	1242.2397	-0.0036488858	-1169.1847	0.62857026	0.01624028	0.184	7.0	63652.10431551933
208	-192.01	0.0	-192.01	-192.01	331.0	-49.751328	3.281995	-46.92934	-85.68806	209000	-3.8206576e-08	6567.158	-0.016858801	-5895.6045	0.6275231	0.0096085	0.089	79.0	63844.7019507885
209	-757.01	0.0	-757.01	-757.01	1000.0	-105.54316	1.1057034	-104.04504	-130.4927	210000	-8.21352e-08	1124.1455	-0.0091633005	-904.67554	0.59980303	0.0066868193	0.057	79.0	63873.89734721184
210	-149.955	50.75074	-79.58	-216.25	201.75	-71.88782	33.276073	-16.685724	-124.33012	211000	-8.881092e-09	2298.571	-0.012228851	-1878.4657	0.60614675	0.01815431	0.166	9.0	64048.632647275925
211	-206.38	0.0	-206.38	-206.38	232.0	-55.290596	0.8657645	-52.16119	-55.85949	212000	6.437302e-09	5691.2505	-0.006645435	-3205.8872	0.6055159	0.008325301	0.085	79.0	64140.97018313408
212	-722.67	0.0	-722.67	-722.67	1000.0	-63.257317	0.91709226	-63.22788	-92.243805	213000	3.1113625e-08	113.835915	-0.005558611	-46.76641	0.59308237	0.004046125	0.012	79.0	64927.018151044846
213	-177.36333	91.58936	-76.99	-298.45	254.33333	-77.497284	6.602307	-70.38229	-87.5486	214000	-1.8894672e-08	1445.1465	-0.00695638	-1124.3535	0.5833636	0.018155875	0.208	3.0	65278.88435411453
214	-113.555	11.125	-102.43	-124.68	166.5	-38.06766	7.3854365	-18.364483	-66.63216	215000	-8.8214875e-08	884.4017	-0.0021015126	-659.94037	0.5830003	0.019998804	0.256	3.0	65683.71932268143
215	-188.4575	45.60667	-127.32	-255.89	243.5	-52.53131	31.883461	16.504036	-84.0063	216000	2.872199e-09	1023.43243	-0.0057220263	-667.28394	0.5823171	0.015211293	0.164	3.0	66010.80308103561
216	-584.98	0.0	-584.98	-584.98	1000.0	-58.524174	0.09653133	-58.37839	-59.948303	217000	-2.3417174e-08	68.05963	-0.008055844	-7.109329	0.5817097	0.0056356965	0.054	79.0	66854.1072204113
217	-591.99	0.0	-591.99	-591.99	1000.0	-61.048798	0.3459435	-58.539124	-61.95729	218000	1.1309981e-08	91.40011	-0.002148995	-30.194561	0.5908676	0.01768332	0.287	3.0	67629.7535815239
218	-241.67	103.58972	-97.95	-338.12	327.0	-53.02134	5.904871	-39.8857	-60.32183	219000	9.875745e-09	676.67267	-0.0030352592	-111.378296	0.59117603	0.022412492	0.152	2.0	68073.52142333984
219	-1207.64	0.0	-1207.64	-1207.64	1000.0	-52.975048	0.54290444	-50.557636	-59.905735	220000	1.3113022e-07	4200.0977	-0.010481445	-2991.1035	0.5912926	-0.00021302623	0.086	79.0	68763.4052901268
220	-129.09334	73.67647	-66.58	-232.54	147.66667	-84.07134	1.3920871	-81.69452	-85.17731	221000	3.6656858e-09	1053.5554	-0.0034290596	-225.7024	0.5728464	0.022166975	0.271	4.0	68949.45254564285
221	-261.09	38.450005	-222.64	-299.54	451.0	-75.09345	6.1300254	-65.49994	-85.51282	222000	3.1590461e-09	1602.7509	-0.0054489938	-1203.3899	0.57244164	0.016794467	0.211	5.0	69563.14497089386
222	-163.51999	39.71	-123.81	-203.23	300.0	-41.645226	11.881555	-31.793245	-57.064827	223000	-2.3424626e-08	1120.1036	-0.0020761243	-735.9107	0.5717761	0.015603939	0.176	2.0	69842.22510504723
223	-1411.72	0.0	-1411.72	-1411.72	1000.0	-86.04823	0.0031361904	-86.044655	-86.06026	224000	-5.030632e-08	3757.8352	0.00086613424	-1915.3368	0.57147634	0.016452542	0.104	2.0	70894.74604582787
224	-219.22	0.0	-219.22	-219.22	315.0	-96.15441	20.347757	-44.552418	-108.80661	225000	-2.4944544e-08	1315.1646	-0.0044413805	-660.62897	0.57123464	0.017143844	0.224	4.0	71002.06699514389
225	-1517.7	0.0	-1517.7	-1517.7	1000.0	-104.37774	0.6670781	-103.26508	-118.63968	226000	-1.013279e-07	2243.6655	0.0019220551	-2000.6084	0.57081085	0.015046132	0.17	4.0	71025.84514451027
226	-1403.73	0.0	-1403.73	-1403.73	1000.0	-142.54788	0.00079926476	-142.54723	-142.55588	227000	4.1007997e-08	14.129999	0.0052281907	-0.6833105	0.5707164	0.01582132	0.184	11.0	71049.79426765442
227	-155.95	102.53999	-53.41	-258.49	225.0	-126.91095	16.156595	-100.71555	-142.0293	228000	-5.1259996e-09	4068.505	-0.0046480456	-3697.6443	0.57223606	0.016385471	0.137	6.0	71352.44206309319
228	-1448.89	0.0	-1448.89	-1448.89	1000.0	-94.99097	0.31353134	-85.75275	-95.09885	229000	-7.8678134e-08	2747.8577	-0.012270741	-2271.372	0.57315785	-0.0019040001	0.036	79.0	71378.68865609169
229	-179.68	0.4300003	-179.25	-180.11	289.5	-95.69977	24.610853	-61.582893	-132.33809	230000	6.920099e-08	1814.2595	-0.006905407	-1638.9584	0.5620162	0.015800579	0.259	3.0	71615.69887399673
230	-551.61	0.0	-551.61	-551.61	796.0	-95.25811	16.348698	-86.91065	-127.97317	231000	-8.648634e-08	759.0542	-0.0066833496	-623.8617	0.56183064	0.032450248	0.432	2.0	72088.7727739811
231	-156.52	0.0	-156.52	-156.52	197.0	-57.438866	2.1912985	-56.675877	-122.29709	232000	9.799004e-08	2730.5225	-0.0009166069	-1803.5227	0.56175363	0.015956305	0.199	3.0	73014.09999990463
232	-193.52	33.415768	-146.3	-218.75	290.33334	-55.970257	20.206356	-20.287975	-100.0044	233000	2.4080277e-08	354.14856	-0.009262246	-178.537	0.56156504	0.015155268	0.107	2.0	73359.09452915192
233	-221.93	0.0	-221.93	-221.93	313.0	-88.85881	54.9359	3.663021	-125.55715	234000	-4.2080877e-08	601.0089	-0.0029351313	-552.04974	0.5614205	0.015543041	0.159	5.0	73472.31066894531
234	-1285.93	0.0	-1285.93	-1285.93	1000.0	-113.67453	1.0780715	-112.496735	-138.6608	235000	-2.2888184e-08	249.35559	-0.009980367	-223.56822	0.5610842	0.0046556173	0.048	79.0	73503.07786989212
235	-1413.09	0.0	-1413.09	-1413.09	1000.0	-129.03311	0.15109667	-127.38986	-129.1656	236000	2.7012825e-07	163.09283	-0.008061079	-143.99132	0.5464596	0.0056939977	0.039	79.0	73528.88126373291
236	-1167.83	0.0	-1167.83	-1167.83	1000.0	-139.46342	0.5139702	-137.71721	-139.95456	237000	9.012222e-08	438.49106	-0.0085794395	-368.11624	0.523834	-0.00030542034	0.057	79.0	73553.88093304634
237	-100.69999	39.678104	-64.99	-156.04	151.66667	-123.167076	27.168005	-47.0671	-136.33568	238000	-9.536743e-09	3787.8381	-0.0073463456	-3535.1863	0.5072894	0.01713785	0.134	4.0	74278.35302448273
238	-157.83	33.263103	-112.68	-191.84	219.66667	-46.966652	24.131489	-22.18883	-116.83873	239000	-4.670024e-08	361.76318	-0.014212745	-120.18892	0.50727403	0.00047659408	0.098	79.0	74483.73966646194
239	-1534.94	0.0	-1534.94	-1534.94	1000.0	-124.555954	0.9545133	-94.42819	-124.63574	240000	-1.2755394e-08	1018.38	-0.0069075967	-852.9256	0.51083493	0.004724065	0.024	79.0	74508.716422081
240	-716.69	0.0	-716.69	-716.69	1000.0	-80.85035	6.1916513	-76.526184	-152.5832	241000	1.8715859e-08	178.58464	-0.011157839	-157.33351	0.4914288	0.008063425	0.082	79.0	75197.63435673714
241	-234.12	113.06148	-101.96	-378.14	291.33334	-51.482327	61.34459	7.2676086	-152.02779	242000	4.386343e-08	4789.4937	-0.00853739	-4263.9014	0.47927052	0.018100817	0.152	2.0	75682.22278165817
242	-101.13	0.0	-101.13	-101.13	171.0	-52.686985	5.785679	-39.859497	-55.590706	243000	-1.08599664e-07	2069.116	-0.0049419957	-1914.9813	0.4793296	0.016647382	0.27	6.0	75738.4552180767
243	-182.455	21.934998	-160.52	-204.39	260.5	-74.809296	29.328459	-37.38495	-104.09446	244000	7.3462725e-09	408.8751	-0.00095600507	-130.21973	0.47925395	0.023825034	0.345	3.0	76268.59664750099
244	-173.9	0.0	-173.9	-173.9	228.0	-49.84698	18.15363	-39.574654	-95.43929	245000	-4.738569e-09	1907.9972	-0.0056203953	-1673.8501	0.4789678	0.016977618	0.228	5.0	76400.51231837273
245	-145.506	125.9782	-56.11	-393.8	196.4	-66.64192	6.6315413	-51.00155	-82.40102	246000	2.1398067e-08	1237.1066	-0.0079985205	-914.58417	0.47830257	0.0048566065	0.103	79.0	76668.80791568756
246	-722.86	0.0	-722.86	-722.86	1000.0	-29.363768	1.3994399	-25.910118	-37.164265	247000	-5.7220458e-08	1578.2477	-0.0020741194	-1492.2717	0.46967652	0.015440171	0.248	3.0	77710.92883062363
247	-967.01	0.0	-967.01	-967.01	1000.0	-67.96047	0.045122527	-67.82803	-68.0343	248000	-1.0430813e-08	1360.9001	-0.006722244	-726.0272	0.46938166	0.0089632375	0.054	79.0	77736.964656353
248	-1768.45	0.0	-1768.45	-1768.45	1000.0	-78.69782	0.81240636	-78.38215	-96.14189	249000	2.067089e-07	9589.34	-0.009125864	-8770.723	0.47968596	0.009705754	0.066	79.0	77762.39394402504
249	-292.75	96.47	-196.28	-389.22	457.0	-130.38637	4.184431	-126.2694	-168.12321	250000	5.567074e-08	6245.75	-0.00722128	-5582.616	0.48396447	0.015059973	0.111	61.0	78438.1485311985
250	-961.64	0.0	-961.64	-961.64	1000.0	-51.14337	0.084131844	-50.91455	-51.269936	251000	-3.361702e-08	1961.6848	-0.010364814	-1346.775	0.47980192	0.006811758	0.095	79.0	78463.57088661194
251	-70.81	0.0	-70.81	-70.81	115.0	-121.29513	32.56037	-31.19646	-140.53975	252000	4.708767e-08	1435.2893	-0.005339003	-840.2782	0.4582168	0.016213438	0.197	3.0	78505.98873281479
252	-151.40666	66.61326	-78.47	-239.51	231.66667	-60.87511	19.889414	-32.036175	-157.24556	253000	9.827316e-09	904.91766	-0.009351973	-607.8486	0.45786133	0.017321581	0.176	10.0	78805.5113606453
253	-925.6	0.0	-925.6	-925.6	1000.0	-66.54741	1.101451	-66.082794	-101.17464	254000	7.051229e-08	963.9759	-0.009401989	-554.84216	0.456284	0.004512357	0.059	79.0	78830.5725839138
254	-205.77	108.12	-97.65	-313.89	278.5	-79.38253	25.957787	-29.409842	-103.235954	255000	-1.565367e-08	335.6886	-0.0050082905	-142.39145	0.45525485	0.019804584	0.147	6.0	79176.97277903557
255	-131.638	49.29297	-91.58	-224.76	188.0	-71.2387	46.022724	-27.786167	-160.18944	256000	1.0877848e-08	3099.575	-0.004486866	-2534.755	0.45469308	0.016464138	0.146	3.0	79453.76554131508
256	-115.17	0.0	-115.17	-115.17	159.0	-68.202446	12.314179	-36.603935	-73.619606	257000	8.314848e-09	173.7159	-0.0015894469	-13.107025	0.45453152	0.018165542	0.156	3.0	80183.6878964901
257	-1292.58	0.0	-1292.58	-1292.58	1000.0	-62.778637	0.27159116	-62.752434	-71.359795	258000	5.493164e-07	4088.5945	-0.009965376	-3856.654	0.45444724	0.00052043336	0.08	79.0	80209.85768580437
258	-147.3375	36.159	-110.44	-190.65	221.5	-93.63384	18.869526	-59.77752	-125.90538	259000	-1.8715859e-08	3297.9485	-0.00878253	-2732.7063	0.43650585	0.004874079	0.065	79.0	80478.32510018349
259	-1318.44	0.0	-1318.44	-1318.44	1000.0	-93.88609	1.0442473	-91.63787	-95.555046	260000	4.4107438e-08	1782.8618	0.0016139416	-1446.5823	0.44020426	0.019009411	0.287	6.0	81728.36102676392
260	-270.84	60.410004	-210.43	-331.25	319.5	-92.47294	3.4288182	-84.306335	-130.94527	261000	-1.525879e-08	1142.1263	-0.012574597	-432.9549	0.44093063	0.0043938654	0.113	79.0	82067.0672917366
261	-166.17665	26.991602	-132.51	-198.59	245.66667	-77.60365	38.206615	-40.420864	-131.03464	262000	7.089972e-08	1062.7402	-0.0047630244	-766.8918	0.4102313	0.021263069	0.231	4.0	82361.16184616089
262	-113.46	18.173285	-79.04	-130.19	156.4	-58.495113	28.541515	-23.545467	-100.152504	263000	-2.1755695e-09	995.18024	-0.015048828	-535.7533	0.40867513	0.0112224845	0.115	79.0	82622.20233798027
263	-227.67	0.0	-227.67	-227.67	323.0	-54.712204	1.4460173	-53.695763	-64.77396	264000	-4.8100947e-08	5371.134	-0.006450886	-4662.5747	0.3885926	0.009278482	0.074	79.0	82746.10470080376
264	-111.18	38.129833	-81.42	-176.67	173.5	-64.18587	5.3150363	-58.5703	-118.06992	265000	4.482269e-08	1081.7043	-0.0060668467	-838.7672	0.40039092	0.0152485315	0.18	6.0	83018.08509421349
265	-140.32333	60.7988	-60.75	-208.32	239.0	-58.503162	31.758184	-29.862833	-108.66282	266000	-1.4156103e-08	334.5328	-0.001925187	-90.07539	0.40011415	0.021545364	0.191	2.0	83413.16899728775
266	-175.43335	36.05112	-137.16	-223.74	223.66667	-74.32853	33.665817	-37.300777	-109.41228	267000	-1.1878088e-08	1222.8191	-0.0109021645	-786.3022	0.39989436	-0.0011806071	0.091	79.0	83655.16493988037
267	-645.36	0.0	-645.36	-645.36	1000.0	-32.789726	2.8111918	-32.575905	-121.63046	268000	-4.1604043e-08	790.9536	-0.00901633	-703.2429	0.37956625	0.005161819	0.049	79.0	84462.3687582016
268	-169.35501	11.945	-157.41	-181.3	216.5	-64.82978	8.31408	-58.649963	-81.64222	269000	1.4096498e-08	562.571	-0.009212877	-386.0634	0.3711121	0.01613384	0.181	13.0	85046.51058936119
269	-178.40666	48.505707	-119.84	-238.62	260.0	-38.24056	36.25892	-0.6775844	-94.89963	270000	-8.1598756e-08	1234.1199	-0.005738242	-1028.283	0.3729054	0.015615135	0.142	7.0	85321.54358267784
270	-140.19	55.96571	-82.53	-232.87	209.75	-41.932384	7.5695972	-33.559345	-112.309616	271000	1.6644597e-08	326.0127	-0.003987633	-133.59775	0.37402436	0.019345816	0.27	2.0	85525.8969347477
271	-135.73	0.0	-135.73	-135.73	224.0	-70.727	13.404385	-35.290684	-80.65731	272000	-3.772974e-08	441.04703	-0.0030320252	-378.25128	0.37432665	0.01768063	0.229	2.0	85591.90870523453
