Epoch	AverageEpRet	StdEpRet	MaxEpRet	MinEpRet	EpLen	AverageVVals	StdVVals	MaxVVals	MinVVals	TotalEnvInteracts	LossPi	LossV	DeltaLossPi	DeltaLossV	Entropy	KL	ClipFrac	StopIter	Time
0	-85.561005	35.29752	-44.99	-128.061	893.5	0.17208533	0.037815236	0.22610636	0.12473185	4000	3.799796e-07	87.889854	-0.004131183	-66.75838	0.918938	0.0059797824	0.050750002	39.0	2572.3621780872345
1	-93.742004	47.66046	-20.585	-141.28	822.25	-5.373493	0.05084304	-5.2915072	-5.562647	8000	1.4901161e-07	34.548958	-0.0071584433	-17.395481	0.91476244	0.0066463468	0.09425001	39.0	4538.3376932144165
2	-135.54599	10.119466	-119.432	-146.038	1000.0	-8.11277	0.015892662	-8.085006	-8.12412	12000	-2.5331974e-07	30.579977	-0.0036754655	-20.804642	0.91388315	0.0027684367	0.033749998	39.0	4593.619529247284
3	-111.91775	17.450235	-93.987	-133.871	1000.0	-10.844215	0.03276432	-10.789143	-10.87118	16000	0.0	3.5494	-0.0052535534	-0.23971215	0.91661197	0.006965966	0.0445	39.0	4649.503716468811
4	-93.526505	14.3875885	-76.032	-112.68	1000.0	-11.398684	0.05563954	-11.3017435	-11.437137	20000	-8.940697e-08	5.7470903	-0.0024583265	-3.085501	0.9093926	0.004305829	0.038000003	39.0	7121.039196968079
5	-97.06	45.8708	-33.386	-162.935	888.75	-10.175672	0.2951654	-9.728794	-10.424976	24000	-1.4901161e-08	15.892448	-0.0058257356	-5.490369	0.90821975	0.005378697	0.07225	39.0	9731.961871862411
6	-109.70325	23.724384	-86.58	-144.37	1000.0	-9.382097	1.8839139	-7.1814966	-11.2570305	28000	-7.450581e-09	5.371867	-0.0019829897	-2.2446518	0.90304005	0.005723458	0.03975	39.0	9793.123285770416
7	-89.9945	41.325233	-33.962	-149.142	901.75	-10.003549	1.7318218	-7.421118	-12.225473	32000	-3.3527613e-08	6.683132	-0.0046747774	-2.795714	0.90526074	0.0050021186	0.0605	39.0	10700.617327690125
8	-118.457504	44.201954	-74.101	-166.319	1000.0	-11.121758	2.9907138	-5.935946	-12.946174	36000	-1.4901161e-08	15.093619	-0.0050544925	-8.850427	0.8975307	0.0066631474	0.072	39.0	10757.616144895554
9	-90.0425	41.044415	-40.818	-154.464	925.25	-11.919943	2.5116754	-7.295546	-13.815932	40000	-5.9604645e-08	16.027008	-0.004088398	-11.901839	0.8935344	0.0076761628	0.0535	39.0	12342.640974521637
10	-90.776	39.496662	-61.417	-157.844	1000.0	-7.9754252	3.7111347	-5.4000187	-14.389739	44000	1.4901161e-08	2.752726	-0.0061638057	-1.4810259	0.8898456	0.0060991496	0.06925	39.0	15280.43571472168
11	-78.483505	41.558537	-29.721	-135.586	782.5	-11.373017	2.3600376	-7.924985	-14.716812	48000	-5.9604645e-08	6.3227434	-0.004463967	-4.1175995	0.8870912	0.007188021	0.060000002	39.0	16835.11138176918
12	-60.85575	51.79858	-10.387	-147.076	565.5	-9.108374	4.254537	-4.523696	-14.740233	52000	1.4901161e-08	9.454407	-0.006703507	-4.4471025	0.8856171	0.008036684	0.052500002	39.0	17764.843109607697
13	-105.335754	37.56549	-72.456	-168.147	1000.0	-7.7953978	4.1712747	-4.342846	-14.746874	56000	-7.450581e-09	7.7001233	-0.004326444	-5.7928205	0.88562465	0.0057401666	0.0355	39.0	20666.48983860016
14	-87.537506	50.81807	-36.507	-161.772	774.5	-11.5100975	3.1742277	-7.191141	-15.520442	60000	1.4901161e-08	6.1007085	-0.0033274814	-2.8455682	0.88080347	0.0040426096	0.04475	39.0	21836.24281334877
15	-64.389496	33.96559	-18.82	-111.992	743.5	-6.6303964	1.2566297	-5.02556	-8.079416	64000	2.9802322e-08	5.1336403	-0.0044478443	-3.1405103	0.87865037	0.0068707075	0.0635	39.0	24432.573196172714
16	-98.9405	28.278103	-70.588	-138.202	1000.0	-9.1914215	3.8541646	-4.9433713	-14.917676	68000	2.9802322e-08	2.901905	-0.004734814	-1.2460759	0.8789694	0.0033838698	0.03925	39.0	26762.578597307205
17	-45.722748	20.39131	-19.004	-73.953	718.25	-9.433158	3.0272758	-6.55786	-15.436835	72000	5.2154064e-08	4.4445734	-0.00322281	-2.855932	0.8805391	0.006226155	0.044749998	39.0	29186.293827056885
18	-101.388245	40.578125	-66.614	-166.202	934.75	-9.697172	3.9783669	-4.7472253	-15.792627	76000	3.585592e-08	4.8446274	-0.0036519389	-1.1978998	0.8818251	0.0036383695	0.0485	39.0	32006.87573981285
19	-115.24325	53.870377	-34.84	-169.064	877.75	-13.538668	3.5738738	-6.4792204	-16.318384	80000	5.5879354e-09	6.6818404	-0.0047268625	-0.60064316	0.87855893	0.0014065689	0.045499995	39.0	32458.63106584549
20	-89.9955	55.808533	-21.76	-176.898	838.0	-11.268914	4.874792	-5.4990025	-16.769674	84000	-1.4901161e-08	4.8415327	-0.008268692	-1.116251	0.87622756	0.0056782197	0.086500004	39.0	35075.221886873245
21	-74.3702	48.834034	-25.052	-157.348	779.0	-9.356859	4.6455717	-4.328887	-17.101948	88000	-1.4901161e-08	4.1517267	-0.0040563466	-0.40925562	0.8750693	0.015253603	0.14875	14.0	37756.545802116394
22	-87.53575	47.230026	-34.114	-154.961	856.25	-9.335041	3.2902763	-4.0091333	-14.714604	92000	0.0	9.657405	-0.0049962196	-6.41055	0.87477964	0.008415499	0.063999996	39.0	39926.74077916145
23	-87.9675	43.312435	-33.491	-154.746	861.25	-9.793709	4.4741154	-5.3652134	-16.307901	96000	-1.8626451e-08	5.920237	-0.005079109	-2.4642043	0.87325424	0.0066023567	0.076749995	39.0	42492.30407333374
24	-70.8844	59.675056	-22.438	-187.258	641.6	-10.313475	4.1231318	-6.477519	-17.389631	100000	-5.2154064e-08	5.862401	-0.0048312154	-2.2161279	0.8686348	0.003539566	0.047749996	39.0	44842.009310245514
25	-61.429504	29.760447	-22.627	-105.526	705.5	-7.940176	2.0929737	-4.893459	-11.384005	104000	1.1175871e-08	3.089003	-0.0043202955	-0.23030406	0.8597953	0.006560626	0.07875	39.0	46343.07285904884
26	-100.40525	53.813087	-32.735	-181.448	851.75	-11.6844015	5.7049904	-4.502963	-18.2404	108000	0.0	6.629739	-0.00604097	-2.6015325	0.86034805	0.0067809997	0.068	39.0	48538.6600651741
27	-73.01175	61.96875	-17.574	-175.878	682.5	-11.869674	5.45437	-4.810018	-18.142876	112000	2.2351742e-08	5.9193745	-0.004778037	-1.1959461	0.8545971	0.0068374267	0.073	39.0	50859.62810564041
28	-93.826996	60.557407	-13.854	-177.645	818.75	-13.208451	4.5925713	-5.686734	-17.514719	116000	-1.4901161e-08	6.886648	-0.004520707	-2.6910086	0.85297495	0.008135645	0.052249998	39.0	51290.23769450188
29	-93.245255	52.929043	-60.706	-184.895	1000.0	-8.326621	4.5891414	-4.2483983	-16.375322	120000	1.4901161e-08	5.4064693	-0.0036586374	-2.216742	0.84787107	0.00385774	0.062	39.0	52943.95033144951
30	-84.9818	67.65042	-15.742	-166.717	704.0	-12.507938	5.992019	-5.4002633	-18.490349	124000	2.7939677e-08	7.541191	-0.0064341165	-2.766727	0.85079926	0.006223021	0.04925	39.0	54707.999135017395
31	-166.83624	15.731814	-140.415	-181.415	1000.0	-17.007084	1.2684925	-13.379929	-18.098417	128000	-2.2351742e-08	5.7318144	-0.0030543772	-1.6175482	0.8435403	0.0029380238	0.036	39.0	54760.22624015808
32	-23.214125	6.093186	-14.669	-36.428	351.875	-7.963059	4.800401	-5.0641026	-18.912725	132000	-2.2351742e-08	6.8796496	-0.007549189	-3.3213873	0.8393704	0.005526921	0.07425	39.0	55773.92189002037
33	-71.11675	49.914963	-21.364	-153.634	848.75	-9.363134	4.754325	-4.2587795	-18.880753	136000	-2.9802322e-08	9.395697	-0.005184231	-6.3944	0.8334193	0.004392649	0.05725	39.0	58208.613733530045
34	-46.015	20.263847	-11.541	-74.102	764.4	-4.8859396	2.7384121	-3.6180704	-18.36468	140000	3.3527613e-08	5.7794952	-0.005792047	-3.1855967	0.81514394	0.0089052655	0.063999996	39.0	60853.52404642105
35	-38.713833	18.899527	-12.091	-64.907	586.8333	-5.55978	0.5096344	-4.619115	-6.2278214	144000	2.6077032e-08	3.8344603	-0.0049997754	-0.6346099	0.8053141	0.0061600166	0.04375	39.0	62594.86571383476
36	-43.997833	52.762077	-12.161	-160.636	420.66666	-11.249425	5.20114	-4.775158	-17.097908	148000	-2.9802322e-08	8.762692	-0.0043353364	-5.0939074	0.8004133	0.0045597395	0.046	39.0	63583.08780646324
37	-45.384502	50.151306	-11.387	-155.465	492.83334	-7.0383344	4.77829	-3.205502	-15.633175	152000	3.3527613e-08	4.391695	-0.004944019	-1.057348	0.7975225	0.0065032495	0.045500003	39.0	65363.74327373505
38	-51.399143	58.138325	-9.717	-182.798	480.57144	-9.577461	6.092422	-3.96039	-17.621794	156000	0.0	5.3638325	-0.0043188073	-2.410208	0.79352987	0.0073623457	0.052500002	39.0	66426.27832865715
39	-33.31886	16.151974	-12.634	-63.528	464.0	-8.371574	3.816361	-3.512414	-16.96174	160000	-1.4901161e-08	7.5453854	-0.008770332	-4.1960716	0.79534173	0.0043210685	0.118499994	39.0	67500.19727373123
40	-51.5118	52.920265	-15.703	-155.998	484.0	-8.422297	5.647531	-3.4359238	-18.35871	164000	2.9802322e-08	6.5055003	-0.006920552	-3.3168902	0.7936223	0.0065100966	0.0695	39.0	68775.61216568947
41	-88.62679	55.680943	-21.573	-158.998	765.8	-8.307069	2.7912488	-4.5558286	-13.862086	168000	8.940697e-08	16.960209	-0.0043647587	-13.900307	0.79371095	0.0048273313	0.034	39.0	70115.08744215965
42	-63.11467	69.10304	-5.355	-163.019	491.83334	-11.376621	5.143896	-5.2797112	-16.836432	172000	2.2351742e-08	3.6446657	-0.0049300976	-2.0469513	0.777583	0.0047654305	0.03925	39.0	72352.86308765411
43	-117.66499	52.231964	-30.881	-169.474	910.5	-14.46383	4.482188	-5.2878203	-18.090181	176000	0.0	4.800184	-0.0068883747	-3.2536042	0.76954174	0.0067846873	0.06775	39.0	73249.34284543991
44	-45.661835	44.37812	-17.079	-143.829	491.33334	-7.8806815	3.8394692	-2.393456	-13.903292	180000	-1.8626451e-08	6.602957	-0.0049865996	-3.617386	0.7573287	0.0042029433	0.04825	39.0	74627.58379721642
45	-53.640167	54.734684	-10.879	-166.046	561.3333	-9.635453	5.8663807	-2.9231284	-18.271477	184000	1.4901161e-08	2.4928594	-0.008228447	-0.90969193	0.74901503	0.0050409143	0.060999997	39.0	75987.58190202713
46	-41.223854	49.311264	-7.57	-158.864	404.7143	-6.862797	4.913667	-2.0645294	-16.785946	188000	-1.1175871e-08	4.79138	-0.006765462	-2.3002381	0.7537395	0.009253308	0.081	39.0	77220.16178560257
47	-34.768665	33.095142	-5.739	-103.635	423.5	-7.7464466	2.8516557	-2.724125	-18.29488	192000	1.4901161e-08	3.4723816	-0.007404702	-1.9780078	0.75065565	0.0038614008	0.06475	39.0	78504.12276434898
48	-51.404602	48.03511	-14.848	-142.651	601.6	-8.381363	4.472494	-3.157518	-15.950509	196000	0.0	4.4987226	-0.0068916976	-3.586596	0.74658066	0.008253659	0.08624999	39.0	81335.94562149048
49	-35.191284	41.54242	-6.311	-130.631	452.42856	-8.666369	5.8029895	-2.020573	-16.856417	200000	2.2351742e-08	1.5955881	-0.007252138	-0.92106056	0.7475511	0.007832066	0.08175	39.0	83764.29134058952
50	-90.71475	45.940907	-41.703	-137.858	853.75	-10.761215	4.824584	-5.266292	-17.381649	204000	-2.2351742e-08	1.9276758	-0.0069457702	-1.0587394	0.742916	0.008890895	0.0805	39.0	84933.55740594864
51	-36.37814	31.84682	-15.813	-111.039	452.57144	-5.8049335	2.2560384	-2.2458098	-9.832219	208000	2.6077032e-08	4.064126	-0.00903107	-2.4545324	0.73601174	0.0062080324	0.0785	39.0	86257.5317428112
52	-55.4828	33.273518	-17.611	-113.074	668.6	-9.243437	4.1143365	-3.404528	-16.823505	212000	5.2154064e-08	6.423727	-0.006467685	-5.1524177	0.734412	0.0048479754	0.05575	39.0	87905.23060560226
53	-20.989857	5.696227	-10.036	-30.3	327.0	-7.102965	3.5094695	-2.2596135	-14.838911	216000	1.4901161e-08	3.434029	-0.006757005	-1.573663	0.7324913	0.006256907	0.08125	39.0	88886.54731726646
54	-56.937202	44.524887	-17.031	-121.54	616.0	-9.224639	3.7078874	-2.5074003	-14.548127	220000	-1.4901161e-08	1.1215963	-0.006085627	-0.6058508	0.73020864	0.006822666	0.0705	39.0	89548.76099228859
55	-54.785004	31.954609	-8.488	-96.679	697.75	-8.230744	2.6225505	-0.95363986	-12.057011	224000	1.4901161e-08	1.1163976	-0.0062649436	-0.7743701	0.7236878	0.0105753355	0.121249996	39.0	90959.96115899086
56	-17.433445	4.620909	-10.562	-24.892	273.44446	-6.4596906	1.8569783	-2.5392153	-10.974092	228000	-1.1175871e-08	4.0074024	-0.0059049553	-2.7000403	0.7219571	0.006459513	0.0585	39.0	92263.05130887032
57	-34.289433	25.515934	-11.725	-94.757	442.0	-7.729198	4.3334975	-1.4871883	-15.271311	232000	-4.4703484e-08	6.723817	-0.005075282	-5.3509426	0.7237473	0.0089979125	0.05325	39.0	93269.70503425598
58	-53.59367	35.92971	-7.378	-98.006	660.0	-6.453388	2.54076	-1.8467011	-9.600836	236000	2.9802322e-08	2.857153	-0.0061671603	-2.145214	0.7255772	0.004158783	0.08125	39.0	95385.5873029232
59	-26.451334	12.639214	-16.106	-49.533	450.5	-6.8475003	2.192767	-2.2580647	-10.244981	240000	-1.4901161e-08	3.8987308	-0.0070690354	-2.835843	0.7247959	0.007044088	0.093	39.0	97501.90756869316
60	-49.181202	37.123432	-7.145	-104.006	609.6	-7.095069	2.7500236	-1.9032879	-10.307065	244000	0.0	1.6725852	-0.008153196	-1.0240664	0.71910936	0.007909363	0.0735	39.0	99134.36716294289
61	-15.771001	10.862054	-3.997	-34.345	256.6	-7.5816817	2.648842	-0.84308803	-9.963729	248000	-7.450581e-09	1.0964941	-0.0050229877	-0.5424242	0.7097434	0.0057280073	0.041	39.0	100072.2033252716
62	-34.466167	27.904728	-6.692	-87.624	521.3333	-6.440258	2.1649663	-1.2846308	-9.334884	252000	0.0	1.5761834	-0.005077146	-1.1665051	0.70224684	0.00894876	0.0705	39.0	100774.24808049202
63	-19.986168	9.409192	-11.576	-39.34	298.16666	-6.260165	2.4107962	-0.62862587	-9.206241	256000	1.4901161e-08	1.5188447	-0.004567405	-0.7836118	0.6944765	0.0059732352	0.045	39.0	101855.74319815636
64	-36.22643	21.237932	-14.711	-78.706	538.8571	-6.494233	2.136085	-0.6746886	-9.187701	260000	3.7252903e-09	2.1425078	-0.0071612736	-1.5249662	0.69294345	0.0070797983	0.077250004	39.0	103742.70647954941
65	-21.382545	21.445713	-4.347	-84.748	299.72726	-5.0608616	2.1278777	0.053562537	-9.230593	264000	1.8626451e-08	2.6757913	-0.0065777004	-1.9838572	0.6864384	0.007824879	0.06625	39.0	106010.1193151474
66	-18.718859	5.8402143	-12.167	-27.785	279.0	-6.4054847	2.1860006	-1.7559493	-10.480969	268000	-7.450581e-09	1.2359006	-0.006606443	-0.47113135	0.6818975	0.009067042	0.08625001	39.0	107570.56631851196
67	-25.001375	9.856067	-11.038	-42.876	366.25	-5.2604084	2.333217	-0.2278552	-10.034201	272000	0.0	1.0877982	-0.008484162	-0.78614765	0.67437106	0.010536943	0.12325	39.0	108749.20560359955
68	-27.627668	27.753302	-9.04	-89.178	358.66666	-6.937913	2.515024	-0.6746298	-10.235055	276000	3.7252903e-09	1.5476679	-0.0065412596	-1.1242657	0.6700827	0.008249318	0.0655	39.0	109838.12399053574
69	-28.414398	19.162323	-13.779	-81.598	339.6	-4.7578664	2.0670283	-0.32296368	-9.7531595	280000	2.2351742e-08	38.159863	-0.0046876	-16.461594	0.66646713	0.008331186	0.081	39.0	110884.90540742874
70	-27.725668	20.977098	-8.526	-71.874	407.16666	-6.3770757	2.191526	0.04999721	-8.969952	284000	-1.4901161e-08	1.9505192	-0.0066609653	-1.3509927	0.6618526	0.006371843	0.071	39.0	111632.69763946533
71	-21.596779	22.025446	-9.168	-82.988	314.77777	-5.9742217	3.186789	1.4124278	-12.730868	288000	-2.2351742e-08	12.55735	-0.00757239	-11.810949	0.65340716	0.0045507015	0.051	39.0	112849.74391007423
72	-23.891626	10.1117735	-7.166	-38.41	351.875	-4.276726	2.85939	0.18594256	-11.43821	292000	-4.8428774e-08	4.814017	-0.007777944	-3.976734	0.63561255	0.0034226228	0.065	39.0	114209.8473687172
73	-22.236778	14.939291	-11.175	-63.125	347.77777	-5.451404	1.9881682	-0.14009258	-9.895938	296000	-9.313226e-10	1.3937644	-0.00603149	-0.78481525	0.63149744	0.005359753	0.06075	39.0	115588.96404099464
74	-72.05	13.720488	-61.376	-95.561	1000.0	-6.4940195	0.49076462	-5.7939205	-8.078456	300000	-2.9802322e-08	2.0445528	-0.006296672	-1.3880407	0.6254231	0.0055189	0.037	39.0	117489.89375829697
75	-30.836569	26.329077	-11.083	-76.222	441.2857	-6.1389575	2.755722	-0.9448385	-10.131632	304000	-5.9604645e-08	2.514327	-0.006487999	-1.6993111	0.6285452	0.009556451	0.08375	39.0	119482.00523471832
76	-20.091501	3.9878843	-14.146	-24.827	290.66666	-6.6825266	2.3521178	0.28974503	-9.499453	308000	2.2351742e-08	1.5539918	-0.0050232224	-1.0958841	0.6317142	0.006860843	0.063	39.0	120205.0924668312
77	-37.048622	32.261517	-10.95	-119.62	450.625	-5.826552	3.185751	-0.44549462	-10.499826	312000	-1.4901161e-08	4.165439	-0.008247478	-2.7979438	0.62940013	0.008501159	0.09525	39.0	122811.76074123383
78	-23.410667	22.340775	-8.759	-84.578	334.77777	-5.745049	3.1855834	2.2756252	-10.474243	316000	4.4703484e-08	12.07274	-0.007976079	-10.098456	0.6284639	0.005754946	0.082499996	39.0	125738.37058401108
79	-35.0545	30.93806	-10.152	-100.319	440.83334	-5.498578	1.6423655	-2.0615706	-8.44764	320000	-2.9802322e-08	3.1822114	-0.00734642	-1.6871063	0.6329284	0.0024582583	0.0565	39.0	128222.8194155693
80	-22.463501	16.24036	-7.641	-68.432	321.5	-6.186831	2.0676408	-1.8875414	-10.802485	324000	3.7252903e-09	3.4255922	-0.0044455444	-2.2777314	0.62753636	0.00469705	0.06475	39.0	129260.87678599358
81	-16.5797	6.185712	-7.874	-28.798	256.8	-5.1205254	1.6194978	-0.9885051	-8.734977	328000	-1.21071935e-08	1.8009917	-0.0070321094	-0.84965765	0.62131834	0.00811961	0.0795	39.0	130615.92414069176
82	-23.835901	22.782757	-6.428	-87.989	321.4	-5.330666	2.2423413	-0.24880397	-10.978511	332000	4.4703484e-08	3.2781744	-0.0074144043	-2.5989456	0.61514723	0.009118281	0.09424999	39.0	133420.2406756878
83	-21.574778	8.421894	-9.144	-35.226	345.66666	-4.293126	2.1709056	-0.5817729	-9.927275	336000	-1.1175871e-08	3.3141832	-0.008278066	-2.100966	0.6133474	0.0056076	0.08425	39.0	135203.18087863922
84	-21.031181	8.443459	-9.053	-38.702	303.36365	-5.5231037	1.7569115	-2.5524035	-8.944041	340000	7.450581e-09	3.5226758	-0.007298358	-2.319389	0.6154563	0.008584402	0.06775	39.0	136428.32755851746
85	-20.570091	7.7803283	-7.512	-36.072	305.72726	-4.262718	2.2013986	0.19783069	-10.185385	344000	5.9604645e-08	2.1467345	-0.008799467	-1.5831139	0.6088344	0.008957505	0.085	39.0	138515.67359018326
86	-20.591333	5.715907	-14.052	-31.032	300.66666	-5.717962	1.9986429	-0.74815875	-10.89362	348000	4.4703484e-08	1.746955	-0.0077071935	-1.0832882	0.60005236	0.007362622	0.08575	39.0	140431.91549110413
87	-18.569334	6.359537	-10.388	-30.904	279.91666	-4.595705	2.0356014	0.6346377	-9.557857	352000	-1.4901161e-08	1.7538114	-0.006792713	-1.318329	0.5976996	0.0072528673	0.059	39.0	141534.30470323563
88	-17.22046	10.869038	-4.341	-46.83	275.53845	-4.1211	1.7222973	-0.72203815	-8.444467	356000	2.2351742e-08	1.6144075	-0.0075032255	-1.2221731	0.59122944	0.008015387	0.08	39.0	142866.80392861366
89	-23.624126	9.165746	-12.967	-37.785	377.625	-4.59401	2.4000857	3.0214531	-10.737116	360000	0.0	1.3573965	-0.0072699795	-1.0700406	0.59091926	0.006327101	0.062250003	39.0	144262.6686820984
90	-16.43891	7.149671	-5.93	-30.298	244.72728	-4.465344	2.3228195	1.9797105	-9.592842	364000	1.8626451e-09	0.9875004	-0.007279121	-0.5837877	0.5837969	0.006170565	0.08375	39.0	145482.9516236782
91	-16.356153	6.238439	-5.76	-28.742	240.23077	-4.341633	2.1489012	-0.056120932	-10.141486	368000	7.450581e-09	1.5068789	-0.006559538	-1.036733	0.5798343	0.0052856863	0.060250003	39.0	146844.26337003708
92	-20.705456	9.513363	-11.003	-43.945	306.63635	-4.0199523	1.81375	-0.18792693	-8.806073	372000	0.0	1.0747246	-0.0068989396	-0.7519518	0.57301635	0.006349619	0.05475	39.0	148119.35542178154
93	-16.617231	4.2966843	-7.769	-24.323	255.23077	-3.821873	2.0343258	0.33222234	-8.454728	376000	-2.2351742e-08	1.1003357	-0.005754346	-0.7916242	0.5640143	0.0034605307	0.055749997	39.0	149320.66153359413
94	-18.728363	7.48188	-7.662	-34.136	300.0	-4.2816267	1.9283143	0.04400024	-10.0418	380000	-2.2351742e-08	0.6842862	-0.0075110663	-0.4465548	0.559969	0.0031169394	0.08225	39.0	150536.39486193657
95	-14.671214	4.7804823	-5.337	-22.451	234.57143	-3.8128946	1.9373869	0.87258065	-8.426846	384000	-1.1175871e-08	0.46236014	-0.009011547	-0.21491656	0.5516013	0.006692459	0.10175	39.0	151657.8936214447
96	-16.634071	7.1233997	-5.147	-30.193	241.71428	-4.2024307	2.0107646	-0.7370931	-9.283618	388000	2.7939677e-08	0.45372197	-0.008283276	-0.20554957	0.55172914	0.0032578518	0.0785	39.0	153116.49125933647
97	-18.174143	7.0760293	-6.566	-31.431	269.2143	-4.0319185	2.3555539	0.28490806	-10.63476	392000	2.2351742e-08	1.639899	-0.0072751064	-1.2417742	0.53813535	0.009269063	0.072	39.0	154711.66335391998
98	-17.32577	7.422649	-3.477	-33.33	259.15384	-4.524685	1.9986696	-0.39476734	-9.398134	396000	-1.6763806e-08	0.66335535	-0.009152265	-0.49829203	0.53774965	0.008099176	0.0845	39.0	156034.06066322327
99	-14.202374	6.918033	-4.089	-33.224	221.3125	-3.9433832	2.0484776	0.13617344	-8.967186	400000	1.4901161e-08	1.0607629	-0.0064283195	-0.7222924	0.5307639	0.0038077491	0.062	39.0	157558.9213013649
100	-18.488335	10.192649	-7.065	-42.483	264.08334	-3.7917998	2.2090397	1.3188093	-9.411364	404000	-3.7252903e-09	7.29378	-0.0032674447	-5.6970162	0.5294366	0.015293958	0.156	4.0	158587.23530864716
101	-17.542154	7.5263944	-7.518	-29.776	275.69232	-5.0296044	2.4209695	0.664683	-12.788878	408000	1.4901161e-08	4.2966766	-0.0037779845	-4.0347757	0.5292933	0.015845302	0.18075	10.0	160067.8393418789
102	-17.434923	8.438815	-7.535	-38.934	270.84616	-3.1456256	3.603833	6.2366924	-10.385452	412000	-4.4703484e-08	13.3264065	-0.0072493656	-12.429245	0.52763087	0.004985822	0.075	39.0	161743.00301480293
103	-13.638866	3.3758502	-6.39	-18.11	214.2	-3.6393712	1.6997712	0.32290524	-9.510189	416000	-9.313226e-09	1.2271276	-0.0067986194	-0.88116974	0.5260312	0.006128358	0.074	39.0	162674.80966234207
104	-16.059643	4.7638965	-6.96	-22.128	240.64285	-4.172955	2.0145051	-0.21723539	-9.009548	420000	9.313226e-09	0.5677383	-0.010075255	-0.30992693	0.52722967	0.0069621047	0.0935	39.0	163549.82390499115
105	-16.127571	3.4914389	-11.045	-25.959	250.21428	-3.9705563	2.037963	0.7454517	-9.436002	424000	-1.8626451e-08	0.5444426	-0.009773166	-0.32245946	0.51573586	0.0060076313	0.091000006	39.0	164629.1958808899
106	-43.31976	117.63418	-6.581	-513.654	206.29411	-4.1452107	1.9458852	-0.0865652	-8.6874275	428000	-1.8626451e-08	3058.8706	-0.0025777593	-371.22565	0.5101247	-0.00064384297	0.0385	39.0	165446.31536197662
107	-14.566	4.506579	-9.553	-25.935	231.61539	-7.2390027	6.0494375	-0.22793871	-23.599138	432000	0.0	50.50763	-0.0056208707	-46.217434	0.5164675	0.010554869	0.0605	39.0	166552.67410063744
108	-16.132334	5.0433855	-7.871	-26.344	241.33333	-4.4171424	0.63337535	-3.110172	-5.4327326	436000	1.4901161e-08	4.4732046	-0.010184439	-0.9039176	0.51231647	0.006094245	0.084750004	39.0	167392.77941298485
109	-15.771001	6.545399	-7.106	-29.15	248.14285	-4.6210876	1.0785284	-2.4142973	-7.628793	440000	-3.7252903e-09	4.069278	-0.00792446	-2.2183628	0.50215286	0.0069559487	0.059	39.0	168426.4334447384
110	-15.817714	12.416133	-6.994	-56.802	239.5	-4.024067	1.3071021	-0.6552906	-7.1211743	444000	-1.4901161e-08	2.7560048	-0.008638445	-0.98342234	0.49665633	0.0059229555	0.087	39.0	170517.5715587139
111	-13.966933	4.9696503	-6.351	-26.938	214.33333	-4.1408715	1.3766903	-0.7515091	-8.449497	448000	-7.450581e-09	2.1472328	-0.009695876	-0.85004497	0.48867765	0.01103938	0.108500004	39.0	171826.36484265327
112	-15.0142355	4.8031344	-6.507	-23.61	222.88235	-4.3381915	1.3596343	-1.3366382	-8.647826	452000	0.0	2.4980364	-0.008557684	-0.77278674	0.47917712	0.008978946	0.102249995	39.0	172889.58894181252
113	-14.317188	5.4879446	-7.037	-26.817	218.9375	-3.8116286	1.5615125	0.08931103	-8.714957	456000	-7.450581e-09	1.0076157	-0.008927414	-0.42479777	0.4666972	0.005540226	0.06625	39.0	173886.63185024261
114	-16.546934	5.438902	-7.533	-25.69	240.53334	-4.5344844	1.7054234	-0.88044226	-9.522917	460000	8.8475645e-09	1.5084646	-0.0085753575	-0.5046048	0.46056592	0.007662151	0.092	39.0	174666.03813290596
115	-16.049868	7.2181196	-6.273	-29.15	238.4	-3.9386215	1.7724634	-0.098361105	-9.520037	464000	-2.4214387e-08	1.3020457	-0.010434392	-0.57406414	0.45905256	0.00820341	0.083000004	39.0	175589.28315854073
116	-15.483266	6.9679823	-6.907	-31.037	235.66667	-4.107512	2.199819	0.8088628	-10.013347	468000	0.0	1.0397089	-0.008163547	-0.63268876	0.45513645	0.0103245005	0.0765	39.0	176370.873493433
117	-14.132429	5.0736027	-6.841	-24.405	215.21428	-3.8784382	1.9416382	0.5084964	-8.758306	472000	-2.2351742e-08	0.8650924	-0.0035087308	-0.32817784	0.44835803	0.015457253	0.15475	6.0	177905.46061778069
118	-14.441667	3.6898162	-8.824	-21.649	224.13333	-3.8023164	1.8150929	0.35888317	-8.837106	476000	0.0	1.2381487	-0.00815335	-0.56050205	0.4475339	0.003967664	0.070250005	39.0	178886.72662305832
119	-14.671062	6.6644454	-5.391	-32.251	218.5625	-3.926377	1.9305267	-0.060846567	-9.33186	480000	7.450581e-09	1.3341722	-0.009940328	-0.6896019	0.44194844	0.008084808	0.1115	39.0	180131.80023884773
120	-14.033563	4.8495264	-7.435	-23.485	214.875	-3.6208584	1.6292908	-0.19443485	-8.77283	484000	-1.1175871e-08	1.4346023	-0.008596025	-0.32432628	0.43829432	0.009724715	0.088250004	39.0	180930.10859894753
121	-15.474334	5.1367087	-7.929	-27.377	243.16667	-3.7193356	2.0830119	1.7314775	-9.0076885	488000	-1.1175871e-08	1.5143527	-0.0041403696	-0.9766288	0.4382881	0.015509342	0.18974999	5.0	182141.0361788273
122	-14.204267	4.4756074	-6.6	-25.541	223.26666	-3.7618716	1.9486713	0.49206686	-9.120548	492000	-2.2351742e-08	1.7765405	-0.0016298294	-0.7433119	0.43831882	0.01693404	0.23449999	3.0	183007.59077715874
123	-11.028722	4.218947	-4.126	-19.204	180.94444	-3.9069364	2.054056	0.32518184	-9.762858	496000	1.1175871e-08	1.2239597	-0.008030043	-0.55853856	0.4382059	0.0044844453	0.0695	39.0	183839.78405308723
124	-15.469601	4.3145103	-7.159	-22.046	239.33333	-4.163987	2.0389934	-0.16711774	-9.11295	500000	-2.7939677e-08	0.74467695	-0.008341576	-0.50757444	0.42644632	0.008803487	0.09199999	39.0	184826.31983876228
125	-15.236866	5.6582265	-5.388	-23.894	231.0	-4.5126185	1.878692	-0.9791568	-9.671549	504000	5.5879354e-09	1.1148826	-0.010453782	-0.47581577	0.41688222	0.00608897	0.09725	39.0	185551.31852316856
126	-13.384556	5.0320964	-4.667	-22.678	204.16667	-3.4079661	1.8302779	0.9338385	-9.09027	508000	-1.4901161e-08	1.7228537	-0.008419115	-0.760738	0.40415367	0.0014270549	0.06325	39.0	186459.16009116173
127	-13.15325	5.4285364	-7.106	-25.68	212.3125	-3.0993323	2.062642	1.713073	-9.499545	512000	4.0978193e-08	1.6823273	-0.009326004	-0.9260086	0.3983145	0.009717001	0.103999995	39.0	187533.04007673264
128	-14.5615635	5.1547823	-6.883	-23.632	228.0625	-4.120745	2.0777833	0.12661067	-8.9844885	516000	7.450581e-09	1.8798598	-0.006139001	-1.3770089	0.400936	0.0041301334	0.063999996	39.0	188642.02913856506
129	-16.071	6.084092	-6.244	-27.212	236.625	-3.6282828	2.0123937	0.7153184	-9.293502	520000	-1.1175871e-08	1.6461849	-0.0022374843	-1.1271334	0.39841175	0.017581232	0.24199998	4.0	189565.49762797356
130	-16.017427	6.1615024	-7.967	-30.061	246.57143	-4.0777287	1.945121	-0.09409016	-9.814807	524000	-6.519258e-09	0.845301	-0.006692853	-0.4467489	0.39791778	0.0078052944	0.069749996	39.0	190797.60246920586
131	-14.470118	5.520545	-5.253	-23.522	224.76471	-3.8813248	1.7559562	0.21795112	-8.835907	528000	0.0	0.7775779	-0.0100488225	-0.40045664	0.39680663	0.008282063	0.08275	39.0	191748.85571026802
132	-1985.4679	8347.698	-7.08	-37401.637	196.3158	-3.3910105	1.847131	0.7336265	-9.216269	532000	-2.9802322e-08	16648979.0	-0.002674302	-53292.918	0.3939846	-0.0004114724	0.034250002	39.0	192532.15759706497
133	-12.621614	5.612611	-4.347	-22.335	201.76923	-31.708284	8.600269	-16.249378	-40.912014	536000	5.2154064e-08	776.5565	-0.00973182	-689.69183	0.39987436	0.009541649	0.0825	39.0	194314.4754974842
134	-11.91221	4.782354	-5.226	-20.583	194.78947	-5.342944	8.885667	6.6956344	-19.750288	540000	-2.2351742e-08	71.81015	-0.0074049486	-54.6354	0.4012751	0.013886199	0.096499994	39.0	195523.63526201248
135	-13.842294	3.6576524	-7.27	-19.722	212.23529	-5.4434886	3.9039016	0.38185978	-11.754755	544000	7.450581e-09	21.099648	-0.00980103	-11.723598	0.40591666	0.008798361	0.080249995	39.0	196500.62499070168
136	-14.0678	5.084833	-6.637	-27.634	217.6	-3.4806757	1.9817985	0.87885505	-7.3103094	548000	-1.4901161e-08	7.301169	-0.01111473	-3.0761747	0.4025496	0.010593949	0.0995	39.0	198066.43534231186
137	-43.613445	129.48227	-4.694	-576.997	199.0	-3.9126582	1.7385617	-0.3632015	-7.3572154	552000	7.450581e-09	3846.9404	-0.0042228084	-280.6191	0.39363676	-0.0018201169	0.06425	39.0	198846.17852449417
138	-14.2771435	4.0762625	-7.835	-23.757	225.28572	-8.376302	3.7480075	0.7246453	-14.768339	556000	1.4901161e-08	36.285904	-0.010595601	-31.070267	0.38868913	0.008684712	0.1075	39.0	200942.17684531212
139	-14.411715	2.7326813	-9.879	-18.906	220.21428	-4.5321455	2.3156743	0.30435997	-8.329386	560000	0.0	9.887087	-0.009265346	-5.255265	0.3810122	0.008201961	0.0945	39.0	202394.10353779793
140	-14.007882	5.0018077	-6.296	-25.341	215.88235	-3.2912877	1.4442537	-0.4541095	-6.9802623	564000	1.8626451e-09	5.548238	-0.008409865	-1.7268806	0.37719107	0.005398551	0.0555	39.0	203179.18175697327
141	-13.558933	6.4166255	-3.848	-27.653	214.26666	-3.55722	1.7390676	3.3074946	-5.6569986	568000	-1.4901161e-08	6.5983996	-0.00986813	-2.2576501	0.36958134	0.00675695	0.10124999	39.0	203991.32561898232
142	-13.468876	5.1791983	-5.801	-25.223	215.375	-3.6181142	2.1146474	2.1131606	-6.0679803	572000	-6.519258e-09	5.380727	-0.009005645	-1.975424	0.35669234	0.006145939	0.075500004	39.0	204865.83562231064
143	-15.133562	13.146757	-6.826	-64.153	235.3125	-2.957035	1.3760856	-0.13341194	-6.847505	576000	2.9802322e-08	7.6253686	-0.009578323	-4.937666	0.3523268	0.007099449	0.086500004	39.0	207639.39982557297
144	-15.211533	5.254317	-8.144	-29.356	228.26666	-3.956834	0.86963856	-1.7471206	-8.267907	580000	-1.1175871e-08	3.9719665	-0.007338145	-0.8711437	0.34739533	0.0075850645	0.068	39.0	208360.78973674774
145	-14.908501	5.0909066	-5.408	-21.493	224.3125	-3.968948	1.0184637	-1.404665	-6.823293	584000	7.450581e-09	3.9757361	-0.010343853	-0.7466428	0.33782047	0.00716199	0.10700001	39.0	209091.5811328888
146	-12.634111	4.138259	-6.535	-21.065	199.11111	-3.8476772	1.4510763	-1.2370391	-8.595865	588000	-1.1175871e-08	3.5752044	-0.010706555	-1.2284191	0.3318914	0.008163089	0.11825	39.0	209823.33243489265
147	-12.244278	4.7042775	-5.841	-21.173	191.72223	-3.7110107	1.1685883	-0.26237565	-6.414523	592000	-7.450581e-09	3.302359	-0.008750082	-0.37983793	0.33263236	0.005225996	0.0925	39.0	210579.8073632717
148	-13.029834	5.550355	-5.438	-23.464	214.25	-2.697385	2.219775	5.041528	-5.581936	596000	1.4901161e-08	8.08868	-0.0049989745	-5.6345863	0.32261053	0.004953106	0.071	39.0	212422.08899331093
149	-12.5865	5.053302	-6.888	-25.029	195.83333	-4.0876713	1.0302001	-0.9058366	-7.809125	600000	-7.450581e-09	3.373477	-0.010858245	-1.1091264	0.31590214	0.009892657	0.1	39.0	213168.7373943329
150	-14.619667	5.1660485	-5.789	-22.294	223.5	-3.351083	1.3930038	1.2458185	-6.065904	604000	-1.4901161e-08	4.9267516	-0.0065690167	-1.7741401	0.3094707	0.007738278	0.073249996	39.0	214947.78234171867
151	-12.513154	5.9569793	-4.204	-23.11	201.6923	-4.073378	1.5563502	0.4329828	-8.280621	608000	3.7252903e-09	2.9459355	-0.009041145	-1.0186226	0.308208	0.0075791324	0.09424999	39.0	216825.5445752144
152	-13.929471	2.782429	-8.633	-17.934	216.23529	-3.6033897	1.3759545	0.5567266	-7.1637745	612000	-1.5832484e-08	4.0868425	-0.007538532	-1.2455856	0.30526257	0.0061273733	0.057000004	39.0	217635.35397815704
153	-12.562706	5.548162	-4.423	-26.455	199.70589	-3.2345526	1.3667223	0.32741243	-6.0700965	616000	-1.3038516e-08	3.1879413	-0.008018753	-0.8660106	0.3063742	0.005829167	0.076000005	39.0	218878.01744556427
154	-11.527375	4.4381404	-4.261	-21.837	187.875	-3.6735399	1.2983171	-0.19175982	-8.467509	620000	0.0	3.123271	-0.0070958384	-0.8541945	0.30498877	0.0046450626	0.06775	39.0	219897.95952415466
155	-14.440334	5.900611	-3.586	-24.924	229.2	-3.3244677	2.1454177	2.238347	-6.821316	624000	1.4901161e-08	5.969513	-0.007746027	-3.0119696	0.298627	0.0074570244	0.08275	39.0	220937.02671694756
156	-14.885771	5.007999	-7.109	-25.586	227.6923	-3.6411133	1.3792886	0.13533276	-8.596447	628000	0.0	3.9464657	-0.010984145	-1.2007651	0.2995886	0.009814778	0.095249996	39.0	222795.21941137314
157	-20.7173	15.58886	-9.619	-66.035	319.3	-3.9027748	0.86123455	-2.4274464	-8.483162	632000	-7.450581e-09	5.1451597	-0.007471243	-2.2981365	0.29913735	0.004147481	0.096	39.0	225597.57528042793
158	-12.724948	5.017545	-5.919	-26.15	197.42105	-3.8762357	0.8695638	-0.88588065	-5.930518	636000	-7.450581e-09	3.6916547	-0.0077168625	-0.955328	0.29198337	0.0052136816	0.063250005	39.0	226624.48212122917
159	-11.657412	5.2478843	-5.905	-29.21	186.64706	-3.3866515	1.1327342	-0.1060735	-7.658955	640000	1.4901161e-08	4.322235	-0.009643957	-2.793304	0.28683135	0.004428468	0.07075	39.0	228059.19648361206
160	-12.374589	3.7008054	-6.681	-21.565	204.35294	-3.48235	2.1327734	2.2525563	-9.161996	644000	2.2351742e-08	3.7242675	-0.009205004	-1.8380044	0.27809307	0.009242182	0.073	39.0	229040.28739500046
161	-14.36725	4.4344683	-5.4	-24.833	228.4375	-3.3478842	1.5990006	1.983088	-6.522085	648000	-2.6077032e-08	4.0119705	-0.007790624	-1.5679075	0.277381	0.008389139	0.090749994	39.0	230078.25442123413
162	-11.974889	6.7503734	-5.325	-28.17	191.5	-3.4453793	1.3154885	0.018383801	-6.7076917	652000	5.5879354e-09	2.47289	-0.0055180225	-0.5904241	0.27210644	0.01163584	0.0785	39.0	230980.08713173866
163	-21.2259	17.579878	-7.606	-71.438	311.1	-4.4543023	1.2353324	-1.3498592	-9.910732	656000	-4.4703484e-08	3.498279	-0.0082128635	-1.2594742	0.26660642	0.008698242	0.093	39.0	233896.60077309608
164	-13.202588	4.0947347	-6.707	-20.717	206.76471	-3.5166948	1.4924828	0.39705658	-9.541801	660000	1.4901161e-08	3.6201248	-0.00819383	-1.1852257	0.26206708	0.0068094246	0.072	39.0	234629.38919329643
165	-13.334867	5.1770453	-4.539	-22.933	207.46666	-3.5062892	1.2445118	0.5563752	-6.4924593	664000	-2.9802322e-08	5.6361647	-0.008298084	-1.8448838	0.2590993	0.01592145	0.18175	17.0	237040.4176106453
166	-11.722684	4.5276966	-4.95	-23.767	194.63158	-3.6338918	1.3851743	-0.04645419	-8.541361	668000	3.7252903e-09	2.2651362	-0.008860304	-0.7419331	0.2548747	0.006360936	0.092999995	39.0	238108.21219205856
167	-12.258857	3.9751496	-6.904	-18.979	201.28572	-4.0023913	1.420477	-0.36148548	-9.949841	672000	9.313226e-09	2.5095677	-0.007943083	-0.5835986	0.24895354	0.008626233	0.088750005	39.0	240094.47129011154
168	-15.784937	5.5887136	-5.924	-25.321	238.5	-3.4584734	1.6146954	-0.3045386	-9.710041	676000	1.4901161e-08	2.7998652	-0.008257086	-0.7428292	0.24742684	0.00946448	0.10175	39.0	240792.70549821854
169	-11.916412	4.462188	-6.572	-24.343	190.82353	-3.6080487	1.464424	-0.022889435	-9.612721	680000	-1.3038516e-08	1.6704514	-0.00809673	-0.4654466	0.23622794	0.0064194687	0.07325	39.0	242190.18726611137
170	-11.917101	4.879372	-3.094	-20.971	186.75	-3.0599575	1.4159602	0.5730899	-6.791631	684000	2.2351742e-08	1.347722	-0.0092572	-0.3738278	0.22655894	0.008630469	0.080749996	39.0	242802.45687270164
171	-12.719687	4.44011	-3.783	-20.612	202.5625	-3.3699195	1.509942	-0.15135628	-8.054895	688000	0.0	1.7487632	-0.009527307	-0.42135257	0.2179397	0.008455283	0.103	39.0	243499.50766730309
172	-12.018287	4.6219816	-4.95	-21.472	192.0	-3.4826214	1.3422968	-0.23173106	-8.481849	692000	-2.0489097e-08	2.631475	-0.006738011	-1.2364213	0.20608203	0.0054899487	0.09725	39.0	245735.25037622452
173	-11.327579	4.038716	-5.099	-20.612	184.47368	-3.76432	1.4728249	-0.6938159	-8.984396	696000	2.6077032e-08	1.5609788	-0.0073374305	-0.3582316	0.20466267	0.0046512205	0.062	39.0	246616.12491869926
174	-10.901167	4.29862	-5.797	-19.915	184.33333	-3.6532931	1.4121356	-0.6539365	-7.5682445	700000	0.0	1.9245036	-0.006961097	-0.39981592	0.20558536	0.0064729075	0.0755	39.0	247437.89333343506
175	-11.871125	5.752111	-4.42	-24.081	191.625	-3.5952926	2.1620457	2.749903	-10.40808	704000	-1.7229468e-08	3.4588957	-0.009684831	-1.520708	0.19620696	0.0070794346	0.09275	39.0	248829.217815876
